xflr5 v6.47

 Calculated polar for: NACA 23015

 1 1 Reynolds number fixed          Mach number fixed         

 xtrf =   1.000 (top)        1.000 (bottom)
 Mach =   0.000     Re =     1.000 e 6     Ncrit =   5.000

  alpha     CL        CD       CDp       Cm    Top Xtr Bot Xtr   Cpmin    Chinge    XCp    
 ------- -------- --------- --------- -------- ------- ------- -------- --------- ---------
 -15.000  -1.2705   0.02801   0.02297  -0.0471  1.0000  0.0147  -10.0876   0.0000   0.1936
 -14.800  -1.2621   0.02709   0.02199  -0.0462  1.0000  0.0148  -9.9409   0.0000   0.1944
 -14.600  -1.2532   0.02623   0.02107  -0.0453  1.0000  0.0148  -9.7911   0.0000   0.1952
 -14.400  -1.2438   0.02543   0.02023  -0.0442  1.0000  0.0149  -9.6389   0.0000   0.1961
 -14.200  -1.2339   0.02470   0.01944  -0.0432  1.0000  0.0150  -9.4840   0.0000   0.1971
 -14.000  -1.2243   0.02397   0.01866  -0.0420  1.0000  0.0151  -9.3318   0.0000   0.1981
 -13.800  -1.2164   0.02314   0.01779  -0.0405  1.0000  0.0152  -9.1932   0.0000   0.1994
 -13.600  -1.2073   0.02243   0.01703  -0.0391  1.0000  0.0154  -9.0460   0.0000   0.2007
 -13.400  -1.1971   0.02181   0.01638  -0.0376  1.0000  0.0156  -8.8922   0.0000   0.2019
 -13.200  -1.1864   0.02126   0.01579  -0.0362  1.0000  0.0158  -8.7348   0.0000   0.2031
 -13.000  -1.1753   0.02075   0.01526  -0.0347  1.0000  0.0160  -8.5759   0.0000   0.2044
 -12.800  -1.1642   0.02029   0.01477  -0.0331  1.0000  0.0161  -8.4174   0.0000   0.2059
 -12.600  -1.1534   0.01987   0.01432  -0.0313  1.0000  0.0163  -8.2605   0.0000   0.2074
 -12.400  -1.1425   0.01947   0.01390  -0.0295  1.0000  0.0165  -8.1105   0.0000   0.2090
 -12.200  -1.1304   0.01909   0.01349  -0.0279  1.0000  0.0166  -7.9588   0.0000   0.2104
 -12.000  -1.1178   0.01872   0.01310  -0.0263  1.0000  0.0168  -7.8065   0.0000   0.2119
 -11.800  -1.1056   0.01838   0.01273  -0.0246  1.0000  0.0170  -7.6570   0.0000   0.2134
 -11.600  -1.0939   0.01804   0.01237  -0.0227  1.0000  0.0172  -7.5105   0.0000   0.2151
 -11.400  -1.0823   0.01773   0.01203  -0.0208  1.0000  0.0174  -7.3658   0.0000   0.2169
 -11.200  -1.0710   0.01742   0.01170  -0.0189  1.0000  0.0176  -7.2235   0.0000   0.2188
 -11.000  -1.0520   0.01707   0.01132  -0.0185  0.9991  0.0178  -7.0496   0.0000   0.2191
 -10.800  -1.0282   0.01669   0.01091  -0.0191  0.9977  0.0180  -6.8572   0.0000   0.2183
 -10.600  -1.0046   0.01633   0.01052  -0.0196  0.9959  0.0182  -6.6677   0.0000   0.2176
 -10.400  -0.9805   0.01598   0.01015  -0.0202  0.9942  0.0184  -6.4778   0.0000   0.2167
 -10.200  -0.9566   0.01557   0.00972  -0.0208  0.9926  0.0187  -6.2928   0.0000   0.2157
 -10.000  -0.9336   0.01518   0.00933  -0.0212  0.9900  0.0192  -6.1122   0.0000   0.2149
  -9.800  -0.9096   0.01485   0.00899  -0.0218  0.9878  0.0196  -5.9270   0.0000   0.2139
  -9.600  -0.8867   0.01454   0.00869  -0.0220  0.9843  0.0200  -5.7485   0.0000   0.2132
  -9.400  -0.8631   0.01425   0.00839  -0.0225  0.9811  0.0204  -5.5699   0.0000   0.2122
  -9.200  -0.8407   0.01396   0.00809  -0.0226  0.9767  0.0208  -5.3987   0.0000   0.2115
  -9.000  -0.8174   0.01368   0.00779  -0.0229  0.9726  0.0212  -5.2265   0.0000   0.2105
  -8.800  -0.7960   0.01342   0.00751  -0.0227  0.9667  0.0216  -5.0635   0.0000   0.2101
  -8.600  -0.7745   0.01318   0.00724  -0.0226  0.9607  0.0219  -4.9020   0.0000   0.2097
  -8.400  -0.7532   0.01294   0.00698  -0.0224  0.9540  0.0222  -4.7435   0.0000   0.2093
  -8.200  -0.7332   0.01268   0.00670  -0.0219  0.9461  0.0226  -4.5922   0.0000   0.2093
  -8.000  -0.7135   0.01243   0.00643  -0.0214  0.9374  0.0231  -4.4429   0.0000   0.2094
  -7.800  -0.6936   0.01221   0.00620  -0.0208  0.9282  0.0237  -4.2940   0.0000   0.2094
  -7.600  -0.6736   0.01201   0.00598  -0.0203  0.9182  0.0242  -4.1503   0.0000   0.2095
  -7.400  -0.6535   0.01182   0.00576  -0.0197  0.9076  0.0247  -4.0144   0.0000   0.2095
  -7.200  -0.6333   0.01165   0.00555  -0.0192  0.8963  0.0253  -3.8798   0.0000   0.2095
  -7.000  -0.6129   0.01150   0.00535  -0.0188  0.8843  0.0259  -3.7461   0.0000   0.2094
  -6.800  -0.5923   0.01136   0.00516  -0.0183  0.8716  0.0264  -3.6135   0.0000   0.2092
  -6.600  -0.5722   0.01118   0.00494  -0.0178  0.8582  0.0273  -3.4850   0.0000   0.2091
  -6.400  -0.5517   0.01103   0.00475  -0.0173  0.8442  0.0280  -3.3560   0.0000   0.2089
  -6.200  -0.5311   0.01090   0.00457  -0.0169  0.8296  0.0288  -3.2283   0.0000   0.2086
  -6.000  -0.5103   0.01078   0.00440  -0.0165  0.8145  0.0296  -3.1021   0.0000   0.2081
  -5.800  -0.4893   0.01068   0.00424  -0.0162  0.7989  0.0304  -2.9774   0.0000   0.2076
  -5.600  -0.4682   0.01058   0.00408  -0.0158  0.7826  0.0311  -2.8545   0.0000   0.2069
  -5.400  -0.4474   0.01046   0.00391  -0.0154  0.7655  0.0321  -2.7338   0.0000   0.2062
  -5.200  -0.4264   0.01037   0.00377  -0.0151  0.7471  0.0333  -2.6139   0.0000   0.2054
  -5.000  -0.4055   0.01032   0.00363  -0.0147  0.7234  0.0345  -2.4960   0.0000   0.2046
  -4.800  -0.3847   0.01030   0.00350  -0.0143  0.6956  0.0356  -2.3842   0.0000   0.2036
  -4.600  -0.3640   0.01024   0.00337  -0.0139  0.6690  0.0371  -2.2791   0.0000   0.2026
  -4.400  -0.3427   0.01019   0.00325  -0.0137  0.6486  0.0386  -2.1741   0.0000   0.2010
  -4.200  -0.3212   0.01013   0.00314  -0.0134  0.6318  0.0401  -2.0702   0.0000   0.1991
  -4.000  -0.2996   0.01008   0.00303  -0.0132  0.6155  0.0416  -1.9679   0.0000   0.1968
  -3.800  -0.2781   0.01001   0.00293  -0.0130  0.5992  0.0436  -1.8669   0.0000   0.1941
  -3.600  -0.2563   0.00997   0.00283  -0.0128  0.5835  0.0458  -1.7672   0.0000   0.1907
  -3.400  -0.2346   0.00991   0.00274  -0.0126  0.5679  0.0483  -1.6692   0.0000   0.1868
  -3.200  -0.2129   0.00987   0.00266  -0.0124  0.5517  0.0511  -1.5728   0.0000   0.1820
  -3.000  -0.1911   0.00983   0.00258  -0.0123  0.5358  0.0539  -1.4815   0.0000   0.1760
  -2.800  -0.1693   0.00980   0.00250  -0.0121  0.5211  0.0572  -1.3954   0.0000   0.1684
  -2.600  -0.1475   0.00976   0.00243  -0.0119  0.5059  0.0614  -1.3107   0.0000   0.1586
  -2.400  -0.1257   0.00973   0.00237  -0.0118  0.4901  0.0664  -1.2275   0.0000   0.1453
  -2.200  -0.1039   0.00970   0.00231  -0.0116  0.4745  0.0722  -1.1458   0.0000   0.1265
  -2.000  -0.0821   0.00967   0.00225  -0.0115  0.4604  0.0792  -1.0654   0.0000   0.0974
  -1.800  -0.0604   0.00962   0.00219  -0.0113  0.4461  0.0895  -0.9877   0.0000   0.0480
  -1.600  -0.0390   0.00956   0.00213  -0.0111  0.4312  0.1060  -0.9170   0.0000  -0.0537
  -1.400  -0.0184   0.00941   0.00205  -0.0108  0.4164  0.1407  -0.8491   0.0000  -0.3710
  -1.200  -0.0032   0.00863   0.00183  -0.0098  0.4038  0.3099  -0.7923   0.0000  -2.9905
  -1.000   0.0168   0.00840   0.00177  -0.0094  0.3912  0.3682  -0.7274   0.0000   0.8285
  -0.800   0.0374   0.00827   0.00174  -0.0091  0.3780  0.4115  -0.7012   0.0000   0.4972
  -0.600   0.0584   0.00819   0.00172  -0.0089  0.3643  0.4467  -0.7280   0.0000   0.4013
  -0.400   0.0794   0.00812   0.00171  -0.0086  0.3508  0.4804  -0.7551   0.0000   0.3560
  -0.200   0.1007   0.00808   0.00171  -0.0084  0.3385  0.5098  -0.7825   0.0000   0.3298
   0.000   0.1221   0.00804   0.00172  -0.0082  0.3274  0.5377  -0.8101   0.0000   0.3128
   0.200   0.1435   0.00802   0.00173  -0.0080  0.3162  0.5646  -0.8391   0.0000   0.3008
   0.400   0.1649   0.00800   0.00175  -0.0077  0.3050  0.5906  -0.8683   0.0000   0.2919
   0.600   0.1862   0.00799   0.00177  -0.0075  0.2945  0.6177  -0.8977   0.0000   0.2849
   0.800   0.2073   0.00797   0.00181  -0.0072  0.2852  0.6484  -0.9271   0.0000   0.2791
   1.000   0.2285   0.00793   0.00184  -0.0069  0.2772  0.6782  -0.9568   0.0000   0.2744
   1.200   0.2503   0.00796   0.00188  -0.0068  0.2694  0.6960  -0.9882   0.0000   0.2709
   1.600   0.2944   0.00805   0.00196  -0.0065  0.2547  0.7220  -1.0525   0.0000   0.2657
   1.800   0.3163   0.00810   0.00201  -0.0064  0.2487  0.7351  -1.0850   0.0000   0.2636
   2.000   0.3385   0.00813   0.00206  -0.0063  0.2436  0.7483  -1.1177   0.0000   0.2618
   2.400   0.3825   0.00823   0.00218  -0.0061  0.2337  0.7747  -1.1863   0.0000   0.2587
   2.600   0.4044   0.00828   0.00224  -0.0059  0.2289  0.7879  -1.2210   0.0000   0.2574
   3.000   0.4484   0.00838   0.00238  -0.0057  0.2217  0.8137  -1.2913   0.0000   0.2551
   3.200   0.4702   0.00844   0.00245  -0.0055  0.2179  0.8263  -1.3278   0.0000   0.2540
   3.400   0.4920   0.00850   0.00253  -0.0054  0.2145  0.8384  -1.3649   0.0000   0.2530
   3.600   0.5139   0.00856   0.00261  -0.0052  0.2114  0.8503  -1.4025   0.0000   0.2520
   3.800   0.5356   0.00862   0.00270  -0.0050  0.2083  0.8618  -1.4401   0.0000   0.2511
   4.000   0.5572   0.00871   0.00279  -0.0048  0.2054  0.8728  -1.4778   0.0000   0.2503
   4.200   0.5790   0.00878   0.00288  -0.0047  0.2029  0.8833  -1.5173   0.0000   0.2495
   4.400   0.6008   0.00885   0.00298  -0.0045  0.2001  0.8935  -1.5574   0.0000   0.2487
   4.600   0.6223   0.00894   0.00307  -0.0043  0.1972  0.9032  -1.5976   0.0000   0.2480
   4.800   0.6438   0.00905   0.00318  -0.0041  0.1946  0.9126  -1.6378   0.0000   0.2472
   5.000   0.6654   0.00913   0.00329  -0.0039  0.1925  0.9211  -1.6789   0.0000   0.2465
   5.200   0.6871   0.00923   0.00339  -0.0037  0.1900  0.9290  -1.7218   0.0000   0.2459
   5.400   0.7086   0.00933   0.00350  -0.0035  0.1873  0.9367  -1.7648   0.0000   0.2453
   5.600   0.7301   0.00946   0.00362  -0.0033  0.1848  0.9441  -1.8081   0.0000   0.2447
   5.800   0.7521   0.00958   0.00374  -0.0033  0.1828  0.9502  -1.8521   0.0000   0.2443
   6.000   0.7743   0.00968   0.00386  -0.0032  0.1806  0.9564  -1.8984   0.0000   0.2439
   6.200   0.7969   0.00981   0.00398  -0.0033  0.1781  0.9618  -1.9458   0.0000   0.2437
   6.400   0.8197   0.00995   0.00411  -0.0035  0.1755  0.9665  -1.9937   0.0000   0.2436
   6.600   0.8425   0.01010   0.00425  -0.0036  0.1733  0.9713  -2.0418   0.0000   0.2434
   6.800   0.8667   0.01022   0.00438  -0.0041  0.1713  0.9748  -2.0942   0.0000   0.2437
   7.000   0.8905   0.01036   0.00451  -0.0045  0.1689  0.9785  -2.1465   0.0000   0.2438
   7.200   0.9147   0.01051   0.00466  -0.0050  0.1664  0.9816  -2.1997   0.0000   0.2440
   7.400   0.9394   0.01069   0.00482  -0.0057  0.1641  0.9841  -2.2550   0.0000   0.2443
   7.600   0.9632   0.01083   0.00497  -0.0061  0.1621  0.9872  -2.3109   0.0000   0.2444
   7.800   0.9893   0.01099   0.00512  -0.0071  0.1597  0.9886  -2.3701   0.0000   0.2449
   8.000   1.0150   0.01116   0.00529  -0.0080  0.1573  0.9902  -2.4308   0.0000   0.2454
   8.200   1.0399   0.01135   0.00547  -0.0087  0.1548  0.9921  -2.4920   0.0000   0.2457
   8.400   1.0652   0.01152   0.00564  -0.0096  0.1526  0.9936  -2.5544   0.0000   0.2460
   8.600   1.0911   0.01168   0.00582  -0.0105  0.1504  0.9948  -2.6207   0.0000   0.2464
   8.800   1.1162   0.01187   0.00600  -0.0113  0.1479  0.9962  -2.6868   0.0000   0.2466
   9.000   1.1409   0.01208   0.00620  -0.0121  0.1453  0.9976  -2.7550   0.0000   0.2468
   9.200   1.1662   0.01227   0.00640  -0.0129  0.1431  0.9986  -2.8255   0.0000   0.2471
   9.400   1.1913   0.01245   0.00659  -0.0138  0.1408  0.9998  -2.8996   0.0000   0.2472
   9.600   1.2086   0.01263   0.00677  -0.0130  0.1384  1.0000  -2.9627   0.0000   0.2461
   9.800   1.2235   0.01282   0.00696  -0.0117  0.1362  1.0000  -3.0244   0.0000   0.2446
  10.000   1.2388   0.01301   0.00714  -0.0104  0.1341  1.0000  -3.0900   0.0000   0.2432
  10.200   1.2547   0.01317   0.00733  -0.0093  0.1321  1.0000  -3.1595   0.0000   0.2419
  10.400   1.2703   0.01337   0.00752  -0.0082  0.1296  1.0000  -3.2319   0.0000   0.2406
  10.600   1.2854   0.01359   0.00774  -0.0070  0.1271  1.0000  -3.3068   0.0000   0.2393
  10.800   1.3013   0.01380   0.00796  -0.0059  0.1249  1.0000  -3.3878   0.0000   0.2381
  11.000   1.3176   0.01401   0.00818  -0.0050  0.1224  1.0000  -3.4726   0.0000   0.2370
  11.200   1.3335   0.01426   0.00843  -0.0040  0.1195  1.0000  -3.5603   0.0000   0.2359
  11.400   1.3493   0.01453   0.00870  -0.0031  0.1169  1.0000  -3.6497   0.0000   0.2349
  11.600   1.3658   0.01477   0.00895  -0.0022  0.1143  1.0000  -3.7461   0.0000   0.2339
  11.800   1.3815   0.01505   0.00924  -0.0013  0.1113  1.0000  -3.8411   0.0000   0.2329
  12.000   1.3966   0.01537   0.00955  -0.0003  0.1085  1.0000  -3.9378   0.0000   0.2318
  12.200   1.4120   0.01564   0.00984   0.0007  0.1059  1.0000  -4.0397   0.0000   0.2308
  12.400   1.4253   0.01596   0.01016   0.0020  0.1029  1.0000  -4.1368   0.0000   0.2295
  12.600   1.4380   0.01631   0.01052   0.0033  0.1002  1.0000  -4.2330   0.0000   0.2283
  12.800   1.4516   0.01664   0.01087   0.0045  0.0974  1.0000  -4.3340   0.0000   0.2271
  13.000   1.4640   0.01705   0.01128   0.0058  0.0944  1.0000  -4.4368   0.0000   0.2259
  13.200   1.4766   0.01747   0.01170   0.0070  0.0917  1.0000  -4.5411   0.0000   0.2247
  13.400   1.4893   0.01789   0.01214   0.0081  0.0887  1.0000  -4.6465   0.0000   0.2237
  13.600   1.5005   0.01842   0.01267   0.0094  0.0858  1.0000  -4.7475   0.0000   0.2225
  13.800   1.5127   0.01890   0.01317   0.0105  0.0831  1.0000  -4.8528   0.0000   0.2214
  14.000   1.5234   0.01948   0.01376   0.0116  0.0798  1.0000  -4.9545   0.0000   0.2203
  14.200   1.5337   0.02010   0.01438   0.0128  0.0771  1.0000  -5.0614   0.0000   0.2192
  14.400   1.5443   0.02071   0.01502   0.0138  0.0743  1.0000  -5.1699   0.0000   0.2182
  14.600   1.5529   0.02148   0.01580   0.0150  0.0715  1.0000  -5.2716   0.0000   0.2171
  14.800   1.5625   0.02221   0.01655   0.0160  0.0689  1.0000  -5.3778   0.0000   0.2161
  15.000   1.5701   0.02309   0.01745   0.0170  0.0658  1.0000  -5.4770   0.0000   0.2151
  15.200   1.5774   0.02403   0.01842   0.0180  0.0632  1.0000  -5.5755   0.0000   0.2141
  15.400   1.5844   0.02502   0.01943   0.0189  0.0605  1.0000  -5.6736   0.0000   0.2132
  15.800   1.5962   0.02731   0.02178   0.0204  0.0561  1.0000  -5.8612   0.0000   0.2114
  16.000   1.6010   0.02861   0.02312   0.0210  0.0539  1.0000  -5.9513   0.0000   0.2106
  16.200   1.6036   0.03016   0.02469   0.0216  0.0519  1.0000  -6.0379   0.0000   0.2098
  16.400   1.6078   0.03163   0.02621   0.0219  0.0499  1.0000  -6.1309   0.0000   0.2091
  16.600   1.6092   0.03339   0.02801   0.0222  0.0479  1.0000  -6.2125   0.0000   0.2085
  16.800   1.6087   0.03544   0.03010   0.0224  0.0461  1.0000  -6.2843   0.0000   0.2079
  17.000   1.6096   0.03741   0.03213   0.0223  0.0444  1.0000  -6.3625   0.0000   0.2074
  17.200   1.6081   0.03968   0.03446   0.0222  0.0428  1.0000  -6.4297   0.0000   0.2070
  17.400   1.6038   0.04234   0.03717   0.0218  0.0414  1.0000  -6.4827   0.0000   0.2066
  17.600   1.5998   0.04505   0.03995   0.0213  0.0402  1.0000  -6.5367   0.0000   0.2063
  17.800   1.5956   0.04787   0.04284   0.0207  0.0392  1.0000  -6.5886   0.0000   0.2062
  18.000   1.5890   0.05104   0.04609   0.0199  0.0382  1.0000  -6.6276   0.0000   0.2061
  18.200   1.5796   0.05464   0.04976   0.0189  0.0372  1.0000  -6.6525   0.0000   0.2061
  18.400   1.5676   0.05868   0.05389   0.0176  0.0364  1.0000  -6.6620   0.0000   0.2062
  18.800   1.5393   0.06753   0.06293   0.0145  0.0352  1.0000  -6.6545   0.0000   0.2069
  19.000   1.5234   0.07232   0.06783   0.0128  0.0348  1.0000  -6.6387   0.0000   0.2073
  19.200   1.5051   0.07752   0.07313   0.0108  0.0343  1.0000  -6.6078   0.0000   0.2080
  19.400   1.4845   0.08310   0.07882   0.0087  0.0339  1.0000  -6.5621   0.0000   0.2087
  19.600   1.4623   0.08902   0.08484   0.0063  0.0336  1.0000  -6.5048   0.0000   0.2097
  19.800   1.4388   0.09520   0.09114   0.0038  0.0332  1.0000  -6.4369   0.0000   0.2108
  20.000   1.4145   0.10157   0.09761   0.0012  0.0329  1.0000  -6.3608   0.0000   0.2121
  20.200   1.3913   0.10789   0.10404  -0.0016  0.0326  1.0000  -6.2867   0.0000   0.2135
  20.400   1.3684   0.11425   0.11049  -0.0044  0.0322  1.0000  -6.2105   0.0000   0.2151
  20.600   1.3473   0.12037   0.11669  -0.0072  0.0318  1.0000  -6.1408   0.0000   0.2167
  20.800   1.3273   0.12642   0.12283  -0.0101  0.0313  1.0000  -6.0737   0.0000   0.2184
  21.000   1.3099   0.13216   0.12864  -0.0130  0.0308  1.0000  -6.0177   0.0000   0.2202
  21.200   1.2980   0.13704   0.13359  -0.0155  0.0303  1.0000  -5.9926   0.0000   0.2217
  21.400   1.2862   0.14192   0.13853  -0.0181  0.0298  1.0000  -5.9655   0.0000   0.2233
  21.600   1.2755   0.14665   0.14332  -0.0207  0.0292  1.0000  -5.9432   0.0000   0.2249
  21.800   1.2668   0.15111   0.14783  -0.0232  0.0284  1.0000  -5.9303   0.0000   0.2265
  22.000   1.2568   0.15586   0.15262  -0.0259  0.0277  1.0000  -5.9065   0.0000   0.2283
  22.200   1.2478   0.16052   0.15732  -0.0287  0.0270  1.0000  -5.8852   0.0000   0.2302
  22.400   1.2405   0.16488   0.16172  -0.0314  0.0263  1.0000  -5.8738   0.0000   0.2320
  22.600   1.2363   0.16871   0.16559  -0.0338  0.0258  1.0000  -5.8820   0.0000   0.2335
  22.800   1.2328   0.17239   0.16932  -0.0362  0.0251  1.0000  -5.8982   0.0000   0.2349
  23.000   1.2287   0.17620   0.17316  -0.0386  0.0244  1.0000  -5.9082   0.0000   0.2365
  23.200   1.2244   0.18011   0.17710  -0.0412  0.0237  1.0000  -5.9136   0.0000   0.2382
  23.400   1.2203   0.18401   0.18103  -0.0439  0.0230  1.0000  -5.9189   0.0000   0.2400
  23.600   1.2155   0.18809   0.18515  -0.0467  0.0223  1.0000  -5.9157   0.0000   0.2419
  23.800   1.2157   0.19118   0.18827  -0.0489  0.0219  1.0000  -5.9530   0.0000   0.2431
  24.000   1.2144   0.19458   0.19171  -0.0513  0.0214  1.0000  -5.9755   0.0000   0.2446
  24.200   1.2140   0.19783   0.19499  -0.0537  0.0208  1.0000  -6.0043   0.0000   0.2460
  24.400   1.2136   0.20107   0.19825  -0.0561  0.0203  1.0000  -6.0328   0.0000   0.2475
  24.600   1.2115   0.20471   0.20193  -0.0587  0.0197  1.0000  -6.0434   0.0000   0.2492
  24.800   1.2104   0.20816   0.20539  -0.0613  0.0192  1.0000  -6.0615   0.0000   0.2508
  25.000   1.2088   0.21175   0.20901  -0.0641  0.0186  1.0000  -6.0722   0.0000   0.2526


