xflr5 v6.47

 Calculated polar for: NACA 23015

 1 1 Reynolds number fixed          Mach number fixed         

 xtrf =   1.000 (top)        1.000 (bottom)
 Mach =   0.000     Re =     1.200 e 6     Ncrit =   5.000

  alpha     CL        CD       CDp       Cm    Top Xtr Bot Xtr   Cpmin    Chinge    XCp    
 ------- -------- --------- --------- -------- ------- ------- -------- --------- ---------
 -15.000  -1.3022   0.02548   0.02049  -0.0450  1.0000  0.0141  -10.3266   0.0000   0.1962
 -14.800  -1.2925   0.02472   0.01969  -0.0440  1.0000  0.0142  -10.1670   0.0000   0.1971
 -14.600  -1.2824   0.02401   0.01893  -0.0430  1.0000  0.0144  -10.0061   0.0000   0.1980
 -14.400  -1.2720   0.02333   0.01821  -0.0418  1.0000  0.0145  -9.8446   0.0000   0.1989
 -14.200  -1.2613   0.02270   0.01753  -0.0406  1.0000  0.0146  -9.6816   0.0000   0.1999
 -14.000  -1.2502   0.02211   0.01690  -0.0394  1.0000  0.0147  -9.5173   0.0000   0.2009
 -13.800  -1.2389   0.02156   0.01631  -0.0381  1.0000  0.0147  -9.3519   0.0000   0.2020
 -13.600  -1.2273   0.02104   0.01575  -0.0368  1.0000  0.0148  -9.1860   0.0000   0.2031
 -13.400  -1.2155   0.02056   0.01523  -0.0354  1.0000  0.0149  -9.0198   0.0000   0.2042
 -13.200  -1.2037   0.02011   0.01474  -0.0340  1.0000  0.0150  -8.8543   0.0000   0.2055
 -13.000  -1.1927   0.01965   0.01425  -0.0323  1.0000  0.0151  -8.6949   0.0000   0.2069
 -12.800  -1.1835   0.01915   0.01372  -0.0303  1.0000  0.0153  -8.5476   0.0000   0.2087
 -12.600  -1.1731   0.01871   0.01324  -0.0284  1.0000  0.0155  -8.3933   0.0000   0.2104
 -12.400  -1.1607   0.01830   0.01281  -0.0268  1.0000  0.0157  -8.2375   0.0000   0.2117
 -12.200  -1.1481   0.01793   0.01242  -0.0252  1.0000  0.0159  -8.0825   0.0000   0.2132
 -12.000  -1.1359   0.01758   0.01206  -0.0235  1.0000  0.0161  -7.9294   0.0000   0.2147
 -11.800  -1.1239   0.01727   0.01173  -0.0217  1.0000  0.0163  -7.7783   0.0000   0.2164
 -11.600  -1.1121   0.01697   0.01142  -0.0198  1.0000  0.0165  -7.6288   0.0000   0.2181
 -11.400  -1.0963   0.01665   0.01108  -0.0188  0.9995  0.0167  -7.4632   0.0000   0.2191
 -11.200  -1.0729   0.01628   0.01070  -0.0193  0.9982  0.0169  -7.2659   0.0000   0.2185
 -11.000  -1.0494   0.01593   0.01033  -0.0198  0.9968  0.0172  -7.0704   0.0000   0.2178
 -10.800  -1.0259   0.01559   0.00997  -0.0203  0.9950  0.0174  -6.8772   0.0000   0.2171
 -10.600  -1.0017   0.01525   0.00962  -0.0209  0.9935  0.0177  -6.6835   0.0000   0.2162
 -10.400  -0.9780   0.01493   0.00928  -0.0214  0.9916  0.0179  -6.4940   0.0000   0.2154
 -10.200  -0.9546   0.01463   0.00895  -0.0218  0.9890  0.0182  -6.3080   0.0000   0.2147
 -10.000  -0.9308   0.01434   0.00865  -0.0222  0.9866  0.0184  -6.1217   0.0000   0.2138
  -9.800  -0.9086   0.01404   0.00833  -0.0223  0.9826  0.0186  -5.9448   0.0000   0.2133
  -9.600  -0.8861   0.01370   0.00799  -0.0225  0.9790  0.0191  -5.7697   0.0000   0.2126
  -9.400  -0.8642   0.01341   0.00770  -0.0226  0.9742  0.0196  -5.5967   0.0000   0.2121
  -9.200  -0.8426   0.01315   0.00743  -0.0225  0.9689  0.0200  -5.4267   0.0000   0.2117
  -9.000  -0.8211   0.01290   0.00718  -0.0223  0.9632  0.0204  -5.2596   0.0000   0.2113
  -8.800  -0.8006   0.01267   0.00693  -0.0220  0.9561  0.0208  -5.0981   0.0000   0.2113
  -8.600  -0.7804   0.01245   0.00669  -0.0215  0.9484  0.0211  -4.9399   0.0000   0.2113
  -8.400  -0.7604   0.01224   0.00646  -0.0210  0.9400  0.0215  -4.7842   0.0000   0.2114
  -8.200  -0.7404   0.01205   0.00623  -0.0205  0.9310  0.0218  -4.6306   0.0000   0.2115
  -8.000  -0.7203   0.01186   0.00601  -0.0200  0.9213  0.0221  -4.4787   0.0000   0.2117
  -7.800  -0.7005   0.01167   0.00578  -0.0194  0.9108  0.0225  -4.3298   0.0000   0.2118
  -7.600  -0.6806   0.01146   0.00554  -0.0188  0.8996  0.0231  -4.1870   0.0000   0.2120
  -7.400  -0.6605   0.01129   0.00534  -0.0183  0.8878  0.0237  -4.0497   0.0000   0.2121
  -7.200  -0.6401   0.01113   0.00514  -0.0179  0.8754  0.0242  -3.9132   0.0000   0.2120
  -7.000  -0.6195   0.01099   0.00496  -0.0174  0.8622  0.0248  -3.7780   0.0000   0.2119
  -6.800  -0.5988   0.01086   0.00478  -0.0170  0.8485  0.0255  -3.6439   0.0000   0.2118
  -6.600  -0.5779   0.01074   0.00461  -0.0166  0.8341  0.0261  -3.5111   0.0000   0.2115
  -6.400  -0.5570   0.01062   0.00443  -0.0163  0.8192  0.0266  -3.3806   0.0000   0.2112
  -6.200  -0.5363   0.01049   0.00425  -0.0159  0.8037  0.0275  -3.2525   0.0000   0.2109
  -6.000  -0.5154   0.01038   0.00410  -0.0155  0.7878  0.0283  -3.1251   0.0000   0.2105
  -5.800  -0.4942   0.01028   0.00395  -0.0152  0.7716  0.0292  -2.9989   0.0000   0.2099
  -5.600  -0.4730   0.01019   0.00380  -0.0149  0.7545  0.0300  -2.8744   0.0000   0.2092
  -5.400  -0.4517   0.01012   0.00366  -0.0146  0.7360  0.0307  -2.7515   0.0000   0.2085
  -5.200  -0.4308   0.01005   0.00352  -0.0142  0.7126  0.0317  -2.6319   0.0000   0.2078
  -5.000  -0.4100   0.01001   0.00339  -0.0139  0.6843  0.0328  -2.5138   0.0000   0.2071
  -4.800  -0.3890   0.00999   0.00327  -0.0135  0.6566  0.0341  -2.4002   0.0000   0.2061
  -4.600  -0.3675   0.00994   0.00316  -0.0133  0.6356  0.0353  -2.2924   0.0000   0.2047
  -4.400  -0.3459   0.00988   0.00305  -0.0131  0.6191  0.0368  -2.1863   0.0000   0.2031
  -4.200  -0.3242   0.00981   0.00295  -0.0129  0.6030  0.0383  -2.0815   0.0000   0.2012
  -4.000  -0.3025   0.00977   0.00285  -0.0127  0.5868  0.0399  -1.9781   0.0000   0.1988
  -3.600  -0.2588   0.00967   0.00267  -0.0124  0.5563  0.0434  -1.7762   0.0000   0.1929
  -3.400  -0.2369   0.00963   0.00258  -0.0122  0.5404  0.0457  -1.6773   0.0000   0.1890
  -3.200  -0.2151   0.00959   0.00251  -0.0121  0.5250  0.0484  -1.5803   0.0000   0.1843
  -3.000  -0.1931   0.00955   0.00243  -0.0120  0.5107  0.0512  -1.4876   0.0000   0.1784
  -2.800  -0.1712   0.00952   0.00237  -0.0118  0.4958  0.0541  -1.4011   0.0000   0.1710
  -2.600  -0.1492   0.00950   0.00230  -0.0117  0.4803  0.0575  -1.3159   0.0000   0.1614
  -2.400  -0.1273   0.00947   0.00224  -0.0115  0.4651  0.0619  -1.2322   0.0000   0.1485
  -2.200  -0.1053   0.00944   0.00219  -0.0114  0.4514  0.0672  -1.1498   0.0000   0.1300
  -2.000  -0.0833   0.00941   0.00214  -0.0113  0.4374  0.0733  -1.0690   0.0000   0.1018
  -1.800  -0.0615   0.00939   0.00209  -0.0112  0.4225  0.0807  -0.9903   0.0000   0.0538
  -1.600  -0.0397   0.00935   0.00204  -0.0110  0.4077  0.0919  -0.9189   0.0000  -0.0461
  -1.400  -0.0182   0.00928   0.00199  -0.0108  0.3942  0.1106  -0.8492   0.0000  -0.3777
  -1.200   0.0018   0.00903   0.00189  -0.0105  0.3820  0.1675  -0.7837   0.0000   6.1457
  -1.000   0.0181   0.00837   0.00171  -0.0096  0.3701  0.3183  -0.7259   0.0000   0.7959
  -0.800   0.0383   0.00819   0.00167  -0.0092  0.3568  0.3726  -0.7020   0.0000   0.4946
  -0.600   0.0593   0.00808   0.00164  -0.0090  0.3438  0.4109  -0.7288   0.0000   0.4013
  -0.400   0.0805   0.00800   0.00163  -0.0088  0.3320  0.4458  -0.7559   0.0000   0.3567
  -0.200   0.1018   0.00794   0.00163  -0.0086  0.3211  0.4774  -0.7834   0.0000   0.3308
   0.000   0.1232   0.00790   0.00163  -0.0084  0.3098  0.5059  -0.8111   0.0000   0.3139
   0.200   0.1448   0.00787   0.00164  -0.0082  0.2988  0.5333  -0.8402   0.0000   0.3020
   0.400   0.1664   0.00785   0.00166  -0.0080  0.2887  0.5597  -0.8696   0.0000   0.2932
   0.600   0.1880   0.00783   0.00168  -0.0079  0.2802  0.5863  -0.8993   0.0000   0.2864
   0.800   0.2095   0.00781   0.00171  -0.0077  0.2722  0.6144  -0.9290   0.0000   0.2809
   1.000   0.2308   0.00776   0.00174  -0.0074  0.2645  0.6468  -0.9588   0.0000   0.2762
   1.200   0.2524   0.00775   0.00177  -0.0072  0.2574  0.6727  -0.9901   0.0000   0.2725
   1.400   0.2745   0.00779   0.00181  -0.0071  0.2504  0.6865  -1.0223   0.0000   0.2696
   1.600   0.2967   0.00782   0.00185  -0.0071  0.2451  0.6994  -1.0548   0.0000   0.2673
   1.800   0.3189   0.00786   0.00190  -0.0070  0.2397  0.7123  -1.0874   0.0000   0.2652
   2.000   0.3411   0.00789   0.00194  -0.0069  0.2351  0.7253  -1.1203   0.0000   0.2634
   2.200   0.3633   0.00793   0.00200  -0.0068  0.2301  0.7384  -1.1546   0.0000   0.2618
   2.400   0.3854   0.00798   0.00205  -0.0067  0.2257  0.7515  -1.1893   0.0000   0.2603
   2.600   0.4076   0.00801   0.00211  -0.0066  0.2222  0.7646  -1.2243   0.0000   0.2590
   2.800   0.4297   0.00805   0.00217  -0.0065  0.2186  0.7777  -1.2595   0.0000   0.2578
   3.000   0.4517   0.00811   0.00224  -0.0064  0.2150  0.7907  -1.2948   0.0000   0.2567
   3.200   0.4739   0.00814   0.00230  -0.0063  0.2119  0.8035  -1.3318   0.0000   0.2557
   3.400   0.4959   0.00820   0.00237  -0.0062  0.2086  0.8162  -1.3692   0.0000   0.2547
   3.600   0.5178   0.00826   0.00245  -0.0061  0.2055  0.8286  -1.4068   0.0000   0.2537
   3.800   0.5398   0.00831   0.00253  -0.0060  0.2032  0.8409  -1.4447   0.0000   0.2529
   4.000   0.5618   0.00836   0.00261  -0.0059  0.2005  0.8527  -1.4828   0.0000   0.2521
   4.200   0.5836   0.00843   0.00269  -0.0057  0.1975  0.8641  -1.5226   0.0000   0.2512
   4.400   0.6052   0.00851   0.00278  -0.0055  0.1946  0.8750  -1.5626   0.0000   0.2504
   4.600   0.6271   0.00858   0.00287  -0.0054  0.1926  0.8855  -1.6031   0.0000   0.2497
   4.800   0.6489   0.00865   0.00297  -0.0052  0.1903  0.8954  -1.6438   0.0000   0.2490
   5.000   0.6705   0.00873   0.00306  -0.0051  0.1877  0.9050  -1.6852   0.0000   0.2483
   5.200   0.6920   0.00883   0.00317  -0.0049  0.1849  0.9142  -1.7279   0.0000   0.2476
   5.400   0.7135   0.00893   0.00327  -0.0047  0.1828  0.9229  -1.7709   0.0000   0.2469
   5.600   0.7351   0.00901   0.00338  -0.0045  0.1809  0.9307  -1.8144   0.0000   0.2462
   5.800   0.7567   0.00911   0.00349  -0.0043  0.1785  0.9382  -1.8581   0.0000   0.2456
   6.000   0.7780   0.00923   0.00360  -0.0041  0.1759  0.9455  -1.9037   0.0000   0.2450
   6.200   0.7996   0.00936   0.00372  -0.0039  0.1734  0.9519  -1.9499   0.0000   0.2445
   6.400   0.8217   0.00946   0.00384  -0.0039  0.1718  0.9576  -1.9971   0.0000   0.2441
   6.600   0.8437   0.00958   0.00396  -0.0039  0.1696  0.9635  -2.0444   0.0000   0.2437
   6.800   0.8666   0.00971   0.00408  -0.0041  0.1671  0.9679  -2.0953   0.0000   0.2436
   7.000   0.8888   0.00986   0.00422  -0.0041  0.1647  0.9728  -2.1457   0.0000   0.2433
   7.200   0.9129   0.01000   0.00436  -0.0046  0.1627  0.9761  -2.1987   0.0000   0.2435
   7.400   0.9357   0.01012   0.00449  -0.0047  0.1607  0.9803  -2.2516   0.0000   0.2433
   7.600   0.9607   0.01027   0.00463  -0.0054  0.1582  0.9826  -2.3090   0.0000   0.2437
   7.800   0.9845   0.01043   0.00478  -0.0059  0.1558  0.9856  -2.3654   0.0000   0.2438
   8.000   1.0087   0.01061   0.00495  -0.0064  0.1535  0.9879  -2.4235   0.0000   0.2439
   8.200   1.0341   0.01075   0.00510  -0.0073  0.1515  0.9896  -2.4856   0.0000   0.2443
   8.400   1.0592   0.01091   0.00526  -0.0080  0.1491  0.9913  -2.5477   0.0000   0.2446
   8.600   1.0838   0.01109   0.00543  -0.0087  0.1467  0.9931  -2.6117   0.0000   0.2448
   8.800   1.1092   0.01130   0.00562  -0.0096  0.1441  0.9941  -2.6780   0.0000   0.2451
   9.000   1.1346   0.01145   0.00579  -0.0104  0.1421  0.9954  -2.7469   0.0000   0.2454
   9.200   1.1594   0.01163   0.00597  -0.0112  0.1396  0.9967  -2.8167   0.0000   0.2456
   9.400   1.1840   0.01184   0.00617  -0.0119  0.1369  0.9979  -2.8894   0.0000   0.2458
   9.600   1.2087   0.01205   0.00637  -0.0127  0.1345  0.9989  -2.9646   0.0000   0.2459
   9.800   1.2335   0.01224   0.00657  -0.0135  0.1321  0.9999  -3.0435   0.0000   0.2460
  10.000   1.2494   0.01241   0.00675  -0.0124  0.1298  1.0000  -3.1110   0.0000   0.2447
  10.200   1.2644   0.01261   0.00694  -0.0111  0.1272  1.0000  -3.1797   0.0000   0.2433
  10.400   1.2798   0.01280   0.00713  -0.0099  0.1251  1.0000  -3.2528   0.0000   0.2419
  10.600   1.2957   0.01298   0.00732  -0.0088  0.1228  1.0000  -3.3302   0.0000   0.2407
  10.800   1.3111   0.01319   0.00752  -0.0077  0.1200  1.0000  -3.4110   0.0000   0.2394
  11.000   1.3263   0.01344   0.00776  -0.0065  0.1173  1.0000  -3.4944   0.0000   0.2382
  11.200   1.3429   0.01363   0.00797  -0.0056  0.1149  1.0000  -3.5840   0.0000   0.2371
  11.400   1.3590   0.01388   0.00821  -0.0047  0.1120  1.0000  -3.6760   0.0000   0.2361
  11.600   1.3745   0.01417   0.00850  -0.0037  0.1089  1.0000  -3.7699   0.0000   0.2350
  11.800   1.3911   0.01440   0.00875  -0.0029  0.1065  1.0000  -3.8678   0.0000   0.2340
  12.000   1.4069   0.01469   0.00903  -0.0020  0.1033  1.0000  -3.9682   0.0000   0.2330
  12.200   1.4220   0.01501   0.00935  -0.0010  0.1004  1.0000  -4.0695   0.0000   0.2320
  12.400   1.4374   0.01529   0.00964  -0.0000  0.0976  1.0000  -4.1728   0.0000   0.2309
  12.600   1.4505   0.01563   0.00997   0.0013  0.0945  1.0000  -4.2705   0.0000   0.2297
  12.800   1.4634   0.01598   0.01032   0.0027  0.0918  1.0000  -4.3720   0.0000   0.2284
  13.000   1.4764   0.01633   0.01068   0.0039  0.0889  1.0000  -4.4775   0.0000   0.2272
  13.200   1.4883   0.01676   0.01111   0.0053  0.0858  1.0000  -4.5799   0.0000   0.2259
  13.400   1.5013   0.01715   0.01152   0.0064  0.0832  1.0000  -4.6868   0.0000   0.2248
  13.600   1.5130   0.01763   0.01200   0.0077  0.0799  1.0000  -4.7901   0.0000   0.2237
  13.800   1.5245   0.01814   0.01251   0.0089  0.0770  1.0000  -4.8933   0.0000   0.2225
  14.000   1.5361   0.01864   0.01303   0.0101  0.0742  1.0000  -5.0016   0.0000   0.2214
  14.400   1.5571   0.01984   0.01425   0.0124  0.0686  1.0000  -5.2182   0.0000   0.2192
  14.600   1.5658   0.02057   0.01498   0.0136  0.0654  1.0000  -5.3214   0.0000   0.2181
  14.800   1.5751   0.02129   0.01572   0.0147  0.0627  1.0000  -5.4269   0.0000   0.2171
  15.000   1.5833   0.02210   0.01654   0.0158  0.0599  1.0000  -5.5292   0.0000   0.2160
  15.200   1.5909   0.02299   0.01745   0.0168  0.0575  1.0000  -5.6293   0.0000   0.2150
  15.400   1.5991   0.02387   0.01835   0.0177  0.0553  1.0000  -5.7326   0.0000   0.2140
  15.600   1.6051   0.02494   0.01944   0.0187  0.0530  1.0000  -5.8275   0.0000   0.2131
  15.800   1.6113   0.02604   0.02057   0.0194  0.0509  1.0000  -5.9234   0.0000   0.2122
  16.000   1.6167   0.02724   0.02181   0.0202  0.0487  1.0000  -6.0208   0.0000   0.2113
  16.200   1.6194   0.02871   0.02331   0.0208  0.0465  1.0000  -6.1088   0.0000   0.2104
  16.400   1.6239   0.03011   0.02474   0.0213  0.0447  1.0000  -6.2045   0.0000   0.2097
  16.600   1.6265   0.03172   0.02640   0.0217  0.0428  1.0000  -6.2919   0.0000   0.2090
  16.800   1.6267   0.03362   0.02833   0.0220  0.0411  1.0000  -6.3683   0.0000   0.2083
  17.000   1.6288   0.03541   0.03018   0.0221  0.0398  1.0000  -6.4532   0.0000   0.2078
  17.200   1.6295   0.03742   0.03224   0.0220  0.0385  1.0000  -6.5312   0.0000   0.2073
  17.400   1.6278   0.03972   0.03459   0.0219  0.0372  1.0000  -6.5981   0.0000   0.2069
  17.600   1.6236   0.04235   0.03728   0.0215  0.0361  1.0000  -6.6526   0.0000   0.2065
  17.800   1.6202   0.04500   0.04000   0.0210  0.0352  1.0000  -6.7100   0.0000   0.2063
  18.000   1.6162   0.04780   0.04287   0.0204  0.0343  1.0000  -6.7638   0.0000   0.2061
  18.200   1.6097   0.05095   0.04610   0.0196  0.0335  1.0000  -6.8042   0.0000   0.2060
  18.400   1.6005   0.05453   0.04975   0.0186  0.0327  1.0000  -6.8302   0.0000   0.2060
  18.600   1.5886   0.05853   0.05384   0.0173  0.0320  1.0000  -6.8414   0.0000   0.2061
  18.800   1.5741   0.06295   0.05835   0.0158  0.0314  1.0000  -6.8371   0.0000   0.2064
  19.000   1.5578   0.06769   0.06318   0.0142  0.0309  1.0000  -6.8216   0.0000   0.2067
  19.200   1.5419   0.07248   0.06808   0.0124  0.0305  1.0000  -6.8058   0.0000   0.2072
  19.400   1.5234   0.07768   0.07338   0.0105  0.0301  1.0000  -6.7746   0.0000   0.2078
  19.600   1.5026   0.08326   0.07907   0.0083  0.0298  1.0000  -6.7280   0.0000   0.2085
  19.800   1.4803   0.08919   0.08511   0.0060  0.0296  1.0000  -6.6698   0.0000   0.2095
  20.000   1.4564   0.09541   0.09143   0.0035  0.0293  1.0000  -6.5998   0.0000   0.2106
  20.200   1.4317   0.10181   0.09794   0.0008  0.0291  1.0000  -6.5216   0.0000   0.2118
  20.400   1.4082   0.10814   0.10438  -0.0019  0.0289  1.0000  -6.4463   0.0000   0.2132
  20.600   1.3850   0.11454   0.11087  -0.0048  0.0286  1.0000  -6.3678   0.0000   0.2148
  20.800   1.3638   0.12064   0.11706  -0.0076  0.0282  1.0000  -6.2978   0.0000   0.2164
  21.000   1.3438   0.12666   0.12317  -0.0105  0.0278  1.0000  -6.2308   0.0000   0.2181
  21.200   1.3254   0.13254   0.12913  -0.0134  0.0274  1.0000  -6.1691   0.0000   0.2199
  21.400   1.3091   0.13817   0.13482  -0.0164  0.0269  1.0000  -6.1159   0.0000   0.2217
  21.600   1.2948   0.14347   0.14018  -0.0192  0.0264  1.0000  -6.0723   0.0000   0.2235
  21.800   1.2844   0.14816   0.14493  -0.0218  0.0259  1.0000  -6.0512   0.0000   0.2251
  22.000   1.2759   0.15258   0.14940  -0.0243  0.0254  1.0000  -6.0400   0.0000   0.2267
  22.200   1.2680   0.15694   0.15381  -0.0268  0.0248  1.0000  -6.0302   0.0000   0.2283
  22.400   1.2598   0.16144   0.15836  -0.0295  0.0242  1.0000  -6.0148   0.0000   0.2301
  22.600   1.2533   0.16565   0.16261  -0.0321  0.0235  1.0000  -6.0130   0.0000   0.2317
  22.800   1.2452   0.17021   0.16721  -0.0350  0.0229  1.0000  -5.9963   0.0000   0.2337
  23.200   1.2359   0.17802   0.17510  -0.0401  0.0219  1.0000  -6.0091   0.0000   0.2369
  23.400   1.2344   0.18136   0.17848  -0.0423  0.0214  1.0000  -6.0373   0.0000   0.2383
  23.600   1.2314   0.18503   0.18218  -0.0449  0.0209  1.0000  -6.0517   0.0000   0.2398
  23.800   1.2291   0.18858   0.18576  -0.0473  0.0204  1.0000  -6.0704   0.0000   0.2414
  24.000   1.2271   0.19209   0.18930  -0.0498  0.0199  1.0000  -6.0900   0.0000   0.2429
  24.200   1.2232   0.19604   0.19328  -0.0526  0.0194  1.0000  -6.0902   0.0000   0.2448
  24.400   1.2211   0.19968   0.19695  -0.0553  0.0188  1.0000  -6.1036   0.0000   0.2465
  24.600   1.2190   0.20331   0.20061  -0.0579  0.0184  1.0000  -6.1156   0.0000   0.2482
  24.800   1.2198   0.20631   0.20364  -0.0602  0.0180  1.0000  -6.1527   0.0000   0.2495
  25.000   1.2208   0.20926   0.20662  -0.0625  0.0176  1.0000  -6.1913   0.0000   0.2507


