xflr5 v6.47

 Calculated polar for: NACA 23015

 1 1 Reynolds number fixed          Mach number fixed         

 xtrf =   1.000 (top)        1.000 (bottom)
 Mach =   0.000     Re =     0.400 e 6     Ncrit =   5.000

  alpha     CL        CD       CDp       Cm    Top Xtr Bot Xtr   Cpmin    Chinge    XCp    
 ------- -------- --------- --------- -------- ------- ------- -------- --------- ---------
 -15.000  -1.0734   0.04864   0.04362  -0.0510  1.0000  0.0188  -8.4654   0.0000   0.1822
 -14.800  -1.0752   0.04621   0.04110  -0.0515  1.0000  0.0189  -8.4113   0.0000   0.1822
 -14.600  -1.0755   0.04404   0.03885  -0.0517  1.0000  0.0190  -8.3446   0.0000   0.1824
 -14.400  -1.0746   0.04210   0.03683  -0.0518  1.0000  0.0191  -8.2669   0.0000   0.1828
 -14.200  -1.0726   0.04035   0.03500  -0.0516  1.0000  0.0192  -8.1809   0.0000   0.1832
 -14.000  -1.0697   0.03875   0.03333  -0.0513  1.0000  0.0193  -8.0885   0.0000   0.1838
 -13.800  -1.0660   0.03728   0.03179  -0.0508  1.0000  0.0195  -7.9903   0.0000   0.1845
 -13.600  -1.0617   0.03594   0.03036  -0.0501  1.0000  0.0196  -7.8880   0.0000   0.1853
 -13.400  -1.0567   0.03468   0.02903  -0.0493  1.0000  0.0198  -7.7822   0.0000   0.1862
 -13.200  -1.0512   0.03351   0.02778  -0.0483  1.0000  0.0200  -7.6735   0.0000   0.1872
 -13.000  -1.0452   0.03241   0.02660  -0.0473  1.0000  0.0201  -7.5624   0.0000   0.1883
 -12.800  -1.0387   0.03138   0.02548  -0.0461  1.0000  0.0203  -7.4492   0.0000   0.1895
 -12.600  -1.0316   0.03040   0.02442  -0.0448  1.0000  0.0206  -7.3341   0.0000   0.1907
 -12.400  -1.0241   0.02947   0.02341  -0.0434  1.0000  0.0208  -7.2173   0.0000   0.1921
 -12.200  -1.0162   0.02860   0.02246  -0.0420  1.0000  0.0210  -7.0989   0.0000   0.1935
 -12.000  -1.0078   0.02779   0.02156  -0.0404  1.0000  0.0213  -6.9845   0.0000   0.1949
 -11.800  -0.9991   0.02704   0.02071  -0.0388  1.0000  0.0216  -6.8730   0.0000   0.1965
 -11.600  -0.9903   0.02634   0.01992  -0.0370  1.0000  0.0219  -6.7611   0.0000   0.1982
 -11.400  -0.9814   0.02571   0.01920  -0.0351  1.0000  0.0221  -6.6489   0.0000   0.2001
 -11.200  -0.9733   0.02507   0.01850  -0.0331  1.0000  0.0224  -6.5386   0.0000   0.2021
 -11.000  -0.9649   0.02444   0.01785  -0.0311  1.0000  0.0227  -6.4221   0.0000   0.2042
 -10.800  -0.9548   0.02391   0.01731  -0.0293  1.0000  0.0229  -6.2970   0.0000   0.2060
 -10.600  -0.9446   0.02344   0.01682  -0.0274  1.0000  0.0232  -6.1715   0.0000   0.2079
 -10.400  -0.9344   0.02300   0.01634  -0.0254  1.0000  0.0235  -6.0479   0.0000   0.2099
 -10.200  -0.9241   0.02256   0.01587  -0.0235  1.0000  0.0237  -5.9261   0.0000   0.2120
 -10.000  -0.9139   0.02212   0.01541  -0.0215  1.0000  0.0240  -5.8059   0.0000   0.2141
  -9.800  -0.9038   0.02170   0.01496  -0.0194  1.0000  0.0244  -5.6878   0.0000   0.2164
  -9.600  -0.8938   0.02129   0.01450  -0.0173  1.0000  0.0247  -5.5719   0.0000   0.2188
  -9.400  -0.8839   0.02088   0.01405  -0.0151  1.0000  0.0251  -5.4580   0.0000   0.2212
  -9.200  -0.8636   0.02036   0.01348  -0.0151  0.9984  0.0255  -5.3079   0.0000   0.2210
  -9.000  -0.8388   0.01982   0.01288  -0.0159  0.9961  0.0260  -5.1440   0.0000   0.2196
  -8.800  -0.8137   0.01930   0.01230  -0.0168  0.9937  0.0265  -4.9807   0.0000   0.2181
  -8.600  -0.7898   0.01873   0.01174  -0.0176  0.9907  0.0270  -4.8181   0.0000   0.2167
  -8.400  -0.7642   0.01830   0.01131  -0.0185  0.9881  0.0276  -4.6481   0.0000   0.2148
  -8.200  -0.7388   0.01791   0.01091  -0.0194  0.9850  0.0283  -4.4813   0.0000   0.2129
  -8.000  -0.7130   0.01751   0.01049  -0.0203  0.9819  0.0291  -4.3170   0.0000   0.2108
  -7.800  -0.6877   0.01711   0.01006  -0.0211  0.9785  0.0299  -4.1588   0.0000   0.2086
  -7.600  -0.6632   0.01672   0.00962  -0.0217  0.9742  0.0306  -4.0067   0.0000   0.2067
  -7.400  -0.6399   0.01627   0.00916  -0.0221  0.9693  0.0313  -3.8663   0.0000   0.2050
  -7.200  -0.6156   0.01587   0.00877  -0.0227  0.9646  0.0320  -3.7257   0.0000   0.2028
  -7.000  -0.5930   0.01554   0.00844  -0.0229  0.9582  0.0328  -3.5920   0.0000   0.2012
  -6.800  -0.5697   0.01521   0.00809  -0.0231  0.9520  0.0337  -3.4594   0.0000   0.1993
  -6.600  -0.5463   0.01488   0.00774  -0.0234  0.9456  0.0347  -3.3292   0.0000   0.1971
  -6.400  -0.5245   0.01460   0.00741  -0.0232  0.9373  0.0357  -3.2052   0.0000   0.1957
  -6.200  -0.5036   0.01427   0.00709  -0.0230  0.9286  0.0368  -3.0818   0.0000   0.1944
  -6.000  -0.4822   0.01400   0.00682  -0.0227  0.9193  0.0380  -2.9585   0.0000   0.1929
  -5.800  -0.4612   0.01376   0.00655  -0.0224  0.9092  0.0393  -2.8393   0.0000   0.1916
  -5.600  -0.4405   0.01352   0.00626  -0.0219  0.8983  0.0405  -2.7240   0.0000   0.1904
  -5.400  -0.4204   0.01325   0.00598  -0.0214  0.8865  0.0417  -2.6109   0.0000   0.1894
  -5.200  -0.4002   0.01303   0.00573  -0.0208  0.8739  0.0431  -2.4977   0.0000   0.1882
  -5.000  -0.3799   0.01284   0.00549  -0.0203  0.8604  0.0448  -2.3864   0.0000   0.1868
  -4.800  -0.3596   0.01266   0.00526  -0.0198  0.8462  0.0466  -2.2840   0.0000   0.1853
  -4.600  -0.3395   0.01247   0.00504  -0.0192  0.8311  0.0485  -2.1836   0.0000   0.1838
  -4.400  -0.3191   0.01233   0.00483  -0.0186  0.8152  0.0508  -2.0849   0.0000   0.1819
  -4.200  -0.2990   0.01218   0.00462  -0.0181  0.7974  0.0529  -1.9884   0.0000   0.1798
  -4.000  -0.2790   0.01206   0.00443  -0.0175  0.7758  0.0553  -1.8928   0.0000   0.1777
  -3.800  -0.2589   0.01198   0.00424  -0.0169  0.7524  0.0582  -1.7987   0.0000   0.1751
  -3.600  -0.2390   0.01187   0.00407  -0.0163  0.7299  0.0616  -1.7057   0.0000   0.1721
  -3.400  -0.2185   0.01178   0.00391  -0.0158  0.7098  0.0655  -1.6134   0.0000   0.1677
  -3.200  -0.1979   0.01169   0.00376  -0.0153  0.6921  0.0701  -1.5222   0.0000   0.1623
  -3.000  -0.1774   0.01160   0.00362  -0.0149  0.6746  0.0754  -1.4388   0.0000   0.1555
  -2.800  -0.1568   0.01151   0.00348  -0.0145  0.6575  0.0825  -1.3573   0.0000   0.1468
  -2.600  -0.1362   0.01141   0.00335  -0.0141  0.6403  0.0923  -1.2770   0.0000   0.1352
  -2.400  -0.1158   0.01128   0.00322  -0.0137  0.6232  0.1070  -1.1985   0.0000   0.1201
  -2.200  -0.0964   0.01104   0.00305  -0.0131  0.6066  0.1403  -1.1231   0.0000   0.1009
  -2.000  -0.0841   0.01003   0.00274  -0.0118  0.5914  0.3306  -1.0629   0.0000   0.0973
  -1.800  -0.0660   0.00973   0.00264  -0.0110  0.5751  0.4001  -0.9929   0.0000   0.0688
  -1.600  -0.0470   0.00954   0.00257  -0.0104  0.5590  0.4503  -0.9266   0.0000   0.0125
  -1.400  -0.0275   0.00941   0.00252  -0.0098  0.5431  0.4916  -0.8604   0.0000  -0.1285
  -1.200  -0.0077   0.00932   0.00249  -0.0092  0.5270  0.5273  -0.7945   0.0000  -1.0169
  -1.000   0.0123   0.00924   0.00247  -0.0087  0.5107  0.5598  -0.7295   0.0000   0.9856
  -0.800   0.0324   0.00919   0.00245  -0.0082  0.4948  0.5893  -0.6964   0.0000   0.5074
  -0.600   0.0526   0.00916   0.00245  -0.0077  0.4793  0.6178  -0.7226   0.0000   0.3957
  -0.400   0.0729   0.00914   0.00245  -0.0072  0.4636  0.6448  -0.7491   0.0000   0.3460
  -0.200   0.0931   0.00913   0.00247  -0.0066  0.4477  0.6716  -0.7756   0.0000   0.3177
   0.000   0.1133   0.00913   0.00250  -0.0061  0.4322  0.6992  -0.8023   0.0000   0.2992
   0.200   0.1333   0.00913   0.00254  -0.0055  0.4176  0.7281  -0.8299   0.0000   0.2860
   0.400   0.1537   0.00915   0.00258  -0.0049  0.4032  0.7515  -0.8583   0.0000   0.2767
   0.600   0.1747   0.00922   0.00262  -0.0045  0.3885  0.7671  -0.8873   0.0000   0.2703
   0.800   0.1959   0.00930   0.00266  -0.0042  0.3742  0.7805  -0.9165   0.0000   0.2656
   1.000   0.2171   0.00938   0.00271  -0.0039  0.3606  0.7937  -0.9460   0.0000   0.2617
   1.200   0.2383   0.00947   0.00277  -0.0036  0.3481  0.8067  -0.9764   0.0000   0.2586
   1.400   0.2596   0.00956   0.00283  -0.0032  0.3358  0.8195  -1.0076   0.0000   0.2559
   1.600   0.2809   0.00966   0.00290  -0.0029  0.3240  0.8320  -1.0390   0.0000   0.2537
   1.800   0.3022   0.00977   0.00298  -0.0026  0.3130  0.8442  -1.0706   0.0000   0.2517
   2.000   0.3235   0.00987   0.00306  -0.0023  0.3032  0.8560  -1.1025   0.0000   0.2501
   2.200   0.3449   0.00999   0.00315  -0.0020  0.2945  0.8674  -1.1353   0.0000   0.2486
   2.400   0.3662   0.01012   0.00324  -0.0017  0.2859  0.8785  -1.1689   0.0000   0.2473
   2.600   0.3879   0.01024   0.00334  -0.0015  0.2780  0.8887  -1.2032   0.0000   0.2463
   2.800   0.4096   0.01038   0.00345  -0.0013  0.2709  0.8983  -1.2376   0.0000   0.2455
   3.000   0.4317   0.01051   0.00356  -0.0011  0.2644  0.9073  -1.2725   0.0000   0.2448
   3.200   0.4537   0.01065   0.00368  -0.0010  0.2588  0.9161  -1.3085   0.0000   0.2443
   3.400   0.4757   0.01079   0.00379  -0.0009  0.2531  0.9246  -1.3454   0.0000   0.2438
   3.600   0.4990   0.01096   0.00392  -0.0011  0.2479  0.9316  -1.3838   0.0000   0.2439
   3.800   0.5223   0.01110   0.00404  -0.0012  0.2429  0.9383  -1.4223   0.0000   0.2439
   4.000   0.5447   0.01127   0.00418  -0.0013  0.2386  0.9455  -1.4604   0.0000   0.2437
   4.200   0.5700   0.01142   0.00432  -0.0019  0.2345  0.9504  -1.5028   0.0000   0.2446
   4.400   0.5936   0.01158   0.00446  -0.0022  0.2303  0.9563  -1.5443   0.0000   0.2448
   4.600   0.6185   0.01178   0.00461  -0.0028  0.2265  0.9610  -1.5873   0.0000   0.2455
   4.800   0.6434   0.01192   0.00475  -0.0034  0.2229  0.9657  -1.6306   0.0000   0.2461
   5.000   0.6692   0.01210   0.00491  -0.0042  0.2194  0.9697  -1.6759   0.0000   0.2469
   5.200   0.6941   0.01230   0.00507  -0.0048  0.2161  0.9737  -1.7219   0.0000   0.2475
   5.400   0.7210   0.01246   0.00524  -0.0059  0.2128  0.9767  -1.7701   0.0000   0.2485
   5.600   0.7465   0.01264   0.00540  -0.0067  0.2095  0.9804  -1.8173   0.0000   0.2491
   5.800   0.7744   0.01284   0.00558  -0.0080  0.2065  0.9824  -1.8684   0.0000   0.2503
   6.000   0.8010   0.01304   0.00577  -0.0091  0.2037  0.9851  -1.9197   0.0000   0.2511
   6.200   0.8276   0.01320   0.00594  -0.0101  0.2007  0.9878  -1.9712   0.0000   0.2518
   6.400   0.8549   0.01339   0.00613  -0.0114  0.1976  0.9899  -2.0241   0.0000   0.2527
   6.600   0.8808   0.01361   0.00633  -0.0124  0.1950  0.9926  -2.0778   0.0000   0.2532
   6.800   0.9079   0.01380   0.00652  -0.0136  0.1925  0.9945  -2.1334   0.0000   0.2539
   7.000   0.9347   0.01398   0.00672  -0.0147  0.1896  0.9966  -2.1893   0.0000   0.2545
   7.200   0.9614   0.01418   0.00692  -0.0159  0.1868  0.9985  -2.2469   0.0000   0.2550
   7.400   0.9853   0.01441   0.00714  -0.0165  0.1844  1.0000  -2.3025   0.0000   0.2550
   7.600   1.0002   0.01458   0.00732  -0.0152  0.1825  1.0000  -2.3467   0.0000   0.2532
   7.800   1.0156   0.01473   0.00749  -0.0139  0.1802  1.0000  -2.3922   0.0000   0.2515
   8.000   1.0307   0.01490   0.00768  -0.0127  0.1780  1.0000  -2.4395   0.0000   0.2498
   8.200   1.0456   0.01510   0.00788  -0.0113  0.1759  1.0000  -2.4866   0.0000   0.2481
   8.400   1.0600   0.01532   0.00809  -0.0100  0.1739  1.0000  -2.5335   0.0000   0.2464
   8.600   1.0752   0.01551   0.00830  -0.0088  0.1719  1.0000  -2.5840   0.0000   0.2449
   8.800   1.0908   0.01569   0.00851  -0.0076  0.1697  1.0000  -2.6353   0.0000   0.2434
   9.000   1.1060   0.01589   0.00873  -0.0064  0.1676  1.0000  -2.6875   0.0000   0.2419
   9.200   1.1208   0.01612   0.00897  -0.0051  0.1655  1.0000  -2.7410   0.0000   0.2405
   9.400   1.1351   0.01638   0.00922  -0.0038  0.1635  1.0000  -2.7942   0.0000   0.2390
   9.600   1.1509   0.01659   0.00947  -0.0027  0.1615  1.0000  -2.8526   0.0000   0.2377
   9.800   1.1667   0.01681   0.00972  -0.0017  0.1593  1.0000  -2.9122   0.0000   0.2365
  10.000   1.1821   0.01705   0.00999  -0.0006  0.1570  1.0000  -2.9739   0.0000   0.2353
  10.200   1.1970   0.01734   0.01028   0.0005  0.1549  1.0000  -3.0374   0.0000   0.2340
  10.400   1.2120   0.01763   0.01058   0.0016  0.1530  1.0000  -3.1034   0.0000   0.2328
  10.600   1.2280   0.01787   0.01088   0.0025  0.1508  1.0000  -3.1743   0.0000   0.2318
  10.800   1.2433   0.01815   0.01119   0.0035  0.1484  1.0000  -3.2484   0.0000   0.2307
  11.000   1.2573   0.01846   0.01152   0.0047  0.1462  1.0000  -3.3228   0.0000   0.2295
  11.400   1.2838   0.01910   0.01222   0.0073  0.1420  1.0000  -3.4771   0.0000   0.2269
  11.600   1.2974   0.01942   0.01259   0.0084  0.1396  1.0000  -3.5589   0.0000   0.2257
  11.800   1.3102   0.01980   0.01298   0.0097  0.1372  1.0000  -3.6416   0.0000   0.2245
  12.000   1.3219   0.02025   0.01344   0.0110  0.1351  1.0000  -3.7245   0.0000   0.2232
  12.200   1.3360   0.02061   0.01387   0.0119  0.1327  1.0000  -3.8143   0.0000   0.2222
  12.400   1.3491   0.02103   0.01433   0.0129  0.1301  1.0000  -3.9041   0.0000   0.2212
  12.600   1.3610   0.02152   0.01484   0.0140  0.1276  1.0000  -3.9949   0.0000   0.2202
  12.800   1.3725   0.02206   0.01541   0.0151  0.1253  1.0000  -4.0849   0.0000   0.2191
  13.000   1.3853   0.02255   0.01596   0.0160  0.1227  1.0000  -4.1795   0.0000   0.2182
  13.200   1.3967   0.02312   0.01657   0.0169  0.1200  1.0000  -4.2706   0.0000   0.2172
  13.400   1.4064   0.02382   0.01728   0.0180  0.1176  1.0000  -4.3620   0.0000   0.2162
  13.600   1.4180   0.02443   0.01796   0.0188  0.1151  1.0000  -4.4607   0.0000   0.2153
  13.800   1.4285   0.02513   0.01871   0.0196  0.1124  1.0000  -4.5563   0.0000   0.2145
  14.000   1.4371   0.02598   0.01958   0.0205  0.1098  1.0000  -4.6465   0.0000   0.2135
  14.200   1.4464   0.02681   0.02046   0.0212  0.1074  1.0000  -4.7392   0.0000   0.2127
  14.400   1.4555   0.02769   0.02140   0.0219  0.1047  1.0000  -4.8317   0.0000   0.2119
  14.600   1.4626   0.02875   0.02249   0.0225  0.1021  1.0000  -4.9185   0.0000   0.2111
  14.800   1.4695   0.02985   0.02365   0.0231  0.0997  1.0000  -5.0098   0.0000   0.2104
  15.000   1.4768   0.03098   0.02484   0.0236  0.0971  1.0000  -5.1026   0.0000   0.2097
  15.200   1.4818   0.03234   0.02625   0.0240  0.0945  1.0000  -5.1871   0.0000   0.2090
  15.400   1.4860   0.03382   0.02778   0.0244  0.0922  1.0000  -5.2684   0.0000   0.2084
  15.600   1.4910   0.03527   0.02930   0.0246  0.0896  1.0000  -5.3530   0.0000   0.2078
  15.800   1.4934   0.03703   0.03111   0.0247  0.0871  1.0000  -5.4270   0.0000   0.2073
  16.000   1.4940   0.03904   0.03317   0.0247  0.0850  1.0000  -5.4935   0.0000   0.2068
  16.200   1.4962   0.04092   0.03513   0.0245  0.0826  1.0000  -5.5661   0.0000   0.2064
  16.400   1.4954   0.04317   0.03745   0.0243  0.0803  1.0000  -5.6263   0.0000   0.2061
  16.600   1.4915   0.04587   0.04020   0.0238  0.0783  1.0000  -5.6719   0.0000   0.2059
  16.800   1.4898   0.04836   0.04278   0.0233  0.0762  1.0000  -5.7268   0.0000   0.2057
  17.000   1.4857   0.05119   0.04569   0.0226  0.0742  1.0000  -5.7701   0.0000   0.2056
  17.200   1.4785   0.05449   0.04906   0.0216  0.0724  1.0000  -5.8018   0.0000   0.2056
  17.400   1.4694   0.05814   0.05279   0.0204  0.0709  1.0000  -5.8233   0.0000   0.2058
  17.600   1.4621   0.06159   0.05633   0.0193  0.0692  1.0000  -5.8526   0.0000   0.2060
  17.800   1.4518   0.06551   0.06034   0.0179  0.0675  1.0000  -5.8658   0.0000   0.2063
  18.000   1.4387   0.06991   0.06483   0.0163  0.0661  1.0000  -5.8632   0.0000   0.2067
  18.200   1.4227   0.07479   0.06980   0.0144  0.0649  1.0000  -5.8443   0.0000   0.2074
  18.400   1.4085   0.07948   0.07458   0.0126  0.0636  1.0000  -5.8319   0.0000   0.2080
  18.600   1.3942   0.08424   0.07944   0.0107  0.0623  1.0000  -5.8174   0.0000   0.2088
  18.800   1.3776   0.08943   0.08472   0.0085  0.0610  1.0000  -5.7885   0.0000   0.2097
  19.000   1.3594   0.09489   0.09027   0.0062  0.0598  1.0000  -5.7488   0.0000   0.2108
  19.200   1.3399   0.10064   0.09610   0.0037  0.0587  1.0000  -5.6988   0.0000   0.2121
  19.400   1.3227   0.10611   0.10165   0.0013  0.0576  1.0000  -5.6583   0.0000   0.2133
  19.600   1.3088   0.11115   0.10677  -0.0010  0.0563  1.0000  -5.6327   0.0000   0.2145
  19.800   1.2937   0.11637   0.11207  -0.0034  0.0550  1.0000  -5.5987   0.0000   0.2159
  20.000   1.2781   0.12176   0.11753  -0.0060  0.0537  1.0000  -5.5585   0.0000   0.2175
  20.200   1.2627   0.12722   0.12304  -0.0087  0.0525  1.0000  -5.5156   0.0000   0.2192
  20.400   1.2512   0.13206   0.12794  -0.0112  0.0513  1.0000  -5.4936   0.0000   0.2207
  20.600   1.2419   0.13659   0.13253  -0.0136  0.0499  1.0000  -5.4815   0.0000   0.2222
  20.800   1.2316   0.14129   0.13728  -0.0161  0.0485  1.0000  -5.4617   0.0000   0.2238
  21.000   1.2212   0.14610   0.14213  -0.0187  0.0472  1.0000  -5.4375   0.0000   0.2257
  21.200   1.2127   0.15061   0.14667  -0.0213  0.0460  1.0000  -5.4236   0.0000   0.2274
  21.400   1.2075   0.15458   0.15071  -0.0236  0.0447  1.0000  -5.4276   0.0000   0.2289
  21.600   1.2014   0.15875   0.15491  -0.0261  0.0434  1.0000  -5.4243   0.0000   0.2305
  21.800   1.1957   0.16289   0.15909  -0.0286  0.0421  1.0000  -5.4209   0.0000   0.2323
  22.000   1.1899   0.16708   0.16329  -0.0313  0.0410  1.0000  -5.4150   0.0000   0.2341
  22.200   1.1870   0.17072   0.16699  -0.0336  0.0398  1.0000  -5.4271   0.0000   0.2356
  22.400   1.1832   0.17456   0.17087  -0.0361  0.0386  1.0000  -5.4311   0.0000   0.2373
  22.600   1.1799   0.17833   0.17467  -0.0386  0.0374  1.0000  -5.4370   0.0000   0.2390
  22.800   1.1765   0.18216   0.17851  -0.0411  0.0362  1.0000  -5.4405   0.0000   0.2408
  23.000   1.1748   0.18568   0.18205  -0.0435  0.0352  1.0000  -5.4540   0.0000   0.2423
  23.200   1.1733   0.18919   0.18562  -0.0460  0.0341  1.0000  -5.4671   0.0000   0.2439
  23.400   1.1712   0.19284   0.18931  -0.0485  0.0330  1.0000  -5.4783   0.0000   0.2457
  23.600   1.1700   0.19631   0.19280  -0.0510  0.0320  1.0000  -5.4964   0.0000   0.2473
  23.800   1.1696   0.19963   0.19611  -0.0535  0.0311  1.0000  -5.5200   0.0000   0.2489
  24.000   1.1694   0.20293   0.19944  -0.0559  0.0303  1.0000  -5.5423   0.0000   0.2505
  24.200   1.1693   0.20622   0.20280  -0.0583  0.0295  1.0000  -5.5638   0.0000   0.2520
  24.400   1.1686   0.20969   0.20630  -0.0609  0.0286  1.0000  -5.5777   0.0000   0.2537
  24.600   1.1687   0.21294   0.20958  -0.0634  0.0278  1.0000  -5.5996   0.0000   0.2553
  24.800   1.1702   0.21586   0.21250  -0.0657  0.0271  1.0000  -5.6342   0.0000   0.2566
  25.000   1.1725   0.21856   0.21518  -0.0679  0.0264  1.0000  -5.6770   0.0000   0.2578


