xflr5 v6.47

 Calculated polar for: NACA 23015

 1 1 Reynolds number fixed          Mach number fixed         

 xtrf =   1.000 (top)        1.000 (bottom)
 Mach =   0.000     Re =     0.200 e 6     Ncrit =   5.000

  alpha     CL        CD       CDp       Cm    Top Xtr Bot Xtr   Cpmin    Chinge    XCp    
 ------- -------- --------- --------- -------- ------- ------- -------- --------- ---------
 -15.000  -0.5540   0.16023   0.15607   0.0052  1.0000  0.0256  -2.3131   0.0000   0.2385
 -14.800  -0.5520   0.15658   0.15242   0.0035  1.0000  0.0255  -2.3643   0.0000   0.2358
 -14.600  -0.5507   0.15271   0.14856   0.0018  1.0000  0.0254  -2.4250   0.0000   0.2328
 -14.400  -0.5503   0.14862   0.14448  -0.0000  1.0000  0.0254  -2.4950   0.0000   0.2297
 -14.200  -0.5509   0.14429   0.14015  -0.0019  1.0000  0.0255  -2.5760   0.0000   0.2265
 -14.000  -0.5531   0.13963   0.13549  -0.0040  1.0000  0.0255  -2.6718   0.0000   0.2229
 -13.800  -0.5574   0.13446   0.13033  -0.0063  1.0000  0.0256  -2.7916   0.0000   0.2190
 -13.400  -0.7628   0.07548   0.07092  -0.0406  1.0000  0.0260  -5.2598   0.0000   0.1778
 -13.200  -0.7996   0.06684   0.06204  -0.0464  1.0000  0.0259  -5.5128   0.0000   0.1738
 -13.000  -0.8311   0.06020   0.05514  -0.0498  1.0000  0.0259  -5.7043   0.0000   0.1726
 -12.800  -0.8590   0.05485   0.04950  -0.0515  1.0000  0.0260  -5.8590   0.0000   0.1733
 -12.600  -0.8835   0.05043   0.04476  -0.0515  1.0000  0.0262  -5.9856   0.0000   0.1754
 -12.400  -0.9044   0.04678   0.04078  -0.0504  1.0000  0.0264  -6.0847   0.0000   0.1785
 -12.200  -0.9058   0.04514   0.03907  -0.0492  1.0000  0.0266  -6.0268   0.0000   0.1803
 -12.000  -0.9052   0.04379   0.03765  -0.0478  1.0000  0.0267  -5.9533   0.0000   0.1821
 -11.800  -0.9041   0.04257   0.03636  -0.0462  1.0000  0.0269  -5.8767   0.0000   0.1842
 -11.600  -0.9031   0.04140   0.03512  -0.0443  1.0000  0.0271  -5.8018   0.0000   0.1866
 -11.400  -0.9023   0.04026   0.03389  -0.0421  1.0000  0.0273  -5.7303   0.0000   0.1893
 -11.200  -0.9010   0.03910   0.03264  -0.0398  1.0000  0.0275  -5.6600   0.0000   0.1921
 -11.000  -0.8974   0.03789   0.03131  -0.0378  1.0000  0.0278  -5.5835   0.0000   0.1944
 -10.800  -0.8927   0.03667   0.02996  -0.0358  1.0000  0.0281  -5.5154   0.0000   0.1967
 -10.600  -0.8873   0.03544   0.02859  -0.0338  1.0000  0.0284  -5.4482   0.0000   0.1990
 -10.400  -0.8811   0.03422   0.02722  -0.0318  1.0000  0.0288  -5.3800   0.0000   0.2012
 -10.200  -0.8743   0.03300   0.02584  -0.0297  1.0000  0.0293  -5.3128   0.0000   0.2035
 -10.000  -0.8669   0.03179   0.02446  -0.0277  1.0000  0.0297  -5.2462   0.0000   0.2058
  -9.800  -0.8587   0.03060   0.02308  -0.0256  1.0000  0.0302  -5.1795   0.0000   0.2080
  -9.600  -0.8499   0.02948   0.02173  -0.0236  1.0000  0.0307  -5.1113   0.0000   0.2103
  -9.400  -0.8393   0.02872   0.02095  -0.0219  1.0000  0.0312  -5.0064   0.0000   0.2122
  -9.200  -0.8284   0.02819   0.02043  -0.0201  1.0000  0.0316  -4.8893   0.0000   0.2142
  -9.000  -0.8176   0.02770   0.01992  -0.0183  1.0000  0.0321  -4.7751   0.0000   0.2163
  -8.800  -0.8068   0.02718   0.01937  -0.0165  1.0000  0.0326  -4.6657   0.0000   0.2185
  -8.600  -0.7960   0.02662   0.01875  -0.0146  1.0000  0.0333  -4.5621   0.0000   0.2207
  -8.400  -0.7850   0.02599   0.01805  -0.0128  1.0000  0.0339  -4.4644   0.0000   0.2231
  -8.200  -0.7738   0.02532   0.01728  -0.0109  1.0000  0.0346  -4.3716   0.0000   0.2254
  -8.000  -0.7623   0.02465   0.01649  -0.0091  1.0000  0.0353  -4.2814   0.0000   0.2278
  -7.800  -0.7380   0.02385   0.01564  -0.0098  0.9976  0.0360  -4.1451   0.0000   0.2265
  -7.600  -0.7113   0.02321   0.01502  -0.0111  0.9944  0.0367  -3.9887   0.0000   0.2243
  -7.400  -0.6845   0.02261   0.01442  -0.0124  0.9910  0.0376  -3.8364   0.0000   0.2219
  -7.200  -0.6571   0.02201   0.01377  -0.0137  0.9876  0.0387  -3.6875   0.0000   0.2192
  -7.000  -0.6306   0.02142   0.01310  -0.0147  0.9835  0.0401  -3.5530   0.0000   0.2167
  -6.800  -0.6027   0.02082   0.01248  -0.0161  0.9802  0.0414  -3.4186   0.0000   0.2134
  -6.600  -0.5769   0.02032   0.01201  -0.0171  0.9752  0.0426  -3.2839   0.0000   0.2105
  -6.400  -0.5493   0.01979   0.01147  -0.0184  0.9712  0.0440  -3.1522   0.0000   0.2068
  -6.200  -0.5231   0.01925   0.01088  -0.0193  0.9660  0.0455  -3.0308   0.0000   0.2033
  -6.000  -0.4982   0.01872   0.01034  -0.0200  0.9602  0.0468  -2.9110   0.0000   0.2002
  -5.800  -0.4715   0.01825   0.00991  -0.0210  0.9551  0.0484  -2.7805   0.0000   0.1956
  -5.600  -0.4478   0.01785   0.00949  -0.0214  0.9475  0.0505  -2.6629   0.0000   0.1925
  -5.400  -0.4241   0.01742   0.00904  -0.0217  0.9398  0.0525  -2.5485   0.0000   0.1891
  -5.200  -0.4002   0.01700   0.00865  -0.0221  0.9321  0.0545  -2.4311   0.0000   0.1850
  -5.000  -0.3761   0.01660   0.00823  -0.0224  0.9242  0.0568  -2.3178   0.0000   0.1805
  -4.800  -0.3538   0.01621   0.00784  -0.0224  0.9145  0.0591  -2.2155   0.0000   0.1768
  -4.600  -0.3318   0.01587   0.00750  -0.0223  0.9042  0.0619  -2.1160   0.0000   0.1728
  -4.400  -0.3100   0.01554   0.00715  -0.0221  0.8933  0.0651  -2.0204   0.0000   0.1687
  -4.200  -0.2886   0.01522   0.00683  -0.0218  0.8817  0.0685  -1.9250   0.0000   0.1643
  -4.000  -0.2674   0.01492   0.00650  -0.0214  0.8692  0.0722  -1.8327   0.0000   0.1596
  -3.800  -0.2464   0.01464   0.00620  -0.0210  0.8559  0.0769  -1.7407   0.0000   0.1544
  -3.600  -0.2258   0.01436   0.00590  -0.0205  0.8416  0.0824  -1.6505   0.0000   0.1488
  -3.400  -0.2056   0.01411   0.00562  -0.0199  0.8256  0.0891  -1.5626   0.0000   0.1425
  -3.200  -0.1857   0.01386   0.00534  -0.0192  0.8073  0.0980  -1.4784   0.0000   0.1356
  -3.000  -0.1661   0.01359   0.00506  -0.0184  0.7880  0.1119  -1.4012   0.0000   0.1276
  -2.800  -0.1480   0.01321   0.00475  -0.0176  0.7683  0.1429  -1.3278   0.0000   0.1195
  -2.600  -0.1391   0.01194   0.00435  -0.0156  0.7504  0.3471  -1.2724   0.0000   0.1264
  -2.400  -0.1233   0.01152   0.00420  -0.0143  0.7325  0.4316  -1.2035   0.0000   0.1224
  -2.200  -0.1057   0.01126   0.00410  -0.0132  0.7151  0.4881  -1.1318   0.0000   0.1132
  -2.000  -0.0874   0.01108   0.00402  -0.0122  0.6977  0.5336  -1.0594   0.0000   0.0981
  -1.600  -0.0494   0.01087   0.00391  -0.0103  0.6630  0.6052  -0.9230   0.0000   0.0250
  -1.400  -0.0300   0.01081   0.00388  -0.0094  0.6460  0.6360  -0.8571   0.0000  -0.0860
  -1.200  -0.0105   0.01078   0.00386  -0.0086  0.6288  0.6648  -0.7917   0.0000  -0.6183
  -1.000   0.0093   0.01076   0.00386  -0.0078  0.6114  0.6925  -0.7271   0.0000   1.1239
  -0.800   0.0291   0.01076   0.00387  -0.0070  0.5942  0.7194  -0.6922   0.0000   0.4948
  -0.600   0.0489   0.01079   0.00390  -0.0061  0.5770  0.7474  -0.7181   0.0000   0.3746
  -0.400   0.0689   0.01084   0.00394  -0.0052  0.5598  0.7726  -0.7444   0.0000   0.3239
  -0.200   0.0895   0.01092   0.00398  -0.0046  0.5428  0.7916  -0.7712   0.0000   0.2975
   0.000   0.1106   0.01100   0.00401  -0.0041  0.5256  0.8055  -0.7984   0.0000   0.2825
   0.200   0.1319   0.01110   0.00403  -0.0036  0.5084  0.8182  -0.8265   0.0000   0.2726
   0.400   0.1532   0.01121   0.00406  -0.0032  0.4913  0.8305  -0.8554   0.0000   0.2656
   0.600   0.1746   0.01133   0.00411  -0.0028  0.4745  0.8425  -0.8845   0.0000   0.2605
   0.800   0.1960   0.01146   0.00416  -0.0024  0.4579  0.8542  -0.9137   0.0000   0.2565
   1.000   0.2177   0.01161   0.00422  -0.0021  0.4415  0.8653  -0.9434   0.0000   0.2536
   1.200   0.2402   0.01176   0.00430  -0.0020  0.4253  0.8755  -0.9747   0.0000   0.2519
   1.400   0.2629   0.01193   0.00438  -0.0019  0.4096  0.8852  -1.0068   0.0000   0.2507
   1.600   0.2856   0.01210   0.00446  -0.0019  0.3943  0.8946  -1.0392   0.0000   0.2499
   1.800   0.3083   0.01228   0.00455  -0.0018  0.3796  0.9040  -1.0716   0.0000   0.2491
   2.000   0.3311   0.01246   0.00465  -0.0019  0.3657  0.9130  -1.1044   0.0000   0.2486
   2.200   0.3561   0.01266   0.00477  -0.0023  0.3524  0.9201  -1.1403   0.0000   0.2495
   2.400   0.3802   0.01285   0.00488  -0.0027  0.3402  0.9277  -1.1761   0.0000   0.2498
   2.600   0.4035   0.01304   0.00500  -0.0029  0.3289  0.9357  -1.2114   0.0000   0.2497
   2.800   0.4300   0.01325   0.00513  -0.0037  0.3182  0.9413  -1.2496   0.0000   0.2512
   3.000   0.4550   0.01346   0.00527  -0.0043  0.3087  0.9476  -1.2870   0.0000   0.2519
   3.200   0.4803   0.01366   0.00540  -0.0050  0.2998  0.9539  -1.3264   0.0000   0.2526
   3.400   0.5078   0.01387   0.00555  -0.0062  0.2914  0.9584  -1.3681   0.0000   0.2542
   3.600   0.5329   0.01409   0.00570  -0.0068  0.2842  0.9643  -1.4078   0.0000   0.2548
   3.800   0.5625   0.01429   0.00587  -0.0085  0.2769  0.9676  -1.4519   0.0000   0.2569
   4.000   0.5887   0.01451   0.00603  -0.0094  0.2710  0.9727  -1.4947   0.0000   0.2577
   4.200   0.6181   0.01471   0.00619  -0.0110  0.2647  0.9758  -1.5413   0.0000   0.2594
   4.400   0.6447   0.01494   0.00636  -0.0121  0.2595  0.9804  -1.5855   0.0000   0.2602
   4.600   0.6738   0.01513   0.00654  -0.0137  0.2541  0.9835  -1.6323   0.0000   0.2616
   4.800   0.7009   0.01538   0.00673  -0.0149  0.2497  0.9875  -1.6792   0.0000   0.2624
   5.000   0.7298   0.01556   0.00691  -0.0165  0.2450  0.9906  -1.7286   0.0000   0.2635
   5.200   0.7577   0.01578   0.00710  -0.0179  0.2406  0.9939  -1.7775   0.0000   0.2644
   5.400   0.7857   0.01603   0.00731  -0.0194  0.2367  0.9970  -1.8269   0.0000   0.2652
   5.600   0.8143   0.01622   0.00752  -0.0209  0.2326  0.9998  -1.8791   0.0000   0.2661
   5.800   0.8304   0.01642   0.00770  -0.0199  0.2295  1.0000  -1.9180   0.0000   0.2641
   6.000   0.8450   0.01665   0.00788  -0.0186  0.2268  1.0000  -1.9555   0.0000   0.2620
   6.200   0.8604   0.01682   0.00808  -0.0174  0.2238  1.0000  -1.9937   0.0000   0.2600
   6.400   0.8757   0.01702   0.00830  -0.0162  0.2208  1.0000  -2.0334   0.0000   0.2580
   6.600   0.8906   0.01724   0.00851  -0.0150  0.2182  1.0000  -2.0736   0.0000   0.2561
   6.800   0.9051   0.01750   0.00873  -0.0137  0.2158  1.0000  -2.1136   0.0000   0.2541
   7.000   0.9205   0.01771   0.00897  -0.0125  0.2131  1.0000  -2.1545   0.0000   0.2523
   7.200   0.9358   0.01793   0.00921  -0.0113  0.2103  1.0000  -2.1968   0.0000   0.2506
   7.400   0.9508   0.01817   0.00947  -0.0101  0.2078  1.0000  -2.2400   0.0000   0.2488
   7.600   0.9656   0.01845   0.00972  -0.0088  0.2055  1.0000  -2.2832   0.0000   0.2471
   7.800   0.9807   0.01871   0.00999  -0.0076  0.2032  1.0000  -2.3268   0.0000   0.2455
   8.000   0.9963   0.01895   0.01028  -0.0065  0.2005  1.0000  -2.3731   0.0000   0.2440
   8.200   1.0114   0.01922   0.01056  -0.0053  0.1980  1.0000  -2.4196   0.0000   0.2425
   8.400   1.0263   0.01950   0.01085  -0.0041  0.1958  1.0000  -2.4661   0.0000   0.2410
   8.600   1.0410   0.01983   0.01114  -0.0029  0.1938  1.0000  -2.5145   0.0000   0.2395
   8.800   1.0567   0.02009   0.01148  -0.0019  0.1912  1.0000  -2.5643   0.0000   0.2382
   9.000   1.0721   0.02038   0.01181  -0.0008  0.1886  1.0000  -2.6144   0.0000   0.2369
   9.200   1.0872   0.02068   0.01214   0.0003  0.1863  1.0000  -2.6673   0.0000   0.2356
   9.400   1.1022   0.02102   0.01247   0.0014  0.1843  1.0000  -2.7204   0.0000   0.2343
   9.600   1.1175   0.02135   0.01284   0.0024  0.1821  1.0000  -2.7758   0.0000   0.2332
   9.800   1.1329   0.02167   0.01324   0.0034  0.1796  1.0000  -2.8323   0.0000   0.2320
  10.000   1.1479   0.02201   0.01361   0.0044  0.1772  1.0000  -2.8912   0.0000   0.2309
  10.200   1.1624   0.02236   0.01398   0.0055  0.1751  1.0000  -2.9512   0.0000   0.2297
  10.400   1.1767   0.02276   0.01437   0.0065  0.1732  1.0000  -3.0139   0.0000   0.2286
  10.600   1.1913   0.02312   0.01484   0.0075  0.1707  1.0000  -3.0787   0.0000   0.2275
  10.800   1.2054   0.02349   0.01528   0.0086  0.1682  1.0000  -3.1454   0.0000   0.2264
  11.000   1.2183   0.02388   0.01571   0.0098  0.1660  1.0000  -3.2139   0.0000   0.2251
  11.200   1.2301   0.02429   0.01612   0.0112  0.1641  1.0000  -3.2827   0.0000   0.2237
  11.400   1.2419   0.02472   0.01662   0.0126  0.1620  1.0000  -3.3534   0.0000   0.2224
  11.600   1.2538   0.02517   0.01716   0.0139  0.1596  1.0000  -3.4267   0.0000   0.2211
  11.800   1.2651   0.02563   0.01769   0.0152  0.1572  1.0000  -3.5015   0.0000   0.2199
  12.000   1.2758   0.02613   0.01821   0.0165  0.1552  1.0000  -3.5760   0.0000   0.2186
  12.200   1.2864   0.02668   0.01877   0.0177  0.1533  1.0000  -3.6549   0.0000   0.2174
  12.400   1.2973   0.02725   0.01947   0.0188  0.1507  1.0000  -3.7339   0.0000   0.2163
  12.600   1.3076   0.02784   0.02015   0.0200  0.1483  1.0000  -3.8121   0.0000   0.2152
  12.800   1.3170   0.02848   0.02083   0.0211  0.1461  1.0000  -3.8923   0.0000   0.2141
  13.000   1.3258   0.02918   0.02154   0.0222  0.1443  1.0000  -3.9731   0.0000   0.2130
  13.200   1.3352   0.02993   0.02242   0.0231  0.1417  1.0000  -4.0543   0.0000   0.2120
  13.400   1.3437   0.03073   0.02332   0.0240  0.1391  1.0000  -4.1341   0.0000   0.2110
  13.600   1.3513   0.03159   0.02423   0.0249  0.1369  1.0000  -4.2119   0.0000   0.2101
  13.800   1.3579   0.03254   0.02518   0.0257  0.1350  1.0000  -4.2905   0.0000   0.2091
  14.000   1.3654   0.03355   0.02634   0.0264  0.1323  1.0000  -4.3720   0.0000   0.2083
  14.200   1.3717   0.03464   0.02753   0.0271  0.1298  1.0000  -4.4508   0.0000   0.2075
  14.400   1.3768   0.03584   0.02878   0.0276  0.1276  1.0000  -4.5264   0.0000   0.2068
  14.600   1.3812   0.03716   0.03013   0.0281  0.1256  1.0000  -4.5992   0.0000   0.2061
  14.800   1.3860   0.03854   0.03167   0.0284  0.1230  1.0000  -4.6722   0.0000   0.2055
  15.000   1.3895   0.04007   0.03329   0.0286  0.1205  1.0000  -4.7412   0.0000   0.2049
  15.200   1.3915   0.04177   0.03504   0.0287  0.1184  1.0000  -4.8051   0.0000   0.2044
  15.400   1.3931   0.04359   0.03693   0.0287  0.1163  1.0000  -4.8699   0.0000   0.2040
  15.600   1.3945   0.04553   0.03901   0.0285  0.1138  1.0000  -4.9340   0.0000   0.2036
  15.800   1.3941   0.04770   0.04126   0.0282  0.1115  1.0000  -4.9915   0.0000   0.2034
  16.000   1.3920   0.05007   0.04368   0.0277  0.1096  1.0000  -5.0421   0.0000   0.2032
  16.200   1.3898   0.05258   0.04630   0.0271  0.1075  1.0000  -5.0902   0.0000   0.2030
  16.400   1.3865   0.05531   0.04916   0.0264  0.1052  1.0000  -5.1325   0.0000   0.2030
  16.600   1.3813   0.05832   0.05226   0.0254  0.1031  1.0000  -5.1668   0.0000   0.2031
  16.800   1.3746   0.06158   0.05557   0.0243  0.1014  1.0000  -5.1938   0.0000   0.2033
  17.000   1.3674   0.06504   0.05915   0.0230  0.0994  1.0000  -5.2157   0.0000   0.2037
  17.200   1.3586   0.06884   0.06307   0.0215  0.0973  1.0000  -5.2287   0.0000   0.2041
  17.400   1.3479   0.07295   0.06728   0.0198  0.0955  1.0000  -5.2320   0.0000   0.2047
  17.600   1.3362   0.07727   0.07166   0.0179  0.0938  1.0000  -5.2295   0.0000   0.2054
  17.800   1.3235   0.08184   0.07632   0.0160  0.0921  1.0000  -5.2195   0.0000   0.2063
  18.000   1.3078   0.08699   0.08161   0.0136  0.0902  1.0000  -5.1916   0.0000   0.2074
  18.200   1.2909   0.09239   0.08713   0.0111  0.0884  1.0000  -5.1555   0.0000   0.2087
  18.400   1.2749   0.09772   0.09253   0.0086  0.0868  1.0000  -5.1219   0.0000   0.2100
  18.600   1.2610   0.10274   0.09759   0.0063  0.0852  1.0000  -5.0972   0.0000   0.2113
  18.800   1.2386   0.10937   0.10437   0.0030  0.0833  1.0000  -5.0212   0.0000   0.2133
  19.000   1.2171   0.11593   0.11103  -0.0002  0.0814  1.0000  -4.9461   0.0000   0.2155
  19.200   1.2019   0.12145   0.11661  -0.0030  0.0796  1.0000  -4.9033   0.0000   0.2173
  19.400   1.1936   0.12575   0.12092  -0.0052  0.0778  1.0000  -4.8979   0.0000   0.2187
  19.600   1.1664   0.13375   0.12906  -0.0095  0.0757  1.0000  -4.7732   0.0000   0.2220
  19.800   1.1480   0.14018   0.13557  -0.0129  0.0735  1.0000  -4.6965   0.0000   0.2248
  20.000   1.1486   0.14298   0.13835  -0.0145  0.0717  1.0000  -4.7382   0.0000   0.2257
  20.200   1.1286   0.14993   0.14539  -0.0184  0.0695  1.0000  -4.6417   0.0000   0.2290
  20.400   1.1091   0.15700   0.15254  -0.0225  0.0670  1.0000  -4.5399   0.0000   0.2326
  20.600   1.1137   0.15913   0.15466  -0.0239  0.0653  1.0000  -4.6056   0.0000   0.2332
  20.800   1.1027   0.16458   0.16015  -0.0271  0.0632  1.0000  -4.5551   0.0000   0.2360
  21.000   1.0827   0.17213   0.16778  -0.0316  0.0605  1.0000  -4.4296   0.0000   0.2403
  21.200   1.0901   0.17366   0.16931  -0.0328  0.0590  1.0000  -4.5130   0.0000   0.2406
  21.400   1.0909   0.17671   0.17236  -0.0347  0.0573  1.0000  -4.5425   0.0000   0.2419
  21.600   1.0640   0.18629   0.18204  -0.0406  0.0542  1.0000  -4.3367   0.0000   0.2481
  21.800   1.0739   0.18725   0.18299  -0.0415  0.0530  1.0000  -4.4394   0.0000   0.2479
  22.000   1.0899   0.18672   0.18242  -0.0415  0.0521  1.0000  -4.5967   0.0000   0.2466
  22.200   1.0484   0.20048   0.19632  -0.0498  0.0481  1.0000  -4.2258   0.0000   0.2564
  22.400   1.0599   0.20098   0.19681  -0.0505  0.0472  1.0000  -4.3446   0.0000   0.2558
  22.600   1.0740   0.20079   0.19660  -0.0508  0.0466  1.0000  -4.4897   0.0000   0.2547
  23.000   1.0453   0.21565   0.21157  -0.0603  0.0416  1.0000  -4.1905   0.0000   0.2649
  23.200   1.0592   0.21535   0.21126  -0.0606  0.0412  1.0000  -4.3409   0.0000   0.2636
  23.600   1.0199   0.23487   0.23085  -0.0725  0.0348  1.0000  -3.8121   0.0000   0.2778
  23.800   1.0389   0.23254   0.22852  -0.0719  0.0353  1.0000  -4.0492   0.0000   0.2750
  24.400   1.0348   0.24589   0.24193  -0.0810  0.0310  1.0000  -3.8977   0.0000   0.2830


