xflr5 v6.47

 Calculated polar for: NACA24018_theta30_Ku4.5_Kl0.5_d0.28_delta9.02

 1 1 Reynolds number fixed          Mach number fixed         

 xtrf =   0.250 (top)        0.250 (bottom)
 Mach =   0.000     Re =     3.000 e 6     Ncrit =   5.000

  alpha     CL        CD       CDp       Cm    Top Xtr Bot Xtr   Cpmin    Chinge    XCp    
 ------- -------- --------- --------- -------- ------- ------- -------- --------- ---------
 -15.000  -0.3502   0.03417   0.02866  -0.1586  0.2500  0.0355  -4.2701   0.0000  -0.2484
 -14.500  -0.2801   0.03449   0.02895  -0.1622  0.2500  0.0369  -3.9272   0.0000  -0.3818
 -14.000  -0.2074   0.03491   0.02935  -0.1661  0.2500  0.0389  -3.5878   0.0000  -0.6173
 -13.500  -0.1367   0.03542   0.02984  -0.1696  0.2500  0.0409  -3.2639   0.0000  -1.0838
 -13.000  -0.0651   0.03601   0.03042  -0.1732  0.2500  0.0439  -2.9482   0.0000  -2.5933
 -12.500   0.0049   0.03665   0.03104  -0.1763  0.2500  0.0463  -2.6477   0.0000  38.7581
 -12.000   0.0770   0.03740   0.03178  -0.1798  0.2500  0.0497  -2.3678   0.0000   2.7157
 -11.500   0.1472   0.03819   0.03256  -0.1829  0.2500  0.0533  -2.1124   0.0000   1.5547
 -11.000   0.2167   0.03902   0.03340  -0.1858  0.2500  0.0578  -1.8673   0.0000   1.1458
 -10.500   0.2859   0.03991   0.03429  -0.1886  0.2500  0.0627  -1.6322   0.0000   0.9360
 -10.000   0.3560   0.04088   0.03526  -0.1915  0.2500  0.0694  -1.4085   0.0000   0.8069
  -9.500   0.4262   0.04190   0.03630  -0.1943  0.2500  0.0775  -1.2004   0.0000   0.7200
  -9.000   0.4942   0.04292   0.03734  -0.1968  0.2500  0.0863  -1.0128   0.0000   0.6587
  -8.500   0.5618   0.04398   0.03842  -0.1991  0.2500  0.0971  -0.9632   0.0000   0.6122
  -8.000   0.6319   0.04518   0.03965  -0.2018  0.2500  0.1133  -0.9816   0.0000   0.5751
  -7.500   0.7038   0.04649   0.04101  -0.2048  0.2500  0.1355  -1.0012   0.0000   0.5450
  -7.000   0.7783   0.04796   0.04255  -0.2082  0.2500  0.1691  -1.0612   0.0000   0.5200
  -6.500   0.8651   0.04995   0.04468  -0.2137  0.2500  0.2342  -1.1513   0.0000   0.4982
  -6.000   0.9266   0.05110   0.04584  -0.2148  0.2500  0.2500  -1.2265   0.0000   0.4819
  -5.500   0.9801   0.05196   0.04670  -0.2144  0.2500  0.2500  -1.2991   0.0000   0.4678
  -5.000   1.0335   0.05283   0.04755  -0.2140  0.2500  0.2500  -1.3731   0.0000   0.4552
  -4.500   1.0866   0.05368   0.04840  -0.2135  0.2500  0.2500  -1.4510   0.0000   0.4438
  -4.000   1.1390   0.05450   0.04922  -0.2129  0.2500  0.2500  -1.5296   0.0000   0.4334
  -3.500   1.1909   0.05531   0.05003  -0.2122  0.2500  0.2500  -1.6085   0.0000   0.4239
  -3.000   1.2423   0.05610   0.05084  -0.2114  0.2500  0.2500  -1.6907   0.0000   0.4151
  -2.500   1.2931   0.05689   0.05162  -0.2105  0.2465  0.2500  -1.7781   0.0000   0.4069
  -2.000   1.3428   0.05767   0.05235  -0.2094  0.2376  0.2500  -1.8673   0.0000   0.3994
  -1.500   1.3924   0.05845   0.05312  -0.2083  0.2319  0.2500  -1.9599   0.0000   0.3923
  -1.000   1.4409   0.05924   0.05387  -0.2071  0.2231  0.2500  -2.0525   0.0000   0.3856
  -0.500   1.4892   0.06005   0.05466  -0.2058  0.2157  0.2500  -2.1459   0.0000   0.3793
   0.000   1.5366   0.06088   0.05546  -0.2043  0.2087  0.2500  -2.2473   0.0000   0.3733
   0.500   1.5837   0.06173   0.05630  -0.2029  0.2020  0.2500  -2.3504   0.0000   0.3677
   1.000   1.6295   0.06262   0.05716  -0.2012  0.1936  0.2500  -2.4532   0.0000   0.3623
   1.500   1.6751   0.06351   0.05805  -0.1995  0.1881  0.2500  -2.5648   0.0000   0.3571
   2.000   1.7186   0.06444   0.05895  -0.1975  0.1798  0.2500  -2.6765   0.0000   0.3521
   2.500   1.7613   0.06541   0.05991  -0.1954  0.1729  0.2500  -2.7920   0.0000   0.3473
   3.000   1.8006   0.06658   0.06106  -0.1928  0.1641  0.2500  -2.9099   0.0000   0.3426
   3.500   1.8399   0.06775   0.06223  -0.1903  0.1573  0.2500  -3.0347   0.0000   0.3381
   4.000   1.8783   0.06894   0.06341  -0.1877  0.1495  0.2500  -3.1661   0.0000   0.3337
   4.500   1.9148   0.07021   0.06465  -0.1848  0.1397  0.2500  -3.3048   0.0000   0.3294
   5.000   1.9501   0.07156   0.06597  -0.1818  0.1306  0.2500  -3.4542   0.0000   0.3252
   5.500   1.9840   0.07300   0.06740  -0.1787  0.1221  0.2500  -3.6175   0.0000   0.3210
   6.000   2.0139   0.07478   0.06919  -0.1752  0.1156  0.2500  -3.7837   0.0000   0.3169
   6.500   2.0423   0.07662   0.07102  -0.1715  0.1062  0.2500  -3.9545   0.0000   0.3129
   7.000   2.0698   0.07852   0.07291  -0.1679  0.0978  0.2500  -4.1319   0.0000   0.3090
   7.500   2.0910   0.08098   0.07536  -0.1637  0.0890  0.2500  -4.3131   0.0000   0.3051
   8.000   2.1129   0.08333   0.07771  -0.1597  0.0813  0.2500  -4.5012   0.0000   0.3012
   8.500   2.1300   0.08608   0.08049  -0.1554  0.0745  0.2500  -4.6839   0.0000   0.2974
   9.000   2.1462   0.08890   0.08332  -0.1513  0.0674  0.2500  -4.8765   0.0000   0.2938
   9.500   2.1579   0.09220   0.08665  -0.1471  0.0613  0.2500  -5.0629   0.0000   0.2902
  10.000   2.1679   0.09568   0.09018  -0.1431  0.0560  0.2500  -5.2541   0.0000   0.2867
  10.500   2.1757   0.09940   0.09395  -0.1394  0.0512  0.2500  -5.4440   0.0000   0.2834
  11.000   2.1790   0.10362   0.09825  -0.1359  0.0468  0.2500  -5.6203   0.0000   0.2803
  11.500   2.1803   0.10810   0.10280  -0.1330  0.0427  0.2500  -5.7894   0.0000   0.2774
  12.000   2.1789   0.11290   0.10768  -0.1307  0.0392  0.2500  -5.9487   0.0000   0.2749
  12.500   2.1782   0.11768   0.11257  -0.1292  0.0367  0.2500  -6.1088   0.0000   0.2726
  13.000   2.1755   0.12266   0.11765  -0.1282  0.0343  0.2500  -6.2603   0.0000   0.2706
  13.500   2.1691   0.12808   0.12318  -0.1281  0.0321  0.2500  -6.3958   0.0000   0.2690
  14.000   2.1619   0.13362   0.12884  -0.1287  0.0303  0.2500  -6.5247   0.0000   0.2677
  14.500   2.1514   0.13958   0.13492  -0.1302  0.0285  0.2500  -6.6369   0.0000   0.2669
  15.000   2.1407   0.14557   0.14104  -0.1324  0.0271  0.2500  -6.7438   0.0000   0.2664
  15.500   2.1281   0.15177   0.14739  -0.1353  0.0257  0.2500  -6.8395   0.0000   0.2662
  16.000   2.1120   0.15843   0.15418  -0.1392  0.0244  0.2500  -6.9221   0.0000   0.2664
  16.500   2.0969   0.16498   0.16088  -0.1435  0.0233  0.2500  -7.0037   0.0000   0.2669
  17.000   2.0767   0.17222   0.16825  -0.1489  0.0221  0.2500  -7.0538   0.0000   0.2680
  17.500   2.0618   0.17872   0.17488  -0.1540  0.0210  0.2500  -7.1248   0.0000   0.2689
  18.000   2.0431   0.18573   0.18203  -0.1601  0.0200  0.2500  -7.1699   0.0000   0.2703
  18.500   2.0261   0.19250   0.18892  -0.1663  0.0189  0.2500  -7.2176   0.0000   0.2717
  19.000   2.0139   0.19854   0.19508  -0.1720  0.0181  0.2500  -7.2876   0.0000   0.2728
  19.500   2.0004   0.20475   0.20140  -0.1781  0.0171  0.2500  -7.3506   0.0000   0.2742
  20.000   1.9874   0.21086   0.20761  -0.1845  0.0162  0.2500  -7.4145   0.0000   0.2756
  20.500   1.9764   0.21661   0.21346  -0.1907  0.0153  0.2500  -7.4869   0.0000   0.2769
  21.000   1.9640   0.22254   0.21949  -0.1974  0.0144  0.2500  -7.5473   0.0000   0.2785
  21.500   1.9543   0.22796   0.22501  -0.2037  0.0138  0.2500  -7.6240   0.0000   0.2797
  22.000   1.9463   0.23301   0.23015  -0.2097  0.0131  0.2500  -7.7095   0.0000   0.2808
  22.500   1.9395   0.23776   0.23498  -0.2156  0.0124  0.2500  -7.8016   0.0000   0.2817
  23.000   1.9304   0.24285   0.24016  -0.2220  0.0119  0.2500  -7.8705   0.0000   0.2830
  23.500   1.9222   0.24772   0.24513  -0.2284  0.0114  0.2500  -7.9419   0.0000   0.2842
  24.000   1.9150   0.25232   0.24980  -0.2346  0.0108  0.2500  -8.0195   0.0000   0.2852
  24.500   1.9078   0.25685   0.25441  -0.2409  0.0102  0.2500  -8.0919   0.0000   0.2863
  25.000   1.9004   0.26151   0.25916  -0.2472  0.0098  0.2500  -8.1594   0.0000   0.2874


