xflr5 v6.47

 Calculated polar for: NACA24018_theta30_Ku4.5_Kl0.5_d0.35_delta13.38

 1 1 Reynolds number fixed          Mach number fixed         

 xtrf =   0.250 (top)        0.250 (bottom)
 Mach =   0.000     Re =     0.500 e 6     Ncrit =   5.000

  alpha     CL        CD       CDp       Cm    Top Xtr Bot Xtr   Cpmin    Chinge    XCp    
 ------- -------- --------- --------- -------- ------- ------- -------- --------- ---------
 -15.000  -0.1499   0.05690   0.05056  -0.1378  0.2500  0.0594  -3.3085   0.0000  -0.7476
 -14.500  -0.0759   0.05767   0.05123  -0.1428  0.2500  0.0628  -2.9973   0.0000  -1.7705
 -14.000   0.0004   0.05872   0.05223  -0.1480  0.2500  0.0668  -2.6868   0.0000  415.2778
 -13.500   0.0769   0.06001   0.05347  -0.1529  0.2500  0.0717  -2.3859   0.0000   2.3495
 -13.000   0.1515   0.06147   0.05488  -0.1574  0.2500  0.0772  -2.1211   0.0000   1.3373
 -12.500   0.2256   0.06309   0.05646  -0.1615  0.2500  0.0841  -1.8710   0.0000   0.9941
 -12.000   0.3000   0.06488   0.05822  -0.1656  0.2500  0.0925  -1.6287   0.0000   0.8199
 -11.500   0.3722   0.06674   0.06005  -0.1692  0.2500  0.1025  -1.3991   0.0000   0.7163
 -11.000   0.4482   0.06891   0.06223  -0.1734  0.2500  0.1158  -1.1723   0.0000   0.6442
 -10.500   0.5242   0.07125   0.06457  -0.1775  0.2500  0.1335  -0.9680   0.0000   0.5928
 -10.000   0.6054   0.07403   0.06740  -0.1824  0.2500  0.1611  -0.9212   0.0000   0.5531
  -9.500   0.6973   0.07764   0.07108  -0.1889  0.2500  0.2066  -0.9566   0.0000   0.5208
  -9.000   0.7837   0.08115   0.07463  -0.1943  0.2500  0.2500  -1.0093   0.0000   0.4964
  -8.500   0.8368   0.08263   0.07605  -0.1943  0.2500  0.2500  -1.0748   0.0000   0.4794
  -8.000   0.8892   0.08410   0.07746  -0.1942  0.2500  0.2500  -1.1405   0.0000   0.4645
  -7.500   0.9410   0.08555   0.07888  -0.1939  0.2500  0.2500  -1.2068   0.0000   0.4513
  -7.000   0.9921   0.08699   0.08029  -0.1936  0.2500  0.2500  -1.2773   0.0000   0.4394
  -6.500   1.0422   0.08841   0.08169  -0.1931  0.2500  0.2500  -1.3498   0.0000   0.4286
  -6.000   1.0913   0.08980   0.08308  -0.1924  0.2500  0.2500  -1.4223   0.0000   0.4188
  -5.500   1.1395   0.09117   0.08445  -0.1916  0.2500  0.2500  -1.4966   0.0000   0.4099
  -5.000   1.1870   0.09251   0.08580  -0.1907  0.2500  0.2500  -1.5741   0.0000   0.4016
  -4.500   1.2340   0.09383   0.08714  -0.1898  0.2500  0.2500  -1.6540   0.0000   0.3939
  -4.000   1.2803   0.09512   0.08846  -0.1887  0.2500  0.2500  -1.7342   0.0000   0.3867
  -3.500   1.3261   0.09640   0.08976  -0.1876  0.2500  0.2500  -1.8184   0.0000   0.3800
  -3.000   1.3714   0.09766   0.09107  -0.1864  0.2500  0.2500  -1.9066   0.0000   0.3737
  -2.500   1.4158   0.09888   0.09234  -0.1850  0.2500  0.2500  -1.9948   0.0000   0.3677
  -2.000   1.4593   0.10007   0.09359  -0.1836  0.2500  0.2500  -2.0829   0.0000   0.3620
  -1.500   1.5020   0.10124   0.09483  -0.1820  0.2500  0.2500  -2.1760   0.0000   0.3566
  -1.000   1.5439   0.10238   0.09604  -0.1804  0.2500  0.2500  -2.2717   0.0000   0.3515
  -0.500   1.5849   0.10350   0.09724  -0.1787  0.2500  0.2500  -2.3672   0.0000   0.3465
   0.000   1.6249   0.10463   0.09846  -0.1768  0.2500  0.2500  -2.4663   0.0000   0.3418
   0.500   1.6630   0.10586   0.09976  -0.1748  0.2433  0.2500  -2.5717   0.0000   0.3372
   1.000   1.6983   0.10722   0.10113  -0.1726  0.2355  0.2500  -2.6754   0.0000   0.3328
   1.500   1.7338   0.10850   0.10247  -0.1704  0.2282  0.2500  -2.7804   0.0000   0.3285
   2.000   1.7672   0.10988   0.10388  -0.1680  0.2199  0.2500  -2.8941   0.0000   0.3244
   2.500   1.8000   0.11122   0.10527  -0.1656  0.2128  0.2500  -3.0103   0.0000   0.3204
   3.000   1.8299   0.11275   0.10685  -0.1631  0.2053  0.2500  -3.1312   0.0000   0.3164
   3.500   1.8586   0.11430   0.10846  -0.1604  0.1978  0.2500  -3.2542   0.0000   0.3126
   4.000   1.8862   0.11589   0.11010  -0.1578  0.1901  0.2500  -3.3915   0.0000   0.3089
   4.500   1.9124   0.11754   0.11183  -0.1551  0.1831  0.2500  -3.5303   0.0000   0.3052
   5.000   1.9350   0.11947   0.11381  -0.1523  0.1753  0.2500  -3.6769   0.0000   0.3016
   5.500   1.9585   0.12126   0.11568  -0.1496  0.1676  0.2500  -3.8355   0.0000   0.2982
   6.000   1.9760   0.12358   0.11805  -0.1468  0.1600  0.2500  -3.9883   0.0000   0.2948
   6.500   1.9954   0.12564   0.12022  -0.1442  0.1521  0.2500  -4.1528   0.0000   0.2915
   7.000   2.0103   0.12811   0.12277  -0.1416  0.1447  0.2500  -4.3203   0.0000   0.2884
   7.500   2.0213   0.13092   0.12565  -0.1392  0.1371  0.2500  -4.4787   0.0000   0.2853
   8.000   2.0331   0.13362   0.12847  -0.1371  0.1295  0.2500  -4.6478   0.0000   0.2825
   8.500   2.0402   0.13675   0.13170  -0.1352  0.1224  0.2500  -4.8077   0.0000   0.2798
   9.000   2.0434   0.14026   0.13530  -0.1338  0.1155  0.2500  -4.9554   0.0000   0.2774
   9.500   2.0470   0.14370   0.13886  -0.1327  0.1081  0.2500  -5.1041   0.0000   0.2751
  10.000   2.0469   0.14748   0.14276  -0.1322  0.1012  0.2500  -5.2397   0.0000   0.2731
  10.500   2.0432   0.15164   0.14704  -0.1325  0.0948  0.2500  -5.3609   0.0000   0.2715
  11.000   2.0369   0.15607   0.15158  -0.1334  0.0887  0.2500  -5.4703   0.0000   0.2703
  11.500   2.0300   0.16056   0.15622  -0.1349  0.0829  0.2500  -5.5843   0.0000   0.2693
  12.000   2.0215   0.16521   0.16101  -0.1372  0.0776  0.2500  -5.6884   0.0000   0.2687
  12.500   2.0090   0.17034   0.16629  -0.1403  0.0727  0.2500  -5.7717   0.0000   0.2685
  13.000   1.9954   0.17561   0.17169  -0.1442  0.0676  0.2500  -5.8453   0.0000   0.2687
  13.500   1.9825   0.18083   0.17706  -0.1484  0.0629  0.2500  -5.9251   0.0000   0.2691
  14.000   1.9691   0.18612   0.18249  -0.1531  0.0588  0.2500  -5.9982   0.0000   0.2697
  14.500   1.9550   0.19149   0.18799  -0.1582  0.0550  0.2500  -6.0627   0.0000   0.2705
  15.000   1.9432   0.19655   0.19318  -0.1633  0.0513  0.2500  -6.1345   0.0000   0.2712
  15.500   1.9321   0.20149   0.19824  -0.1684  0.0481  0.2500  -6.2058   0.0000   0.2719
  16.000   1.9197   0.20658   0.20343  -0.1741  0.0449  0.2500  -6.2648   0.0000   0.2730
  16.500   1.9107   0.21114   0.20811  -0.1792  0.0417  0.2500  -6.3403   0.0000   0.2736
  17.000   1.9016   0.21569   0.21276  -0.1846  0.0388  0.2500  -6.4108   0.0000   0.2744
  17.500   1.8912   0.22038   0.21754  -0.1904  0.0362  0.2500  -6.4685   0.0000   0.2754


