xflr5 v6.47

 Calculated polar for: NACA24018_theta30_Ku4.5_Kl0.5_d0.14_delta3.44

 1 1 Reynolds number fixed          Mach number fixed         

 xtrf =   0.250 (top)        0.250 (bottom)
 Mach =   0.000     Re =     1.250 e 6     Ncrit =   5.000

  alpha     CL        CD       CDp       Cm    Top Xtr Bot Xtr   Cpmin    Chinge    XCp    
 ------- -------- --------- --------- -------- ------- ------- -------- --------- ---------
 -15.000  -0.8243   0.02539   0.01837  -0.1158  0.2500  0.0297  -5.9707   0.0000   0.0841
 -14.500  -0.8052   0.02404   0.01694  -0.1123  0.2500  0.0303  -5.7398   0.0000   0.0860
 -14.000  -0.7893   0.02272   0.01558  -0.1081  0.2500  0.0311  -5.5262   0.0000   0.0896
 -13.500  -0.7769   0.02158   0.01439  -0.1028  0.2500  0.0319  -5.3242   0.0000   0.0953
 -13.000  -0.7669   0.02056   0.01331  -0.0968  0.2500  0.0327  -5.1315   0.0000   0.1025
 -12.500  -0.7345   0.01966   0.01235  -0.0942  0.2500  0.0337  -4.8716   0.0000   0.1010
 -12.000  -0.6935   0.01879   0.01144  -0.0930  0.2500  0.0351  -4.5993   0.0000   0.0955
 -11.500  -0.6459   0.01806   0.01067  -0.0928  0.2500  0.0367  -4.3123   0.0000   0.0863
 -11.000  -0.5937   0.01744   0.01000  -0.0931  0.2500  0.0382  -4.0196   0.0000   0.0730
 -10.500  -0.5382   0.01687   0.00940  -0.0940  0.2500  0.0404  -3.7246   0.0000   0.0549
 -10.000  -0.4800   0.01640   0.00890  -0.0951  0.2500  0.0426  -3.4307   0.0000   0.0308
  -9.500  -0.4199   0.01599   0.00847  -0.0966  0.2500  0.0453  -3.1404   0.0000  -0.0020
  -9.000  -0.3582   0.01564   0.00810  -0.0983  0.2500  0.0483  -2.8670   0.0000  -0.0477
  -8.500  -0.2955   0.01536   0.00780  -0.1000  0.2500  0.0518  -2.6002   0.0000  -0.1142
  -8.000  -0.2316   0.01511   0.00755  -0.1019  0.2500  0.0562  -2.3503   0.0000  -0.2199
  -7.500  -0.1669   0.01492   0.00735  -0.1040  0.2500  0.0614  -2.1070   0.0000  -0.4099
  -7.000  -0.1016   0.01477   0.00721  -0.1060  0.2500  0.0676  -1.8741   0.0000  -0.8479
  -6.500  -0.0360   0.01466   0.00711  -0.1082  0.2500  0.0750  -1.6563   0.0000  -2.8942
  -5.500   0.0973   0.01453   0.00705  -0.1127  0.2500  0.0981  -1.2563   0.0000   1.4465
  -5.000   0.1647   0.01452   0.00709  -0.1150  0.2500  0.1149  -1.0772   0.0000   0.9676
  -4.500   0.2346   0.01452   0.00718  -0.1179  0.2500  0.1433  -0.9017   0.0000   0.7636
  -4.000   0.3117   0.01451   0.00736  -0.1224  0.2500  0.2033  -0.8424   0.0000   0.6489
  -3.500   0.3847   0.01459   0.00756  -0.1258  0.2500  0.2500  -0.9134   0.0000   0.5807
  -3.000   0.4450   0.01478   0.00771  -0.1266  0.2500  0.2500  -0.9818   0.0000   0.5361
  -2.500   0.5049   0.01498   0.00789  -0.1272  0.2500  0.2500  -1.0522   0.0000   0.5022
  -2.000   0.5644   0.01519   0.00808  -0.1278  0.2500  0.2500  -1.1232   0.0000   0.4754
  -1.500   0.6235   0.01542   0.00830  -0.1283  0.2500  0.2500  -1.1947   0.0000   0.4538
  -1.000   0.6821   0.01566   0.00854  -0.1287  0.2500  0.2500  -1.2703   0.0000   0.4358
  -0.500   0.7403   0.01592   0.00881  -0.1290  0.2500  0.2500  -1.3499   0.0000   0.4205
   0.000   0.7980   0.01620   0.00910  -0.1292  0.2500  0.2500  -1.4302   0.0000   0.4075
   0.500   0.8552   0.01648   0.00940  -0.1293  0.2500  0.2500  -1.5134   0.0000   0.3961
   1.000   0.9118   0.01679   0.00974  -0.1294  0.2500  0.2500  -1.5986   0.0000   0.3861
   1.500   0.9679   0.01711   0.01010  -0.1293  0.2500  0.2500  -1.6853   0.0000   0.3771
   2.000   1.0234   0.01746   0.01049  -0.1291  0.2500  0.2500  -1.7781   0.0000   0.3690
   2.500   1.0777   0.01787   0.01090  -0.1288  0.2439  0.2500  -1.8726   0.0000   0.3617
   3.000   1.1303   0.01835   0.01137  -0.1282  0.2361  0.2500  -1.9672   0.0000   0.3549
   3.500   1.1823   0.01883   0.01187  -0.1274  0.2299  0.2500  -2.0662   0.0000   0.3486
   4.000   1.2322   0.01940   0.01244  -0.1264  0.2222  0.2500  -2.1659   0.0000   0.3427
   4.500   1.2825   0.01995   0.01302  -0.1254  0.2160  0.2500  -2.2710   0.0000   0.3372
   5.000   1.3307   0.02061   0.01367  -0.1241  0.2083  0.2500  -2.3820   0.0000   0.3320
   5.500   1.3792   0.02124   0.01434  -0.1229  0.2021  0.2500  -2.4960   0.0000   0.3271
   6.000   1.4251   0.02199   0.01510  -0.1213  0.1949  0.2500  -2.6082   0.0000   0.3223
   6.500   1.4702   0.02275   0.01592  -0.1196  0.1889  0.2500  -2.7330   0.0000   0.3177
   7.000   1.5126   0.02367   0.01685  -0.1175  0.1808  0.2500  -2.8584   0.0000   0.3133
   7.500   1.5553   0.02459   0.01780  -0.1155  0.1742  0.2500  -2.9858   0.0000   0.3090
   8.000   1.5949   0.02565   0.01890  -0.1131  0.1680  0.2500  -3.1219   0.0000   0.3049
   8.500   1.6318   0.02687   0.02015  -0.1104  0.1591  0.2500  -3.2650   0.0000   0.3007
   9.000   1.6687   0.02811   0.02144  -0.1078  0.1526  0.2500  -3.4186   0.0000   0.2968
   9.500   1.7014   0.02962   0.02298  -0.1047  0.1448  0.2500  -3.5750   0.0000   0.2928
  10.000   1.7308   0.03136   0.02476  -0.1014  0.1363  0.2500  -3.7369   0.0000   0.2889
  10.500   1.7604   0.03313   0.02660  -0.0983  0.1299  0.2500  -3.9093   0.0000   0.2852
  11.000   1.7843   0.03536   0.02887  -0.0948  0.1218  0.2500  -4.0818   0.0000   0.2815
  11.500   1.8043   0.03798   0.03155  -0.0913  0.1142  0.2500  -4.2490   0.0000   0.2779
  12.000   1.8231   0.04083   0.03447  -0.0880  0.1072  0.2500  -4.4204   0.0000   0.2745
  12.500   1.8377   0.04416   0.03788  -0.0848  0.1002  0.2500  -4.5833   0.0000   0.2712
  13.000   1.8478   0.04805   0.04186  -0.0819  0.0939  0.2500  -4.7445   0.0000   0.2682
  13.500   1.8526   0.05265   0.04656  -0.0793  0.0876  0.2500  -4.8973   0.0000   0.2655
  14.000   1.8545   0.05776   0.05178  -0.0773  0.0818  0.2500  -5.0414   0.0000   0.2631
  14.500   1.8515   0.06361   0.05777  -0.0760  0.0767  0.2500  -5.1690   0.0000   0.2611
  15.000   1.8404   0.07065   0.06495  -0.0754  0.0716  0.2500  -5.2685   0.0000   0.2597
  15.500   1.8242   0.07858   0.07303  -0.0758  0.0672  0.2500  -5.3467   0.0000   0.2588
  16.000   1.8065   0.08696   0.08159  -0.0771  0.0637  0.2500  -5.4176   0.0000   0.2585
  16.500   1.7802   0.09663   0.09144  -0.0797  0.0602  0.2500  -5.4524   0.0000   0.2590
  17.000   1.7561   0.10622   0.10122  -0.0830  0.0572  0.2500  -5.4865   0.0000   0.2600
  17.500   1.7265   0.11670   0.11187  -0.0877  0.0541  0.2500  -5.4895   0.0000   0.2619
  18.000   1.7028   0.12645   0.12180  -0.0927  0.0513  0.2500  -5.5065   0.0000   0.2640
  18.500   1.6769   0.13664   0.13214  -0.0988  0.0487  0.2500  -5.5035   0.0000   0.2667
  19.000   1.6605   0.14552   0.14117  -0.1046  0.0463  0.2500  -5.5378   0.0000   0.2692
  19.500   1.6412   0.15489   0.15066  -0.1113  0.0438  0.2500  -5.5570   0.0000   0.2723
  20.000   1.6303   0.16296   0.15886  -0.1174  0.0414  0.2500  -5.6117   0.0000   0.2748
  20.500   1.6180   0.17130   0.16731  -0.1241  0.0390  0.2500  -5.6514   0.0000   0.2778
  21.000   1.6115   0.17873   0.17485  -0.1304  0.0367  0.2500  -5.7169   0.0000   0.2802
  21.500   1.6041   0.18633   0.18255  -0.1371  0.0346  0.2500  -5.7705   0.0000   0.2830
  22.000   1.5995   0.19345   0.18976  -0.1437  0.0326  0.2500  -5.8356   0.0000   0.2855
  22.500   1.5950   0.20054   0.19694  -0.1505  0.0307  0.2500  -5.8957   0.0000   0.2882
  23.000   1.5939   0.20699   0.20348  -0.1569  0.0289  0.2500  -5.9733   0.0000   0.2904
  23.500   1.5920   0.21356   0.21012  -0.1636  0.0273  0.2500  -6.0408   0.0000   0.2929
  24.000   1.5905   0.21999   0.21664  -0.1703  0.0256  0.2500  -6.1067   0.0000   0.2953
  24.500   1.5884   0.22649   0.22323  -0.1773  0.0242  0.2500  -6.1656   0.0000   0.2979
  25.000   1.5900   0.23226   0.22908  -0.1837  0.0228  0.2500  -6.2525   0.0000   0.2998


