xflr5 v6.47

 Calculated polar for: NACA24018_theta30_Ku4.5_Kl0.5_d0.31_delta11.03

 1 1 Reynolds number fixed          Mach number fixed         

 xtrf =   0.250 (top)        0.250 (bottom)
 Mach =   0.000     Re =     2.500 e 6     Ncrit =   5.000

  alpha     CL        CD       CDp       Cm    Top Xtr Bot Xtr   Cpmin    Chinge    XCp    
 ------- -------- --------- --------- -------- ------- ------- -------- --------- ---------
 -15.000  -0.1374   0.04458   0.03924  -0.1705  0.2500  0.0422  -3.5203   0.0000  -1.0928
 -14.500  -0.0682   0.04537   0.04000  -0.1738  0.2500  0.0441  -3.1890   0.0000  -2.4872
 -14.000   0.0033   0.04631   0.04092  -0.1775  0.2500  0.0467  -2.8854   0.0000  57.8629
 -13.500   0.0735   0.04733   0.04191  -0.1808  0.2500  0.0494  -2.5995   0.0000   2.8603
 -13.000   0.1443   0.04845   0.04303  -0.1842  0.2500  0.0529  -2.3218   0.0000   1.5957
 -12.500   0.2131   0.04961   0.04418  -0.1871  0.2500  0.0565  -2.0603   0.0000   1.1704
 -12.000   0.2819   0.05085   0.04541  -0.1900  0.2500  0.0614  -1.8184   0.0000   0.9527
 -11.500   0.3511   0.05217   0.04674  -0.1928  0.2500  0.0671  -1.5847   0.0000   0.8199
 -11.000   0.4192   0.05355   0.04812  -0.1954  0.2500  0.0733  -1.3649   0.0000   0.7315
 -10.500   0.4867   0.05498   0.04956  -0.1979  0.2500  0.0813  -1.1667   0.0000   0.6679
 -10.000   0.5541   0.05647   0.05107  -0.2003  0.2500  0.0913  -1.0225   0.0000   0.6198
  -9.500   0.6211   0.05801   0.05262  -0.2025  0.2500  0.1025  -1.0403   0.0000   0.5821
  -9.000   0.6914   0.05975   0.05440  -0.2053  0.2500  0.1194  -1.0604   0.0000   0.5511
  -8.500   0.7609   0.06153   0.05623  -0.2079  0.2500  0.1416  -1.0795   0.0000   0.5257
  -8.000   0.8342   0.06358   0.05834  -0.2111  0.2500  0.1756  -1.1013   0.0000   0.5041
  -7.500   0.9205   0.06642   0.06129  -0.2164  0.2500  0.2353  -1.1647   0.0000   0.4849
  -7.000   0.9793   0.06790   0.06278  -0.2170  0.2500  0.2500  -1.2413   0.0000   0.4704
  -6.500   1.0304   0.06896   0.06383  -0.2164  0.2500  0.2500  -1.3125   0.0000   0.4578
  -6.000   1.0812   0.07001   0.06487  -0.2156  0.2500  0.2500  -1.3842   0.0000   0.4464
  -5.500   1.1315   0.07103   0.06588  -0.2148  0.2500  0.2500  -1.4564   0.0000   0.4359
  -5.000   1.1815   0.07203   0.06689  -0.2140  0.2500  0.2500  -1.5325   0.0000   0.4263
  -4.500   1.2312   0.07304   0.06790  -0.2130  0.2500  0.2500  -1.6131   0.0000   0.4175
  -4.000   1.2808   0.07405   0.06892  -0.2121  0.2500  0.2500  -1.6962   0.0000   0.4092
  -3.500   1.3299   0.07505   0.06993  -0.2111  0.2500  0.2500  -1.7819   0.0000   0.4016
  -3.000   1.3779   0.07600   0.07090  -0.2099  0.2491  0.2500  -1.8676   0.0000   0.3944
  -2.500   1.4243   0.07696   0.07180  -0.2084  0.2390  0.2500  -1.9529   0.0000   0.3877
  -2.000   1.4706   0.07790   0.07273  -0.2070  0.2326  0.2500  -2.0468   0.0000   0.3813
  -1.500   1.5158   0.07885   0.07364  -0.2054  0.2242  0.2500  -2.1406   0.0000   0.3753
  -1.000   1.5608   0.07980   0.07458  -0.2037  0.2181  0.2500  -2.2366   0.0000   0.3696
  -0.500   1.6044   0.08076   0.07550  -0.2019  0.2095  0.2500  -2.3351   0.0000   0.3641
   0.000   1.6479   0.08172   0.07646  -0.2001  0.2028  0.2500  -2.4347   0.0000   0.3589
   0.500   1.6896   0.08278   0.07749  -0.1980  0.1947  0.2500  -2.5400   0.0000   0.3538
   1.000   1.7303   0.08394   0.07865  -0.1958  0.1887  0.2500  -2.6474   0.0000   0.3490
   1.500   1.7700   0.08510   0.07978  -0.1936  0.1802  0.2500  -2.7597   0.0000   0.3443
   2.000   1.8097   0.08620   0.08089  -0.1913  0.1744  0.2500  -2.8777   0.0000   0.3398
   2.500   1.8475   0.08732   0.08199  -0.1888  0.1655  0.2500  -2.9957   0.0000   0.3354
   3.000   1.8845   0.08846   0.08310  -0.1862  0.1577  0.2500  -3.1270   0.0000   0.3311
   3.500   1.9205   0.08961   0.08425  -0.1836  0.1496  0.2500  -3.2585   0.0000   0.3270
   4.000   1.9545   0.09087   0.08548  -0.1807  0.1409  0.2500  -3.4039   0.0000   0.3229
   4.500   1.9849   0.09241   0.08701  -0.1775  0.1329  0.2500  -3.5539   0.0000   0.3189
   5.000   2.0137   0.09403   0.08862  -0.1742  0.1229  0.2500  -3.7149   0.0000   0.3149
   5.500   2.0425   0.09561   0.09018  -0.1709  0.1140  0.2500  -3.8828   0.0000   0.3111
   6.000   2.0708   0.09721   0.09178  -0.1677  0.1070  0.2500  -4.0651   0.0000   0.3073
   6.500   2.0925   0.09937   0.09394  -0.1640  0.0984  0.2500  -4.2350   0.0000   0.3035
   7.000   2.1147   0.10143   0.09599  -0.1604  0.0901  0.2500  -4.4197   0.0000   0.2999
   7.500   2.1334   0.10378   0.09834  -0.1567  0.0827  0.2500  -4.6044   0.0000   0.2963
   8.000   2.1496   0.10627   0.10084  -0.1530  0.0753  0.2500  -4.7851   0.0000   0.2927
   8.500   2.1623   0.10911   0.10371  -0.1492  0.0684  0.2500  -4.9753   0.0000   0.2893
   9.000   2.1736   0.11206   0.10668  -0.1457  0.0620  0.2500  -5.1639   0.0000   0.2859
   9.500   2.1820   0.11529   0.10995  -0.1423  0.0564  0.2500  -5.3453   0.0000   0.2827
  10.000   2.1877   0.11882   0.11354  -0.1392  0.0517  0.2500  -5.5192   0.0000   0.2797
  10.500   2.1923   0.12245   0.11724  -0.1365  0.0477  0.2500  -5.6899   0.0000   0.2768
  11.000   2.1926   0.12653   0.12140  -0.1343  0.0440  0.2500  -5.8460   0.0000   0.2742
  11.500   2.1931   0.13059   0.12555  -0.1327  0.0409  0.2500  -6.0067   0.0000   0.2718
  12.000   2.1911   0.13493   0.12998  -0.1316  0.0382  0.2500  -6.1641   0.0000   0.2697
  12.500   2.1854   0.13966   0.13481  -0.1312  0.0353  0.2500  -6.3122   0.0000   0.2679
  13.000   2.1791   0.14447   0.13974  -0.1316  0.0329  0.2500  -6.4596   0.0000   0.2664
  13.500   2.1705   0.14951   0.14490  -0.1327  0.0308  0.2500  -6.5943   0.0000   0.2653
  14.000   2.1593   0.15483   0.15033  -0.1346  0.0285  0.2500  -6.7140   0.0000   0.2645
  14.500   2.1461   0.16039   0.15603  -0.1373  0.0268  0.2500  -6.8206   0.0000   0.2641
  15.000   2.1302   0.16630   0.16207  -0.1408  0.0251  0.2500  -6.9089   0.0000   0.2641
  15.500   2.1163   0.17193   0.16784  -0.1446  0.0237  0.2500  -7.0029   0.0000   0.2642
  16.000   2.0988   0.17806   0.17411  -0.1493  0.0224  0.2500  -7.0727   0.0000   0.2648
  16.500   2.0810   0.18424   0.18042  -0.1545  0.0213  0.2500  -7.1355   0.0000   0.2656
  17.000   2.0654   0.19014   0.18646  -0.1598  0.0202  0.2500  -7.2040   0.0000   0.2664
  17.500   2.0489   0.19614   0.19258  -0.1655  0.0190  0.2500  -7.2624   0.0000   0.2674
  18.000   2.0353   0.20172   0.19828  -0.1710  0.0181  0.2500  -7.3322   0.0000   0.2683
  18.500   2.0220   0.20723   0.20390  -0.1767  0.0172  0.2500  -7.3990   0.0000   0.2692
  19.000   2.0079   0.21283   0.20961  -0.1828  0.0164  0.2500  -7.4553   0.0000   0.2704
  19.500   1.9973   0.21788   0.21477  -0.1885  0.0157  0.2500  -7.5289   0.0000   0.2712
  20.000   1.9861   0.22293   0.21993  -0.1944  0.0150  0.2500  -7.5950   0.0000   0.2722
  20.500   1.9738   0.22808   0.22518  -0.2007  0.0142  0.2500  -7.6482   0.0000   0.2734
  21.000   1.9648   0.23266   0.22985  -0.2063  0.0136  0.2500  -7.7207   0.0000   0.2742
  21.500   1.9585   0.23671   0.23399  -0.2115  0.0130  0.2500  -7.8109   0.0000   0.2746
  22.000   1.9475   0.24146   0.23883  -0.2179  0.0123  0.2500  -7.8605   0.0000   0.2757


