xflr5 v6.47

 Calculated polar for: NACA24018_theta30_Ku4.5_Kl0.5_d0.00_delta0.00

 1 1 Reynolds number fixed          Mach number fixed         

 xtrf =   0.250 (top)        0.250 (bottom)
 Mach =   0.000     Re =     3.000 e 6     Ncrit =   5.000

  alpha     CL        CD       CDp       Cm    Top Xtr Bot Xtr   Cpmin    Chinge    XCp    
 ------- -------- --------- --------- -------- ------- ------- -------- --------- ---------
 -15.000  -1.1242   0.01872   0.01202  -0.0888  0.2500  0.0206  -7.2591   0.0000   0.1480
 -14.500  -1.0976   0.01770   0.01096  -0.0852  0.2500  0.0213  -6.9683   0.0000   0.1502
 -14.000  -1.0691   0.01682   0.01004  -0.0816  0.2500  0.0219  -6.6731   0.0000   0.1523
 -13.500  -1.0387   0.01606   0.00924  -0.0780  0.2500  0.0225  -6.3748   0.0000   0.1543
 -13.000  -1.0065   0.01540   0.00853  -0.0744  0.2500  0.0231  -6.0770   0.0000   0.1561
 -12.500  -0.9736   0.01478   0.00788  -0.0708  0.2500  0.0237  -5.7896   0.0000   0.1580
 -12.000  -0.9404   0.01419   0.00726  -0.0670  0.2500  0.0247  -5.5059   0.0000   0.1601
 -11.500  -0.9053   0.01367   0.00672  -0.0634  0.2500  0.0256  -5.2207   0.0000   0.1619
 -11.000  -0.8685   0.01322   0.00624  -0.0600  0.2500  0.0263  -4.9359   0.0000   0.1635
 -10.500  -0.8319   0.01277   0.00577  -0.0564  0.2500  0.0273  -4.6575   0.0000   0.1653
 -10.000  -0.7944   0.01235   0.00533  -0.0529  0.2500  0.0285  -4.3914   0.0000   0.1670
  -9.500  -0.7557   0.01199   0.00495  -0.0494  0.2500  0.0296  -4.1279   0.0000   0.1686
  -9.000  -0.7178   0.01166   0.00460  -0.0457  0.2500  0.0311  -3.8730   0.0000   0.1708
  -8.500  -0.6804   0.01141   0.00435  -0.0419  0.2500  0.0326  -3.6246   0.0000   0.1734
  -8.000  -0.6402   0.01119   0.00411  -0.0385  0.2500  0.0339  -3.3822   0.0000   0.1752
  -7.500  -0.5962   0.01092   0.00385  -0.0359  0.2500  0.0361  -3.1392   0.0000   0.1754
  -7.000  -0.5502   0.01069   0.00361  -0.0337  0.2500  0.0380  -2.8980   0.0000   0.1747
  -6.500  -0.5038   0.01046   0.00338  -0.0315  0.2500  0.0405  -2.6625   0.0000   0.1735
  -6.000  -0.4563   0.01025   0.00318  -0.0296  0.2500  0.0435  -2.4363   0.0000   0.1715
  -5.500  -0.4078   0.01005   0.00299  -0.0278  0.2500  0.0465  -2.2193   0.0000   0.1682
  -5.000  -0.3591   0.00986   0.00281  -0.0260  0.2500  0.0510  -2.0098   0.0000   0.1638
  -4.500  -0.3096   0.00968   0.00266  -0.0244  0.2500  0.0553  -1.8130   0.0000   0.1572
  -4.000  -0.2597   0.00952   0.00251  -0.0229  0.2500  0.0610  -1.6289   0.0000   0.1476
  -3.500  -0.2093   0.00937   0.00239  -0.0214  0.2500  0.0669  -1.4511   0.0000   0.1326
  -3.000  -0.1588   0.00922   0.00227  -0.0200  0.2500  0.0752  -1.2835   0.0000   0.1076
  -2.500  -0.1080   0.00907   0.00217  -0.0187  0.2500  0.0858  -1.1244   0.0000   0.0584
  -2.000  -0.0572   0.00893   0.00208  -0.0173  0.2500  0.0994  -0.9755   0.0000  -0.0788
  -1.000   0.0437   0.00862   0.00194  -0.0145  0.2500  0.1448  -0.7988   0.0000   0.5912
  -0.500   0.0910   0.00833   0.00185  -0.0126  0.2500  0.2057  -0.8553   0.0000   0.3863
   0.000   0.1404   0.00814   0.00180  -0.0110  0.2500  0.2500  -0.9147   0.0000   0.3231
   0.500   0.1943   0.00816   0.00181  -0.0102  0.2500  0.2500  -0.9793   0.0000   0.2961
   1.000   0.2480   0.00819   0.00183  -0.0095  0.2500  0.2500  -1.0462   0.0000   0.2807
   1.500   0.3016   0.00822   0.00186  -0.0087  0.2500  0.2500  -1.1138   0.0000   0.2707
   2.000   0.3550   0.00825   0.00190  -0.0080  0.2500  0.2500  -1.1842   0.0000   0.2636
   2.500   0.4078   0.00831   0.00195  -0.0071  0.2479  0.2500  -1.2579   0.0000   0.2580
   3.000   0.4596   0.00841   0.00203  -0.0061  0.2418  0.2500  -1.3332   0.0000   0.2532
   3.500   0.5104   0.00853   0.00212  -0.0049  0.2341  0.2500  -1.4101   0.0000   0.2491
   4.000   0.5614   0.00863   0.00221  -0.0037  0.2286  0.2500  -1.4902   0.0000   0.2457
   4.500   0.6110   0.00878   0.00233  -0.0023  0.2211  0.2500  -1.5704   0.0000   0.2424
   5.000   0.6610   0.00889   0.00245  -0.0010  0.2163  0.2500  -1.6554   0.0000   0.2397
   5.500   0.7090   0.00906   0.00260   0.0006  0.2084  0.2500  -1.7396   0.0000   0.2367
   6.000   0.7573   0.00921   0.00274   0.0022  0.2028  0.2500  -1.8289   0.0000   0.2341
   6.500   0.8030   0.00939   0.00290   0.0043  0.1966  0.2500  -1.9211   0.0000   0.2312
   7.000   0.8452   0.00952   0.00305   0.0070  0.1912  0.2500  -2.0108   0.0000   0.2276
   7.500   0.8857   0.00973   0.00323   0.0101  0.1839  0.2500  -2.1015   0.0000   0.2239
   8.000   0.9284   0.00993   0.00345   0.0126  0.1793  0.2500  -2.2017   0.0000   0.2210
   8.500   0.9689   0.01023   0.00374   0.0155  0.1722  0.2500  -2.3012   0.0000   0.2180
   9.000   1.0108   0.01050   0.00402   0.0181  0.1672  0.2500  -2.4082   0.0000   0.2155
   9.500   1.0491   0.01088   0.00439   0.0211  0.1588  0.2500  -2.5120   0.0000   0.2125
  10.000   1.0882   0.01123   0.00474   0.0240  0.1527  0.2500  -2.6287   0.0000   0.2098
  10.500   1.1254   0.01164   0.00515   0.0271  0.1457  0.2500  -2.7484   0.0000   0.2071
  11.000   1.1597   0.01215   0.00564   0.0305  0.1374  0.2500  -2.8735   0.0000   0.2041
  11.500   1.1962   0.01259   0.00611   0.0335  0.1327  0.2500  -3.0113   0.0000   0.2016
  12.000   1.2289   0.01317   0.00669   0.0369  0.1262  0.2500  -3.1445   0.0000   0.1987
  12.500   1.2574   0.01392   0.00742   0.0407  0.1170  0.2500  -3.2752   0.0000   0.1955
  13.000   1.2860   0.01470   0.00820   0.0444  0.1100  0.2500  -3.4262   0.0000   0.1925
  13.500   1.3137   0.01555   0.00906   0.0479  0.1037  0.2500  -3.5784   0.0000   0.1896
  14.000   1.3374   0.01662   0.01013   0.0516  0.0966  0.2500  -3.7382   0.0000   0.1865
  14.500   1.3582   0.01790   0.01142   0.0554  0.0895  0.2500  -3.8949   0.0000   0.1833
  15.000   1.3774   0.01937   0.01290   0.0589  0.0833  0.2500  -4.0548   0.0000   0.1803
  15.500   1.3959   0.02101   0.01456   0.0620  0.0776  0.2500  -4.2167   0.0000   0.1775
  16.000   1.4107   0.02301   0.01660   0.0650  0.0720  0.2500  -4.3734   0.0000   0.1747
  16.500   1.4212   0.02549   0.01911   0.0678  0.0665  0.2500  -4.5236   0.0000   0.1719
  17.000   1.4284   0.02844   0.02210   0.0700  0.0615  0.2500  -4.6654   0.0000   0.1694
  17.500   1.4367   0.03160   0.02532   0.0716  0.0576  0.2500  -4.8166   0.0000   0.1673
  18.000   1.4383   0.03557   0.02936   0.0727  0.0538  0.2500  -4.9503   0.0000   0.1652
  18.500   1.4339   0.04038   0.03423   0.0733  0.0500  0.2500  -5.0640   0.0000   0.1633
  19.000   1.4294   0.04551   0.03946   0.0732  0.0472  0.2500  -5.1785   0.0000   0.1618
  20.000   1.4001   0.05869   0.05287   0.0711  0.0426  0.2500  -5.3262   0.0000   0.1591
  20.500   1.3754   0.06681   0.06111   0.0691  0.0407  0.2500  -5.3559   0.0000   0.1581
  21.000   1.3496   0.07535   0.06978   0.0666  0.0390  0.2500  -5.3753   0.0000   0.1574
  21.500   1.3223   0.08433   0.07891   0.0636  0.0373  0.2500  -5.3822   0.0000   0.1570
  22.000   1.2871   0.09457   0.08927   0.0598  0.0356  0.2500  -5.3493   0.0000   0.1570
  22.500   1.2639   0.10350   0.09833   0.0561  0.0342  0.2500  -5.3582   0.0000   0.1575
  23.000   1.2371   0.11313   0.10808   0.0519  0.0327  0.2500  -5.3452   0.0000   0.1584
  23.500   1.2173   0.12192   0.11697   0.0476  0.0312  0.2500  -5.3580   0.0000   0.1596
  24.000   1.2028   0.13009   0.12524   0.0434  0.0298  0.2500  -5.3885   0.0000   0.1611
  24.500   1.1832   0.13912   0.13436   0.0385  0.0282  0.2500  -5.3896   0.0000   0.1630
  25.000   1.1743   0.14658   0.14192   0.0340  0.0270  0.2500  -5.4414   0.0000   0.1650


