xflr5 v6.47

 Calculated polar for: NACA24018_theta30_Ku4.5_Kl0.5_d0.21_delta5.84

 1 1 Reynolds number fixed          Mach number fixed         

 xtrf =   0.250 (top)        0.250 (bottom)
 Mach =   0.000     Re =     0.500 e 6     Ncrit =   5.000

  alpha     CL        CD       CDp       Cm    Top Xtr Bot Xtr   Cpmin    Chinge    XCp    
 ------- -------- --------- --------- -------- ------- ------- -------- --------- ---------
 -15.000  -0.6817   0.03659   0.02908  -0.1105  0.2500  0.0400  -5.2523   0.0000   0.0608
 -14.500  -0.6877   0.03434   0.02677  -0.1054  0.2500  0.0407  -5.1333   0.0000   0.0713
 -14.000  -0.6802   0.03240   0.02476  -0.1016  0.2500  0.0417  -4.9669   0.0000   0.0764
 -13.500  -0.6506   0.03075   0.02301  -0.1007  0.2500  0.0430  -4.7311   0.0000   0.0716
 -13.000  -0.6100   0.02931   0.02146  -0.1011  0.2500  0.0446  -4.4744   0.0000   0.0608
 -12.500  -0.5606   0.02815   0.02024  -0.1026  0.2500  0.0466  -4.1939   0.0000   0.0435
 -12.000  -0.5054   0.02720   0.01920  -0.1045  0.2500  0.0489  -3.9053   0.0000   0.0190
 -11.500  -0.4453   0.02642   0.01836  -0.1072  0.2500  0.0515  -3.6075   0.0000  -0.0159
 -11.000  -0.3822   0.02582   0.01770  -0.1100  0.2500  0.0547  -3.3099   0.0000  -0.0649
 -10.500  -0.3173   0.02540   0.01720  -0.1128  0.2500  0.0583  -3.0275   0.0000  -0.1355
 -10.000  -0.2492   0.02505   0.01683  -0.1163  0.2500  0.0625  -2.7466   0.0000  -0.2513
  -9.500  -0.1803   0.02485   0.01659  -0.1196  0.2500  0.0676  -2.4736   0.0000  -0.4571
  -9.000  -0.1102   0.02475   0.01647  -0.1230  0.2500  0.0738  -2.2182   0.0000  -0.9319
  -8.500  -0.0391   0.02475   0.01645  -0.1265  0.2500  0.0813  -1.9699   0.0000  -3.1502
  -8.000   0.0328   0.02484   0.01653  -0.1301  0.2500  0.0909  -1.7395   0.0000   4.3935
  -7.500   0.1060   0.02501   0.01672  -0.1339  0.2500  0.1040  -1.5149   0.0000   1.5620
  -7.000   0.1807   0.02527   0.01702  -0.1379  0.2500  0.1225  -1.2977   0.0000   1.0378
  -6.500   0.2580   0.02564   0.01744  -0.1423  0.2500  0.1512  -1.0981   0.0000   0.8165
  -6.000   0.3507   0.02622   0.01824  -0.1498  0.2500  0.2191  -0.8920   0.0000   0.6863
  -5.500   0.4253   0.02677   0.01881  -0.1535  0.2500  0.2500  -0.8591   0.0000   0.6169
  -5.000   0.4861   0.02722   0.01918  -0.1544  0.2500  0.2500  -0.9234   0.0000   0.5715
  -4.500   0.5462   0.02768   0.01958  -0.1552  0.2500  0.2500  -0.9908   0.0000   0.5363
  -4.000   0.6056   0.02816   0.02001  -0.1558  0.2500  0.2500  -1.0602   0.0000   0.5081
  -3.500   0.6643   0.02866   0.02048  -0.1564  0.2500  0.2500  -1.1315   0.0000   0.4850
  -3.000   0.7224   0.02918   0.02098  -0.1567  0.2500  0.2500  -1.2032   0.0000   0.4656
  -2.500   0.7798   0.02973   0.02151  -0.1570  0.2500  0.2500  -1.2752   0.0000   0.4490
  -2.000   0.8366   0.03029   0.02208  -0.1572  0.2500  0.2500  -1.3538   0.0000   0.4347
  -1.500   0.8926   0.03088   0.02268  -0.1572  0.2500  0.2500  -1.4332   0.0000   0.4221
  -1.000   0.9478   0.03149   0.02331  -0.1570  0.2500  0.2500  -1.5127   0.0000   0.4109
  -0.500   1.0022   0.03215   0.02400  -0.1568  0.2500  0.2500  -1.5963   0.0000   0.4009
   0.000   1.0557   0.03283   0.02473  -0.1564  0.2500  0.2500  -1.6833   0.0000   0.3919
   0.500   1.1085   0.03355   0.02550  -0.1558  0.2500  0.2500  -1.7707   0.0000   0.3836
   1.000   1.1605   0.03430   0.02631  -0.1552  0.2500  0.2500  -1.8584   0.0000   0.3761
   1.500   1.2116   0.03508   0.02716  -0.1544  0.2500  0.2500  -1.9496   0.0000   0.3690
   2.000   1.2619   0.03589   0.02806  -0.1535  0.2500  0.2500  -2.0479   0.0000   0.3625
   2.500   1.3112   0.03675   0.02900  -0.1524  0.2500  0.2500  -2.1473   0.0000   0.3564
   3.000   1.3592   0.03766   0.03001  -0.1512  0.2500  0.2500  -2.2462   0.0000   0.3506
   3.500   1.4052   0.03869   0.03112  -0.1497  0.2450  0.2500  -2.3465   0.0000   0.3452
   4.000   1.4474   0.03994   0.03239  -0.1477  0.2374  0.2500  -2.4480   0.0000   0.3399
   4.500   1.4916   0.04107   0.03361  -0.1460  0.2308  0.2500  -2.5586   0.0000   0.3349
   5.000   1.5312   0.04248   0.03504  -0.1437  0.2234  0.2500  -2.6695   0.0000   0.3301
   5.500   1.5717   0.04384   0.03652  -0.1416  0.2164  0.2500  -2.7895   0.0000   0.3254
   6.000   1.6073   0.04554   0.03825  -0.1389  0.2089  0.2500  -2.9059   0.0000   0.3209
   6.500   1.6449   0.04711   0.03994  -0.1365  0.2020  0.2500  -3.0352   0.0000   0.3166
   7.000   1.6759   0.04916   0.04204  -0.1335  0.1949  0.2500  -3.1607   0.0000   0.3123
   7.500   1.7094   0.05105   0.04406  -0.1308  0.1881  0.2500  -3.2953   0.0000   0.3082
   8.000   1.7365   0.05345   0.04654  -0.1276  0.1811  0.2500  -3.4361   0.0000   0.3042
   8.500   1.7634   0.05591   0.04912  -0.1245  0.1734  0.2500  -3.5820   0.0000   0.3003
   9.000   1.7865   0.05875   0.05207  -0.1213  0.1671  0.2500  -3.7316   0.0000   0.2965
   9.500   1.8056   0.06200   0.05543  -0.1181  0.1592  0.2500  -3.8880   0.0000   0.2929
  10.000   1.8230   0.06551   0.05907  -0.1151  0.1515  0.2500  -4.0465   0.0000   0.2895
  10.500   1.8353   0.06961   0.06330  -0.1122  0.1451  0.2500  -4.1933   0.0000   0.2863
  11.000   1.8456   0.07403   0.06786  -0.1097  0.1380  0.2500  -4.3357   0.0000   0.2834
  11.500   1.8524   0.07892   0.07291  -0.1076  0.1311  0.2500  -4.4748   0.0000   0.2808
  12.000   1.8535   0.08452   0.07865  -0.1060  0.1246  0.2500  -4.6053   0.0000   0.2786
  12.500   1.8519   0.09055   0.08484  -0.1052  0.1176  0.2500  -4.7273   0.0000   0.2768
  13.000   1.8482   0.09694   0.09140  -0.1051  0.1109  0.2500  -4.8432   0.0000   0.2754
  13.500   1.8404   0.10393   0.09856  -0.1060  0.1049  0.2500  -4.9438   0.0000   0.2746
  14.000   1.8275   0.11166   0.10645  -0.1079  0.0993  0.2500  -5.0221   0.0000   0.2745
  14.500   1.8190   0.11892   0.11389  -0.1104  0.0939  0.2500  -5.1107   0.0000   0.2746
  15.000   1.8053   0.12694   0.12209  -0.1140  0.0889  0.2500  -5.1751   0.0000   0.2754
  15.500   1.7876   0.13558   0.13088  -0.1187  0.0837  0.2500  -5.2201   0.0000   0.2769
  16.000   1.7742   0.14365   0.13911  -0.1236  0.0786  0.2500  -5.2756   0.0000   0.2784
  16.500   1.7600   0.15189   0.14750  -0.1291  0.0739  0.2500  -5.3209   0.0000   0.2804
  17.000   1.7466   0.16003   0.15576  -0.1351  0.0694  0.2500  -5.3626   0.0000   0.2826
  17.500   1.7343   0.16803   0.16389  -0.1414  0.0650  0.2500  -5.4068   0.0000   0.2849
  18.000   1.7262   0.17536   0.17135  -0.1475  0.0609  0.2500  -5.4685   0.0000   0.2870
  18.500   1.7187   0.18261   0.17871  -0.1538  0.0570  0.2500  -5.5303   0.0000   0.2892
  19.000   1.7110   0.18986   0.18606  -0.1604  0.0533  0.2500  -5.5858   0.0000   0.2916
  19.500   1.7067   0.19652   0.19282  -0.1667  0.0498  0.2500  -5.6552   0.0000   0.2936
  20.000   1.7035   0.20293   0.19933  -0.1730  0.0466  0.2500  -5.7271   0.0000   0.2955
  20.500   1.6998   0.20938   0.20587  -0.1796  0.0437  0.2500  -5.7915   0.0000   0.2976
  21.000   1.6989   0.21532   0.21191  -0.1858  0.0408  0.2500  -5.8691   0.0000   0.2993
  21.500   1.6976   0.22126   0.21794  -0.1922  0.0383  0.2500  -5.9406   0.0000   0.3011
  22.000   1.6952   0.22735   0.22409  -0.1989  0.0359  0.2500  -6.0100   0.0000   0.3032
  22.500   1.6962   0.23274   0.22960  -0.2051  0.0337  0.2500  -6.1029   0.0000   0.3046
  23.000   1.6964   0.23820   0.23513  -0.2115  0.0318  0.2500  -6.1871   0.0000   0.3062
  23.500   1.6966   0.24358   0.24060  -0.2179  0.0298  0.2500  -6.2683   0.0000   0.3078
  24.000   1.6975   0.24874   0.24585  -0.2242  0.0282  0.2500  -6.3517   0.0000   0.3093
  24.500   1.6985   0.25376   0.25095  -0.2305  0.0265  0.2500  -6.4346   0.0000   0.3106
  25.000   1.6994   0.25874   0.25602  -0.2369  0.0250  0.2500  -6.5120   0.0000   0.3120


