xflr5 v6.47

 Calculated polar for: NACA24018_theta30_Ku4.5_Kl0.5_d0.17_delta4.56

 1 1 Reynolds number fixed          Mach number fixed         

 xtrf =   0.250 (top)        0.250 (bottom)
 Mach =   0.000     Re =     0.500 e 6     Ncrit =   5.000

  alpha     CL        CD       CDp       Cm    Top Xtr Bot Xtr   Cpmin    Chinge    XCp    
 ------- -------- --------- --------- -------- ------- ------- -------- --------- ---------
 -15.000  -0.6981   0.03520   0.02751  -0.1155  0.2500  0.0382  -5.3655   0.0000   0.0569
 -14.500  -0.6864   0.03314   0.02534  -0.1125  0.2500  0.0392  -5.1822   0.0000   0.0596
 -14.000  -0.6746   0.03131   0.02339  -0.1091  0.2500  0.0402  -4.9989   0.0000   0.0630
 -13.500  -0.6676   0.02954   0.02156  -0.1047  0.2500  0.0412  -4.8370   0.0000   0.0692
 -13.000  -0.6675   0.02797   0.01994  -0.0986  0.2500  0.0422  -4.6951   0.0000   0.0796
 -12.500  -0.6446   0.02658   0.01846  -0.0957  0.2500  0.0437  -4.4849   0.0000   0.0796
 -12.000  -0.6099   0.02529   0.01708  -0.0945  0.2500  0.0453  -4.2435   0.0000   0.0735
 -11.500  -0.5663   0.02419   0.01592  -0.0945  0.2500  0.0472  -3.9784   0.0000   0.0617
 -11.000  -0.5161   0.02326   0.01491  -0.0952  0.2500  0.0496  -3.7041   0.0000   0.0438
 -10.500  -0.4613   0.02249   0.01409  -0.0965  0.2500  0.0525  -3.4317   0.0000   0.0184
 -10.000  -0.4025   0.02181   0.01337  -0.0984  0.2500  0.0556  -3.1571   0.0000  -0.0178
  -9.500  -0.3413   0.02128   0.01278  -0.1005  0.2500  0.0596  -2.8836   0.0000  -0.0695
  -9.000  -0.2779   0.02085   0.01231  -0.1028  0.2500  0.0641  -2.6223   0.0000  -0.1480
  -8.500  -0.2127   0.02051   0.01194  -0.1053  0.2500  0.0697  -2.3677   0.0000  -0.2785
  -8.000  -0.1459   0.02025   0.01166  -0.1081  0.2500  0.0762  -2.1179   0.0000  -0.5349
  -7.500  -0.0779   0.02007   0.01148  -0.1110  0.2500  0.0848  -1.8811   0.0000  -1.2477
  -7.000  -0.0095   0.01997   0.01138  -0.1138  0.2500  0.0958  -1.6560   0.0000  -12.2596
  -6.500   0.0610   0.01993   0.01137  -0.1171  0.2500  0.1112  -1.4456   0.0000   2.2441
  -5.500   0.2103   0.02002   0.01164  -0.1251  0.2500  0.1737  -1.0544   0.0000   0.8606
  -5.000   0.2978   0.02017   0.01202  -0.1318  0.2500  0.2500  -0.8589   0.0000   0.7013
  -4.500   0.3590   0.02044   0.01221  -0.1327  0.2500  0.2500  -0.8549   0.0000   0.6254
  -4.000   0.4195   0.02074   0.01243  -0.1335  0.2500  0.2500  -0.9215   0.0000   0.5718
  -3.500   0.4796   0.02106   0.01270  -0.1343  0.2500  0.2500  -0.9888   0.0000   0.5317
  -3.000   0.5390   0.02140   0.01300  -0.1349  0.2500  0.2500  -1.0564   0.0000   0.5006
  -2.500   0.5978   0.02176   0.01333  -0.1354  0.2500  0.2500  -1.1245   0.0000   0.4756
  -2.000   0.6561   0.02214   0.01369  -0.1358  0.2500  0.2500  -1.1974   0.0000   0.4551
  -1.500   0.7137   0.02254   0.01409  -0.1361  0.2500  0.2500  -1.2723   0.0000   0.4379
  -1.000   0.7706   0.02297   0.01453  -0.1363  0.2500  0.2500  -1.3495   0.0000   0.4232
  -0.500   0.8270   0.02343   0.01500  -0.1364  0.2500  0.2500  -1.4296   0.0000   0.4105
   0.000   0.8825   0.02391   0.01551  -0.1363  0.2500  0.2500  -1.5121   0.0000   0.3993
   0.500   0.9372   0.02443   0.01607  -0.1361  0.2500  0.2500  -1.5949   0.0000   0.3893
   1.000   0.9910   0.02498   0.01667  -0.1357  0.2500  0.2500  -1.6783   0.0000   0.3803
   1.500   1.0440   0.02556   0.01731  -0.1352  0.2500  0.2500  -1.7675   0.0000   0.3722
   2.000   1.0962   0.02618   0.01799  -0.1346  0.2500  0.2500  -1.8579   0.0000   0.3648
   2.500   1.1476   0.02684   0.01873  -0.1338  0.2500  0.2500  -1.9503   0.0000   0.3580
   3.000   1.1981   0.02755   0.01952  -0.1330  0.2500  0.2500  -2.0482   0.0000   0.3516
   3.500   1.2475   0.02830   0.02036  -0.1319  0.2500  0.2500  -2.1461   0.0000   0.3457
   4.000   1.2943   0.02918   0.02132  -0.1305  0.2475  0.2500  -2.2437   0.0000   0.3400
   4.500   1.3408   0.03007   0.02229  -0.1291  0.2402  0.2500  -2.3488   0.0000   0.3347
   5.000   1.3833   0.03119   0.02342  -0.1272  0.2329  0.2500  -2.4520   0.0000   0.3296
   5.500   1.4279   0.03220   0.02453  -0.1256  0.2262  0.2500  -2.5653   0.0000   0.3248
   6.000   1.4665   0.03354   0.02591  -0.1232  0.2187  0.2500  -2.6756   0.0000   0.3200
   6.500   1.5078   0.03475   0.02722  -0.1212  0.2121  0.2500  -2.7951   0.0000   0.3156
   7.000   1.5431   0.03633   0.02884  -0.1185  0.2048  0.2500  -2.9082   0.0000   0.3112
   7.500   1.5805   0.03780   0.03043  -0.1162  0.1982  0.2500  -3.0383   0.0000   0.3070
   8.000   1.6119   0.03969   0.03239  -0.1133  0.1914  0.2500  -3.1663   0.0000   0.3028
   8.500   1.6448   0.04152   0.03434  -0.1107  0.1845  0.2500  -3.3070   0.0000   0.2989
   9.000   1.6722   0.04377   0.03669  -0.1076  0.1774  0.2500  -3.4483   0.0000   0.2950
   9.500   1.6980   0.04623   0.03926  -0.1047  0.1701  0.2500  -3.5983   0.0000   0.2913
  10.000   1.7214   0.04898   0.04213  -0.1018  0.1632  0.2500  -3.7551   0.0000   0.2877
  10.500   1.7386   0.05235   0.04561  -0.0988  0.1561  0.2500  -3.8994   0.0000   0.2843
  11.000   1.7562   0.05582   0.04922  -0.0962  0.1487  0.2500  -4.0457   0.0000   0.2812
  11.500   1.7690   0.05987   0.05341  -0.0937  0.1422  0.2500  -4.1932   0.0000   0.2782
  12.000   1.7754   0.06470   0.05838  -0.0916  0.1353  0.2500  -4.3284   0.0000   0.2756
  12.500   1.7802   0.06988   0.06370  -0.0900  0.1280  0.2500  -4.4637   0.0000   0.2733
  13.000   1.7807   0.07567   0.06967  -0.0890  0.1214  0.2500  -4.5857   0.0000   0.2714
  13.500   1.7756   0.08228   0.07645  -0.0887  0.1156  0.2500  -4.6894   0.0000   0.2700
  14.000   1.7668   0.08951   0.08385  -0.0893  0.1099  0.2500  -4.7824   0.0000   0.2692
  14.500   1.7568   0.09703   0.09156  -0.0907  0.1042  0.2500  -4.8670   0.0000   0.2688
  15.000   1.7414   0.10539   0.10009  -0.0932  0.0986  0.2500  -4.9318   0.0000   0.2692
  15.500   1.7226   0.11431   0.10919  -0.0968  0.0931  0.2500  -4.9796   0.0000   0.2703
  16.000   1.7071   0.12286   0.11791  -0.1009  0.0878  0.2500  -5.0346   0.0000   0.2716
  16.500   1.6915   0.13151   0.12672  -0.1056  0.0829  0.2500  -5.0817   0.0000   0.2733
  17.000   1.6758   0.14020   0.13556  -0.1111  0.0782  0.2500  -5.1212   0.0000   0.2755
  17.500   1.6603   0.14893   0.14441  -0.1171  0.0736  0.2500  -5.1536   0.0000   0.2780
  18.000   1.6506   0.15677   0.15239  -0.1228  0.0690  0.2500  -5.2060   0.0000   0.2802
  18.500   1.6419   0.16448   0.16023  -0.1288  0.0647  0.2500  -5.2569   0.0000   0.2826
  19.000   1.6333   0.17218   0.16803  -0.1352  0.0606  0.2500  -5.3028   0.0000   0.2851
  19.500   1.6254   0.17977   0.17572  -0.1418  0.0567  0.2500  -5.3510   0.0000   0.2878
  20.000   1.6221   0.18661   0.18267  -0.1479  0.0529  0.2500  -5.4182   0.0000   0.2900
  20.500   1.6195   0.19331   0.18947  -0.1542  0.0496  0.2500  -5.4853   0.0000   0.2922
  21.000   1.6165   0.20005   0.19629  -0.1608  0.0464  0.2500  -5.5474   0.0000   0.2946
  21.500   1.6142   0.20663   0.20295  -0.1674  0.0434  0.2500  -5.6179   0.0000   0.2969
  22.000   1.6144   0.21270   0.20913  -0.1737  0.0407  0.2500  -5.7013   0.0000   0.2989
  22.500   1.6142   0.21879   0.21530  -0.1802  0.0382  0.2500  -5.7784   0.0000   0.3010
  23.000   1.6147   0.22469   0.22127  -0.1867  0.0359  0.2500  -5.8573   0.0000   0.3030
  23.500   1.6169   0.23024   0.22693  -0.1929  0.0338  0.2500  -5.9437   0.0000   0.3047
  24.000   1.6174   0.23601   0.23276  -0.1995  0.0319  0.2500  -6.0157   0.0000   0.3067
  24.500   1.6196   0.24140   0.23826  -0.2059  0.0300  0.2500  -6.0967   0.0000   0.3084
  25.000   1.6218   0.24670   0.24361  -0.2123  0.0283  0.2500  -6.1762   0.0000   0.3100


