xflr5 v6.47

 Calculated polar for: NACA24018_theta30_Ku4.5_Kl0.5_d0.28_delta9.02

 1 1 Reynolds number fixed          Mach number fixed         

 xtrf =   0.250 (top)        0.250 (bottom)
 Mach =   0.000     Re =     0.700 e 6     Ncrit =   5.000

  alpha     CL        CD       CDp       Cm    Top Xtr Bot Xtr   Cpmin    Chinge    XCp    
 ------- -------- --------- --------- -------- ------- ------- -------- --------- ---------
 -15.000  -0.5316   0.03859   0.03193  -0.1197  0.2500  0.0427  -4.7154   0.0000  -0.0056
 -14.500  -0.4675   0.03790   0.03116  -0.1237  0.2500  0.0447  -4.3764   0.0000  -0.0468
 -14.000  -0.3991   0.03745   0.03063  -0.1282  0.2500  0.0469  -4.0468   0.0000  -0.1060
 -13.500  -0.3297   0.03726   0.03038  -0.1324  0.2500  0.0495  -3.7203   0.0000  -0.1905
 -13.000  -0.2573   0.03726   0.03032  -0.1369  0.2500  0.0522  -3.3959   0.0000  -0.3283
 -12.500  -0.1857   0.03743   0.03043  -0.1410  0.2500  0.0554  -3.0825   0.0000  -0.5679
 -12.000  -0.1120   0.03776   0.03073  -0.1454  0.2500  0.0592  -2.7731   0.0000  -1.1372
 -11.500  -0.0385   0.03823   0.03116  -0.1495  0.2500  0.0637  -2.4785   0.0000  -3.8745
 -11.000   0.0345   0.03882   0.03171  -0.1534  0.2500  0.0689  -2.2176   0.0000   4.9400
 -10.500   0.1077   0.03952   0.03239  -0.1572  0.2500  0.0754  -1.9644   0.0000   1.7789
 -10.000   0.1817   0.04033   0.03319  -0.1611  0.2500  0.0835  -1.7187   0.0000   1.1733
  -9.500   0.2562   0.04125   0.03411  -0.1650  0.2500  0.0934  -1.4858   0.0000   0.9171
  -9.000   0.3296   0.04225   0.03511  -0.1686  0.2500  0.1061  -1.2708   0.0000   0.7772
  -8.500   0.4059   0.04342   0.03631  -0.1727  0.2500  0.1242  -1.0667   0.0000   0.6862
  -8.000   0.4851   0.04477   0.03772  -0.1773  0.2500  0.1518  -0.8771   0.0000   0.6227
  -7.500   0.5765   0.04665   0.03973  -0.1840  0.2500  0.2060  -0.8907   0.0000   0.5738
  -7.000   0.6589   0.04838   0.04152  -0.1889  0.2500  0.2500  -0.9733   0.0000   0.5395
  -6.500   0.7167   0.04931   0.04239  -0.1894  0.2500  0.2500  -1.0395   0.0000   0.5156
  -6.000   0.7736   0.05023   0.04327  -0.1897  0.2500  0.2500  -1.1064   0.0000   0.4953
  -5.500   0.8295   0.05115   0.04416  -0.1898  0.2500  0.2500  -1.1761   0.0000   0.4778
  -5.000   0.8848   0.05208   0.04506  -0.1898  0.2500  0.2500  -1.2482   0.0000   0.4625
  -4.500   0.9395   0.05301   0.04598  -0.1896  0.2500  0.2500  -1.3219   0.0000   0.4490
  -4.000   0.9934   0.05395   0.04691  -0.1894  0.2500  0.2500  -1.3984   0.0000   0.4369
  -3.500   1.0466   0.05489   0.04785  -0.1890  0.2500  0.2500  -1.4762   0.0000   0.4260
  -3.000   1.0994   0.05584   0.04882  -0.1885  0.2500  0.2500  -1.5545   0.0000   0.4161
  -2.500   1.1513   0.05681   0.04981  -0.1879  0.2500  0.2500  -1.6364   0.0000   0.4071
  -2.000   1.2026   0.05780   0.05083  -0.1872  0.2500  0.2500  -1.7222   0.0000   0.3988
  -1.500   1.2532   0.05880   0.05187  -0.1864  0.2500  0.2500  -1.8098   0.0000   0.3911
  -1.000   1.3024   0.05984   0.05296  -0.1854  0.2500  0.2500  -1.9003   0.0000   0.3839
  -0.500   1.3505   0.06092   0.05409  -0.1842  0.2500  0.2500  -1.9906   0.0000   0.3772
   0.000   1.3980   0.06202   0.05525  -0.1829  0.2500  0.2500  -2.0812   0.0000   0.3709
   0.500   1.4446   0.06311   0.05642  -0.1815  0.2500  0.2500  -2.1800   0.0000   0.3649
   1.000   1.4904   0.06423   0.05761  -0.1800  0.2488  0.2500  -2.2795   0.0000   0.3593
   1.500   1.5348   0.06541   0.05882  -0.1783  0.2406  0.2500  -2.3791   0.0000   0.3539
   2.000   1.5771   0.06669   0.06011  -0.1764  0.2330  0.2500  -2.4848   0.0000   0.3487
   2.500   1.6194   0.06796   0.06144  -0.1744  0.2259  0.2500  -2.5930   0.0000   0.3438
   3.000   1.6585   0.06945   0.06293  -0.1721  0.2181  0.2500  -2.7018   0.0000   0.3390
   3.500   1.6970   0.07095   0.06450  -0.1698  0.2109  0.2500  -2.8157   0.0000   0.3344
   4.000   1.7330   0.07258   0.06616  -0.1672  0.2038  0.2500  -2.9332   0.0000   0.3299
   4.500   1.7697   0.07416   0.06780  -0.1647  0.1965  0.2500  -3.0587   0.0000   0.3256
   5.000   1.8026   0.07598   0.06967  -0.1618  0.1892  0.2500  -3.1874   0.0000   0.3213
   5.500   1.8343   0.07792   0.07168  -0.1589  0.1817  0.2500  -3.3249   0.0000   0.3172
   6.000   1.8642   0.07996   0.07377  -0.1559  0.1743  0.2500  -3.4688   0.0000   0.3132
   6.500   1.8912   0.08221   0.07608  -0.1528  0.1665  0.2500  -3.6251   0.0000   0.3093
   7.000   1.9173   0.08455   0.07851  -0.1496  0.1592  0.2500  -3.7834   0.0000   0.3055
   7.500   1.9385   0.08730   0.08131  -0.1462  0.1512  0.2500  -3.9371   0.0000   0.3017
   8.000   1.9598   0.09004   0.08413  -0.1431  0.1427  0.2500  -4.1044   0.0000   0.2981
   8.500   1.9777   0.09313   0.08731  -0.1399  0.1356  0.2500  -4.2757   0.0000   0.2947
   9.000   1.9910   0.09666   0.09092  -0.1368  0.1286  0.2500  -4.4364   0.0000   0.2914
   9.500   2.0038   0.10025   0.09462  -0.1341  0.1212  0.2500  -4.6036   0.0000   0.2882
  10.000   2.0126   0.10426   0.09873  -0.1316  0.1139  0.2500  -4.7651   0.0000   0.2854
  10.500   2.0168   0.10879   0.10335  -0.1295  0.1068  0.2500  -4.9181   0.0000   0.2828
  11.000   2.0193   0.11352   0.10820  -0.1281  0.0997  0.2500  -5.0647   0.0000   0.2805
  11.500   2.0202   0.11846   0.11326  -0.1272  0.0935  0.2500  -5.2133   0.0000   0.2785
  12.000   2.0166   0.12392   0.11885  -0.1271  0.0877  0.2500  -5.3466   0.0000   0.2769
  12.500   2.0089   0.12987   0.12494  -0.1280  0.0819  0.2500  -5.4620   0.0000   0.2759
  13.000   2.0021   0.13578   0.13099  -0.1295  0.0765  0.2500  -5.5768   0.0000   0.2751
  13.500   1.9907   0.14229   0.13765  -0.1320  0.0717  0.2500  -5.6692   0.0000   0.2750
  14.000   1.9754   0.14936   0.14487  -0.1357  0.0671  0.2500  -5.7398   0.0000   0.2754
  14.500   1.9629   0.15611   0.15179  -0.1397  0.0628  0.2500  -5.8160   0.0000   0.2760
  15.000   1.9469   0.16336   0.15919  -0.1447  0.0591  0.2500  -5.8705   0.0000   0.2771
  15.500   1.9308   0.17063   0.16660  -0.1502  0.0553  0.2500  -5.9182   0.0000   0.2786
  16.000   1.9170   0.17759   0.17372  -0.1559  0.0520  0.2500  -5.9697   0.0000   0.2800
  16.500   1.9017   0.18472   0.18096  -0.1621  0.0488  0.2500  -6.0085   0.0000   0.2818
  17.000   1.8900   0.19133   0.18771  -0.1681  0.0456  0.2500  -6.0591   0.0000   0.2834
  17.500   1.8785   0.19789   0.19438  -0.1744  0.0427  0.2500  -6.1125   0.0000   0.2851
  18.000   1.8677   0.20432   0.20092  -0.1808  0.0399  0.2500  -6.1659   0.0000   0.2869
  18.500   1.8611   0.21003   0.20674  -0.1866  0.0374  0.2500  -6.2401   0.0000   0.2882
  19.000   1.8521   0.21608   0.21288  -0.1932  0.0351  0.2500  -6.2944   0.0000   0.2899
  19.500   1.8489   0.22110   0.21801  -0.1986  0.0330  0.2500  -6.3824   0.0000   0.2908
  20.000   1.8418   0.22672   0.22371  -0.2050  0.0311  0.2500  -6.4398   0.0000   0.2924
  20.500   1.8380   0.23169   0.22879  -0.2108  0.0292  0.2500  -6.5199   0.0000   0.2935
  21.000   1.8323   0.23693   0.23411  -0.2172  0.0276  0.2500  -6.5896   0.0000   0.2949
  21.500   1.8305   0.24137   0.23865  -0.2227  0.0259  0.2500  -6.6874   0.0000   0.2957
  22.000   1.8248   0.24644   0.24378  -0.2292  0.0244  0.2500  -6.7497   0.0000   0.2971
  22.500   1.8228   0.25073   0.24818  -0.2348  0.0230  0.2500  -6.8399   0.0000   0.2979
  23.000   1.8187   0.25533   0.25283  -0.2410  0.0216  0.2500  -6.9144   0.0000   0.2991
  23.500   1.8167   0.25943   0.25705  -0.2466  0.0204  0.2500  -7.0054   0.0000   0.2998


