xflr5 v6.47

 Calculated polar for: NACA24018_theta30_Ku4.5_Kl0.5_d0.10_delta2.45

 1 1 Reynolds number fixed          Mach number fixed         

 xtrf =   0.250 (top)        0.250 (bottom)
 Mach =   0.000     Re =     0.600 e 6     Ncrit =   5.000

  alpha     CL        CD       CDp       Cm    Top Xtr Bot Xtr   Cpmin    Chinge    XCp    
 ------- -------- --------- --------- -------- ------- ------- -------- --------- ---------
 -15.000  -0.7686   0.03146   0.02360  -0.1206  0.2500  0.0336  -5.7219   0.0000   0.0656
 -14.500  -0.7487   0.02950   0.02155  -0.1186  0.2500  0.0346  -5.5016   0.0000   0.0652
 -14.000  -0.7274   0.02779   0.01974  -0.1161  0.2500  0.0356  -5.2785   0.0000   0.0648
 -13.500  -0.7051   0.02627   0.01810  -0.1134  0.2500  0.0366  -5.0547   0.0000   0.0645
 -13.000  -0.6856   0.02474   0.01652  -0.1100  0.2500  0.0377  -4.8406   0.0000   0.0657
 -12.500  -0.6632   0.02350   0.01522  -0.1065  0.2500  0.0390  -4.6252   0.0000   0.0664
 -12.000  -0.6399   0.02242   0.01406  -0.1027  0.2500  0.0404  -4.4116   0.0000   0.0672
 -11.500  -0.6191   0.02139   0.01296  -0.0983  0.2500  0.0418  -4.2084   0.0000   0.0698
 -11.000  -0.6011   0.02047   0.01200  -0.0931  0.2500  0.0432  -4.0141   0.0000   0.0746
 -10.500  -0.5874   0.01969   0.01117  -0.0867  0.2500  0.0447  -3.8338   0.0000   0.0828
 -10.000  -0.5588   0.01891   0.01032  -0.0828  0.2500  0.0464  -3.6164   0.0000   0.0827
  -9.500  -0.5232   0.01816   0.00954  -0.0801  0.2500  0.0488  -3.3933   0.0000   0.0782
  -9.000  -0.4812   0.01754   0.00886  -0.0783  0.2500  0.0516  -3.1596   0.0000   0.0686
  -8.500  -0.4357   0.01691   0.00822  -0.0771  0.2500  0.0550  -2.9224   0.0000   0.0541
  -8.000  -0.3864   0.01638   0.00766  -0.0765  0.2500  0.0588  -2.6925   0.0000   0.0327
  -7.500  -0.3344   0.01593   0.00717  -0.0763  0.2500  0.0634  -2.4638   0.0000   0.0018
  -7.000  -0.2804   0.01550   0.00674  -0.0764  0.2500  0.0690  -2.2373   0.0000  -0.0441
  -6.500  -0.2246   0.01513   0.00637  -0.0768  0.2500  0.0757  -2.0141   0.0000  -0.1159
  -6.000  -0.1675   0.01482   0.00606  -0.0773  0.2500  0.0842  -1.7972   0.0000  -0.2403
  -5.500  -0.1093   0.01455   0.00581  -0.0780  0.2500  0.0951  -1.6010   0.0000  -0.5028
  -5.000  -0.0500   0.01431   0.00560  -0.0790  0.2500  0.1099  -1.4149   0.0000  -1.4023
  -4.000   0.0748   0.01378   0.00531  -0.0821  0.2500  0.1756  -1.0664   0.0000   1.3821
  -3.500   0.1440   0.01344   0.00521  -0.0853  0.2500  0.2500  -0.9003   0.0000   0.8559
  -3.000   0.2022   0.01353   0.00522  -0.0856  0.2500  0.2500  -0.8127   0.0000   0.6804
  -2.500   0.2601   0.01363   0.00527  -0.0859  0.2500  0.2500  -0.8756   0.0000   0.5834
  -2.000   0.3178   0.01375   0.00535  -0.0861  0.2500  0.2500  -0.9391   0.0000   0.5219
  -1.500   0.3751   0.01389   0.00546  -0.0863  0.2500  0.2500  -1.0047   0.0000   0.4793
  -1.000   0.4321   0.01405   0.00560  -0.0864  0.2500  0.2500  -1.0741   0.0000   0.4479
  -0.500   0.4886   0.01423   0.00577  -0.0865  0.2500  0.2500  -1.1457   0.0000   0.4238
   0.000   0.5448   0.01443   0.00596  -0.0865  0.2500  0.2500  -1.2178   0.0000   0.4046
   0.500   0.6003   0.01465   0.00619  -0.0863  0.2500  0.2500  -1.2925   0.0000   0.3889
   1.000   0.6551   0.01489   0.00645  -0.0861  0.2500  0.2500  -1.3688   0.0000   0.3758
   1.500   0.7094   0.01516   0.00675  -0.0858  0.2500  0.2500  -1.4457   0.0000   0.3646
   2.000   0.7631   0.01545   0.00707  -0.0854  0.2500  0.2500  -1.5281   0.0000   0.3549
   2.500   0.8163   0.01576   0.00743  -0.0849  0.2500  0.2500  -1.6136   0.0000   0.3463
   3.000   0.8688   0.01610   0.00783  -0.0843  0.2500  0.2500  -1.6994   0.0000   0.3388
   3.500   0.9207   0.01647   0.00826  -0.0836  0.2500  0.2500  -1.7859   0.0000   0.3319
   4.000   0.9715   0.01688   0.00874  -0.0828  0.2500  0.2500  -1.8780   0.0000   0.3257
   4.500   1.0210   0.01734   0.00928  -0.0817  0.2500  0.2500  -1.9723   0.0000   0.3199
   5.000   1.0699   0.01783   0.00984  -0.0807  0.2443  0.2500  -2.0674   0.0000   0.3145
   5.500   1.1158   0.01846   0.01049  -0.0792  0.2368  0.2500  -2.1640   0.0000   0.3094
   6.000   1.1623   0.01906   0.01115  -0.0778  0.2302  0.2500  -2.2685   0.0000   0.3047
   6.500   1.2054   0.01980   0.01193  -0.0760  0.2235  0.2500  -2.3701   0.0000   0.3000
   7.000   1.2493   0.02053   0.01273  -0.0743  0.2167  0.2500  -2.4770   0.0000   0.2958
   7.500   1.2894   0.02143   0.01366  -0.0722  0.2096  0.2500  -2.5866   0.0000   0.2915
   8.000   1.3305   0.02230   0.01463  -0.0703  0.2038  0.2500  -2.7046   0.0000   0.2875
   8.500   1.3674   0.02339   0.01577  -0.0679  0.1966  0.2500  -2.8180   0.0000   0.2836
   9.000   1.4049   0.02449   0.01697  -0.0657  0.1902  0.2500  -2.9427   0.0000   0.2799
   9.500   1.4375   0.02588   0.01842  -0.0631  0.1833  0.2500  -3.0690   0.0000   0.2761
  10.000   1.4715   0.02726   0.01991  -0.0609  0.1771  0.2500  -3.2095   0.0000   0.2727
  10.500   1.4991   0.02908   0.02179  -0.0581  0.1698  0.2500  -3.3444   0.0000   0.2692
  11.000   1.5287   0.03086   0.02369  -0.0559  0.1630  0.2500  -3.4886   0.0000   0.2660
  11.500   1.5523   0.03313   0.02604  -0.0534  0.1561  0.2500  -3.6368   0.0000   0.2628
  12.000   1.5749   0.03560   0.02863  -0.0511  0.1491  0.2500  -3.7895   0.0000   0.2599
  12.500   1.5941   0.03846   0.03160  -0.0490  0.1428  0.2500  -3.9374   0.0000   0.2572
  13.000   1.6073   0.04195   0.03519  -0.0471  0.1357  0.2500  -4.0809   0.0000   0.2546
  13.500   1.6203   0.04566   0.03904  -0.0456  0.1289  0.2500  -4.2295   0.0000   0.2523
  14.000   1.6252   0.05034   0.04384  -0.0445  0.1225  0.2500  -4.3566   0.0000   0.2503
  14.500   1.6281   0.05545   0.04910  -0.0440  0.1160  0.2500  -4.4812   0.0000   0.2487
  15.000   1.6252   0.06144   0.05525  -0.0441  0.1103  0.2500  -4.5873   0.0000   0.2475
  15.500   1.6138   0.06866   0.06263  -0.0450  0.1046  0.2500  -4.6639   0.0000   0.2469
  16.000   1.6024   0.07616   0.07031  -0.0465  0.0992  0.2500  -4.7365   0.0000   0.2467
  16.500   1.5786   0.08544   0.07976  -0.0492  0.0941  0.2500  -4.7667   0.0000   0.2474
  17.000   1.5590   0.09440   0.08892  -0.0523  0.0892  0.2500  -4.8047   0.0000   0.2484
  17.500   1.5325   0.10446   0.09915  -0.0566  0.0847  0.2500  -4.8103   0.0000   0.2503
  18.000   1.5123   0.11380   0.10865  -0.0611  0.0800  0.2500  -4.8309   0.0000   0.2523
  18.500   1.4914   0.12336   0.11836  -0.0663  0.0757  0.2500  -4.8477   0.0000   0.2549
  19.000   1.4736   0.13256   0.12769  -0.0719  0.0712  0.2500  -4.8728   0.0000   0.2577
  19.500   1.4619   0.14092   0.13618  -0.0773  0.0671  0.2500  -4.9174   0.0000   0.2603
  20.000   1.4477   0.14975   0.14510  -0.0836  0.0629  0.2500  -4.9429   0.0000   0.2635
  20.500   1.4427   0.15717   0.15265  -0.0892  0.0590  0.2500  -5.0068   0.0000   0.2661
  21.000   1.4348   0.16507   0.16064  -0.0955  0.0554  0.2500  -5.0500   0.0000   0.2692
  21.500   1.4315   0.17225   0.16791  -0.1014  0.0519  0.2500  -5.1116   0.0000   0.2719
  22.000   1.4291   0.17928   0.17503  -0.1075  0.0487  0.2500  -5.1731   0.0000   0.2746
  22.500   1.4266   0.18634   0.18217  -0.1139  0.0455  0.2500  -5.2291   0.0000   0.2775
  23.000   1.4267   0.19294   0.18887  -0.1200  0.0428  0.2500  -5.2958   0.0000   0.2802
  23.500   1.4244   0.19997   0.19596  -0.1268  0.0400  0.2500  -5.3423   0.0000   0.2833
  24.000   1.4276   0.20598   0.20208  -0.1328  0.0375  0.2500  -5.4194   0.0000   0.2855
  24.500   1.4279   0.21247   0.20862  -0.1394  0.0352  0.2500  -5.4797   0.0000   0.2884
  25.000   1.4314   0.21835   0.21461  -0.1456  0.0332  0.2500  -5.5594   0.0000   0.2906


