xflr5 v6.47

 Calculated polar for: NACA24018_theta30_Ku4.5_Kl0.5_d0.31_delta11.03

 1 1 Reynolds number fixed          Mach number fixed         

 xtrf =   0.250 (top)        0.250 (bottom)
 Mach =   0.000     Re =     0.400 e 6     Ncrit =   5.000

  alpha     CL        CD       CDp       Cm    Top Xtr Bot Xtr   Cpmin    Chinge    XCp    
 ------- -------- --------- --------- -------- ------- ------- -------- --------- ---------
 -15.000  -0.3986   0.04778   0.04085  -0.1189  0.2500  0.0532  -4.1391   0.0000  -0.0841
 -14.500  -0.3298   0.04722   0.04020  -0.1242  0.2500  0.0557  -3.8090   0.0000  -0.1663
 -14.000  -0.2604   0.04705   0.03992  -0.1288  0.2500  0.0588  -3.4842   0.0000  -0.2912
 -13.500  -0.1866   0.04716   0.03998  -0.1340  0.2500  0.0620  -3.1618   0.0000  -0.5275
 -13.000  -0.1142   0.04754   0.04027  -0.1386  0.2500  0.0662  -2.8614   0.0000  -1.0518
 -12.500  -0.0408   0.04813   0.04079  -0.1430  0.2500  0.0709  -2.5791   0.0000  -3.4784
 -12.000   0.0343   0.04893   0.04155  -0.1477  0.2500  0.0767  -2.3005   0.0000   4.7940
 -11.500   0.1095   0.04990   0.04248  -0.1521  0.2500  0.0834  -2.0339   0.0000   1.7057
 -11.000   0.1848   0.05104   0.04359  -0.1565  0.2500  0.0919  -1.7862   0.0000   1.1314
 -10.500   0.2595   0.05231   0.04484  -0.1605  0.2500  0.1024  -1.5482   0.0000   0.8901
 -10.000   0.3383   0.05386   0.04640  -0.1653  0.2500  0.1165  -1.3198   0.0000   0.7524
  -9.500   0.4169   0.05555   0.04810  -0.1699  0.2500  0.1360  -1.1101   0.0000   0.6666
  -9.000   0.5038   0.05774   0.05035  -0.1759  0.2500  0.1680  -0.8995   0.0000   0.6048
  -8.500   0.6162   0.06133   0.05409  -0.1862  0.2500  0.2424  -0.8899   0.0000   0.5551
  -8.000   0.6794   0.06286   0.05556  -0.1877  0.2500  0.2500  -0.9570   0.0000   0.5276
  -7.500   0.7356   0.06411   0.05673  -0.1880  0.2500  0.2500  -1.0215   0.0000   0.5055
  -7.000   0.7911   0.06536   0.05792  -0.1882  0.2500  0.2500  -1.0862   0.0000   0.4866
  -6.500   0.8456   0.06660   0.05912  -0.1882  0.2500  0.2500  -1.1556   0.0000   0.4702
  -6.000   0.8995   0.06785   0.06033  -0.1882  0.2500  0.2500  -1.2272   0.0000   0.4558
  -5.500   0.9524   0.06908   0.06154  -0.1879  0.2500  0.2500  -1.2988   0.0000   0.4430
  -5.000   1.0045   0.07031   0.06276  -0.1875  0.2500  0.2500  -1.3705   0.0000   0.4315
  -4.500   1.0556   0.07154   0.06399  -0.1870  0.2500  0.2500  -1.4441   0.0000   0.4211
  -4.000   1.1061   0.07276   0.06523  -0.1863  0.2500  0.2500  -1.5232   0.0000   0.4116
  -3.500   1.1558   0.07399   0.06648  -0.1855  0.2500  0.2500  -1.6026   0.0000   0.4029
  -3.000   1.2046   0.07521   0.06773  -0.1846  0.2500  0.2500  -1.6853   0.0000   0.3949
  -2.500   1.2525   0.07646   0.06903  -0.1836  0.2500  0.2500  -1.7685   0.0000   0.3874
  -2.000   1.2993   0.07772   0.07034  -0.1824  0.2500  0.2500  -1.8515   0.0000   0.3805
  -1.500   1.3454   0.07898   0.07166  -0.1811  0.2500  0.2500  -1.9407   0.0000   0.3739
  -1.000   1.3906   0.08022   0.07298  -0.1797  0.2500  0.2500  -2.0318   0.0000   0.3678
  -0.500   1.4350   0.08145   0.07429  -0.1782  0.2500  0.2500  -2.1229   0.0000   0.3619
   0.000   1.4786   0.08268   0.07561  -0.1766  0.2500  0.2500  -2.2182   0.0000   0.3564
   0.500   1.5213   0.08390   0.07692  -0.1749  0.2500  0.2500  -2.3134   0.0000   0.3511
   1.000   1.5632   0.08510   0.07824  -0.1731  0.2500  0.2500  -2.4142   0.0000   0.3461
   1.500   1.6043   0.08629   0.07954  -0.1712  0.2500  0.2500  -2.5180   0.0000   0.3412
   2.000   1.6409   0.08781   0.08110  -0.1689  0.2432  0.2500  -2.6203   0.0000   0.3365
   2.500   1.6766   0.08936   0.08272  -0.1665  0.2359  0.2500  -2.7290   0.0000   0.3320
   3.000   1.7103   0.09102   0.08443  -0.1640  0.2276  0.2500  -2.8364   0.0000   0.3277
   3.500   1.7437   0.09264   0.08613  -0.1615  0.2207  0.2500  -2.9534   0.0000   0.3235
   4.000   1.7744   0.09445   0.08801  -0.1588  0.2129  0.2500  -3.0722   0.0000   0.3193
   4.500   1.8033   0.09635   0.09000  -0.1561  0.2060  0.2500  -3.1935   0.0000   0.3153
   5.000   1.8315   0.09828   0.09201  -0.1533  0.1985  0.2500  -3.3294   0.0000   0.3115
   5.500   1.8564   0.10045   0.09429  -0.1504  0.1912  0.2500  -3.4646   0.0000   0.3077
   6.000   1.8801   0.10272   0.09664  -0.1476  0.1836  0.2500  -3.6108   0.0000   0.3040
   6.500   1.9018   0.10515   0.09919  -0.1448  0.1765  0.2500  -3.7587   0.0000   0.3005
   7.000   1.9197   0.10791   0.10202  -0.1419  0.1686  0.2500  -3.9110   0.0000   0.2971
   7.500   1.9386   0.11056   0.10482  -0.1394  0.1614  0.2500  -4.0670   0.0000   0.2938
   8.000   1.9509   0.11386   0.10820  -0.1368  0.1542  0.2500  -4.2153   0.0000   0.2907
   8.500   1.9645   0.11702   0.11150  -0.1346  0.1466  0.2500  -4.3764   0.0000   0.2877
   9.000   1.9736   0.12063   0.11523  -0.1327  0.1396  0.2500  -4.5259   0.0000   0.2850
   9.500   1.9794   0.12459   0.11931  -0.1313  0.1321  0.2500  -4.6686   0.0000   0.2826
  10.000   1.9851   0.12854   0.12342  -0.1302  0.1248  0.2500  -4.8222   0.0000   0.2803
  10.500   1.9860   0.13303   0.12803  -0.1298  0.1181  0.2500  -4.9607   0.0000   0.2785
  11.000   1.9849   0.13775   0.13290  -0.1301  0.1115  0.2500  -5.0907   0.0000   0.2769
  11.500   1.9832   0.14252   0.13782  -0.1309  0.1051  0.2500  -5.2166   0.0000   0.2757
  12.000   1.9759   0.14796   0.14340  -0.1326  0.0988  0.2500  -5.3190   0.0000   0.2750
  12.500   1.9676   0.15354   0.14913  -0.1352  0.0925  0.2500  -5.4137   0.0000   0.2746
  13.000   1.9592   0.15914   0.15489  -0.1382  0.0869  0.2500  -5.5065   0.0000   0.2745
  13.500   1.9470   0.16524   0.16114  -0.1423  0.0817  0.2500  -5.5800   0.0000   0.2750
  14.000   1.9351   0.17131   0.16736  -0.1467  0.0764  0.2500  -5.6532   0.0000   0.2757
  14.500   1.9238   0.17730   0.17350  -0.1515  0.0715  0.2500  -5.7249   0.0000   0.2765
  15.000   1.9104   0.18360   0.17992  -0.1571  0.0668  0.2500  -5.7809   0.0000   0.2778
  15.500   1.8986   0.18966   0.18610  -0.1627  0.0621  0.2500  -5.8424   0.0000   0.2791
  16.000   1.8892   0.19535   0.19193  -0.1682  0.0580  0.2500  -5.9178   0.0000   0.2802
  16.500   1.8785   0.20121   0.19789  -0.1742  0.0542  0.2500  -5.9808   0.0000   0.2816
  17.000   1.8699   0.20670   0.20350  -0.1799  0.0505  0.2500  -6.0516   0.0000   0.2828
  17.500   1.8635   0.21181   0.20871  -0.1855  0.0472  0.2500  -6.1315   0.0000   0.2838
  18.000   1.8555   0.21711   0.21409  -0.1915  0.0441  0.2500  -6.1973   0.0000   0.2851
  18.500   1.8501   0.22190   0.21901  -0.1971  0.0412  0.2500  -6.2764   0.0000   0.2860
  19.000   1.8443   0.22670   0.22390  -0.2029  0.0386  0.2500  -6.3491   0.0000   0.2871
  19.500   1.8391   0.23134   0.22862  -0.2086  0.0361  0.2500  -6.4221   0.0000   0.2881
  20.000   1.8356   0.23561   0.23299  -0.2141  0.0338  0.2500  -6.5042   0.0000   0.2888
  20.500   1.8302   0.24012   0.23757  -0.2200  0.0317  0.2500  -6.5694   0.0000   0.2898


