xflr5 v6.47

 Calculated polar for: NACA24018_theta30_Ku4.5_Kl0.5_d0.17_delta4.56

 1 1 Reynolds number fixed          Mach number fixed         

 xtrf =   0.250 (top)        0.250 (bottom)
 Mach =   0.000     Re =     0.200 e 6     Ncrit =   5.000

  alpha     CL        CD       CDp       Cm    Top Xtr Bot Xtr   Cpmin    Chinge    XCp    
 ------- -------- --------- --------- -------- ------- ------- -------- --------- ---------
 -15.000  -0.6335   0.04477   0.03585  -0.1158  0.2500  0.0489  -4.8993   0.0000   0.0380
 -14.500  -0.6217   0.04233   0.03335  -0.1137  0.2500  0.0499  -4.7332   0.0000   0.0391
 -14.000  -0.6113   0.03997   0.03087  -0.1111  0.2500  0.0511  -4.5755   0.0000   0.0414
 -13.500  -0.6014   0.03770   0.02839  -0.1079  0.2500  0.0528  -4.4310   0.0000   0.0449
 -13.000  -0.5900   0.03579   0.02636  -0.1043  0.2500  0.0544  -4.2774   0.0000   0.0488
 -12.500  -0.5813   0.03415   0.02465  -0.0997  0.2500  0.0560  -4.1257   0.0000   0.0551
 -12.000  -0.5620   0.03249   0.02279  -0.0963  0.2500  0.0582  -3.9545   0.0000   0.0560
 -11.500  -0.5340   0.03100   0.02128  -0.0941  0.2500  0.0603  -3.7490   0.0000   0.0516
 -11.000  -0.4999   0.02965   0.01976  -0.0925  0.2500  0.0635  -3.5361   0.0000   0.0430
 -10.500  -0.4609   0.02840   0.01849  -0.0916  0.2500  0.0664  -3.3179   0.0000   0.0293
 -10.000  -0.4175   0.02728   0.01728  -0.0912  0.2500  0.0704  -3.0972   0.0000   0.0094
  -9.500  -0.3699   0.02631   0.01622  -0.0912  0.2500  0.0750  -2.8700   0.0000  -0.0197
  -9.000  -0.3184   0.02540   0.01529  -0.0919  0.2500  0.0803  -2.6397   0.0000  -0.0633
  -8.500  -0.2631   0.02461   0.01447  -0.0932  0.2500  0.0869  -2.4155   0.0000  -0.1312
  -8.000  -0.2042   0.02395   0.01376  -0.0949  0.2500  0.0953  -2.1893   0.0000  -0.2464
  -7.500  -0.1411   0.02336   0.01318  -0.0974  0.2500  0.1060  -1.9632   0.0000  -0.4817
  -7.000  -0.0745   0.02290   0.01272  -0.1005  0.2500  0.1208  -1.7454   0.0000  -1.1678
  -6.500  -0.0032   0.02252   0.01239  -0.1043  0.2500  0.1432  -1.5320   0.0000  -34.0424
  -6.000   0.0773   0.02219   0.01221  -0.1101  0.2500  0.1887  -1.3201   0.0000   1.7257
  -5.500   0.1607   0.02206   0.01223  -0.1162  0.2500  0.2500  -1.1167   0.0000   0.9939
  -5.000   0.2215   0.02228   0.01227  -0.1172  0.2500  0.2500  -0.9555   0.0000   0.7913
  -4.500   0.2816   0.02253   0.01238  -0.1180  0.2500  0.2500  -0.8079   0.0000   0.6767
  -4.000   0.3410   0.02281   0.01256  -0.1187  0.2500  0.2500  -0.8662   0.0000   0.6027
  -3.500   0.3996   0.02313   0.01279  -0.1193  0.2500  0.2500  -0.9313   0.0000   0.5508
  -3.000   0.4576   0.02349   0.01308  -0.1197  0.2500  0.2500  -0.9967   0.0000   0.5123
  -2.500   0.5149   0.02387   0.01342  -0.1200  0.2500  0.2500  -1.0624   0.0000   0.4824
  -2.000   0.5715   0.02429   0.01380  -0.1202  0.2500  0.2500  -1.1297   0.0000   0.4586
  -1.500   0.6273   0.02474   0.01424  -0.1203  0.2500  0.2500  -1.2018   0.0000   0.4390
  -1.000   0.6824   0.02522   0.01472  -0.1202  0.2500  0.2500  -1.2741   0.0000   0.4225
  -0.500   0.7367   0.02574   0.01526  -0.1200  0.2500  0.2500  -1.3495   0.0000   0.4084
   0.000   0.7901   0.02629   0.01584  -0.1197  0.2500  0.2500  -1.4268   0.0000   0.3962
   0.500   0.8425   0.02688   0.01648  -0.1192  0.2500  0.2500  -1.5057   0.0000   0.3855
   1.000   0.8939   0.02752   0.01718  -0.1185  0.2500  0.2500  -1.5846   0.0000   0.3759
   1.500   0.9444   0.02820   0.01794  -0.1177  0.2500  0.2500  -1.6656   0.0000   0.3673
   2.000   0.9940   0.02893   0.01875  -0.1168  0.2500  0.2500  -1.7508   0.0000   0.3595
   2.500   1.0426   0.02970   0.01962  -0.1158  0.2500  0.2500  -1.8363   0.0000   0.3523
   3.000   1.0901   0.03052   0.02056  -0.1146  0.2500  0.2500  -1.9247   0.0000   0.3457
   3.500   1.1364   0.03141   0.02157  -0.1132  0.2500  0.2500  -2.0164   0.0000   0.3395
   4.000   1.1816   0.03235   0.02264  -0.1117  0.2500  0.2500  -2.1077   0.0000   0.3337
   4.500   1.2262   0.03335   0.02378  -0.1102  0.2500  0.2500  -2.2026   0.0000   0.3283
   5.000   1.2698   0.03440   0.02499  -0.1086  0.2500  0.2500  -2.3011   0.0000   0.3232
   5.500   1.3128   0.03551   0.02625  -0.1069  0.2500  0.2500  -2.4028   0.0000   0.3183
   6.000   1.3556   0.03665   0.02756  -0.1053  0.2500  0.2500  -2.5096   0.0000   0.3138
   6.500   1.3986   0.03784   0.02890  -0.1037  0.2496  0.2500  -2.6218   0.0000   0.3095
   7.000   1.4325   0.03943   0.03065  -0.1011  0.2425  0.2500  -2.7279   0.0000   0.3051
   7.500   1.4622   0.04126   0.03261  -0.0981  0.2352  0.2500  -2.8321   0.0000   0.3007
   8.000   1.4910   0.04322   0.03475  -0.0952  0.2283  0.2500  -2.9447   0.0000   0.2966
   8.500   1.5159   0.04546   0.03714  -0.0921  0.2213  0.2500  -3.0577   0.0000   0.2925
   9.000   1.5394   0.04791   0.03978  -0.0891  0.2146  0.2500  -3.1743   0.0000   0.2887
   9.500   1.5592   0.05072   0.04276  -0.0861  0.2078  0.2500  -3.2945   0.0000   0.2850
  10.000   1.5770   0.05382   0.04605  -0.0834  0.2013  0.2500  -3.4152   0.0000   0.2816
  10.500   1.5911   0.05738   0.04981  -0.0809  0.1944  0.2500  -3.5398   0.0000   0.2785
  11.000   1.6028   0.06134   0.05399  -0.0787  0.1877  0.2500  -3.6629   0.0000   0.2756
  11.500   1.6101   0.06585   0.05867  -0.0769  0.1810  0.2500  -3.7762   0.0000   0.2731
  12.000   1.6156   0.07076   0.06385  -0.0756  0.1742  0.2500  -3.8830   0.0000   0.2709
  12.500   1.6166   0.07628   0.06951  -0.0750  0.1680  0.2500  -3.9892   0.0000   0.2692
  13.000   1.6151   0.08237   0.07591  -0.0751  0.1610  0.2500  -4.0871   0.0000   0.2679
  13.500   1.6103   0.08893   0.08265  -0.0759  0.1547  0.2500  -4.1754   0.0000   0.2672
  14.000   1.6025   0.09611   0.09007  -0.0777  0.1479  0.2500  -4.2526   0.0000   0.2671
  14.500   1.5929   0.10369   0.09790  -0.0803  0.1414  0.2500  -4.3187   0.0000   0.2676
  15.000   1.5833   0.11132   0.10567  -0.0836  0.1353  0.2500  -4.3823   0.0000   0.2685
  15.500   1.5691   0.11985   0.11446  -0.0882  0.1285  0.2500  -4.4237   0.0000   0.2703
  16.000   1.5551   0.12844   0.12326  -0.0933  0.1220  0.2500  -4.4589   0.0000   0.2725
  16.500   1.5438   0.13665   0.13162  -0.0988  0.1156  0.2500  -4.5014   0.0000   0.2749
  17.000   1.5333   0.14478   0.13988  -0.1046  0.1093  0.2500  -4.5424   0.0000   0.2775
  17.500   1.5186   0.15371   0.14902  -0.1116  0.1028  0.2500  -4.5565   0.0000   0.2811
  18.000   1.5074   0.16211   0.15758  -0.1185  0.0967  0.2500  -4.5809   0.0000   0.2845
  18.500   1.5010   0.16971   0.16530  -0.1250  0.0909  0.2500  -4.6227   0.0000   0.2875
  19.000   1.4989   0.17656   0.17223  -0.1311  0.0853  0.2500  -4.6818   0.0000   0.2900
  19.500   1.4961   0.18355   0.17931  -0.1375  0.0798  0.2500  -4.7317   0.0000   0.2927
  20.000   1.4879   0.19158   0.18750  -0.1452  0.0743  0.2500  -4.7407   0.0000   0.2966
  20.500   1.4821   0.19916   0.19522  -0.1527  0.0692  0.2500  -4.7606   0.0000   0.3003
  21.000   1.4790   0.20626   0.20242  -0.1600  0.0645  0.2500  -4.7899   0.0000   0.3036
  21.500   1.4801   0.21250   0.20875  -0.1665  0.0604  0.2500  -4.8420   0.0000   0.3061
  22.000   1.4893   0.21699   0.21327  -0.1714  0.0569  0.2500  -4.9583   0.0000   0.3069
  22.500   1.4805   0.22525   0.22169  -0.1804  0.0526  0.2500  -4.9270   0.0000   0.3117
  23.000   1.4711   0.23373   0.23032  -0.1896  0.0486  0.2500  -4.8785   0.0000   0.3169
  23.500   1.4579   0.24322   0.23996  -0.2001  0.0444  0.2500  -4.7709   0.0000   0.3234
  24.500   1.4305   0.26362   0.26057  -0.2225  0.0359  0.2500  -4.4211   0.0000   0.3381


