xflr5 v6.47

 Calculated polar for: NACA24018_theta30_Ku4.5_Kl0.5_d0.35_delta13.38

 1 1 Reynolds number fixed          Mach number fixed         

 xtrf =   0.250 (top)        0.250 (bottom)
 Mach =   0.000     Re =     0.400 e 6     Ncrit =   5.000

  alpha     CL        CD       CDp       Cm    Top Xtr Bot Xtr   Cpmin    Chinge    XCp    
 ------- -------- --------- --------- -------- ------- ------- -------- --------- ---------
 -15.000  -0.1792   0.05697   0.05036  -0.1325  0.2500  0.0616  -3.3640   0.0000  -0.5551
 -14.500  -0.1034   0.05759   0.05091  -0.1381  0.2500  0.0648  -3.0487   0.0000  -1.1885
 -14.000  -0.0284   0.05849   0.05173  -0.1431  0.2500  0.0690  -2.7440   0.0000  -5.1194
 -13.500   0.0455   0.05960   0.05276  -0.1477  0.2500  0.0740  -2.4496   0.0000   3.6836
 -13.000   0.1207   0.06096   0.05407  -0.1523  0.2500  0.0798  -2.1753   0.0000   1.5737
 -12.500   0.1953   0.06251   0.05557  -0.1567  0.2500  0.0868  -1.9244   0.0000   1.0850
 -12.000   0.2710   0.06428   0.05732  -0.1611  0.2500  0.0952  -1.6790   0.0000   0.8642
 -11.500   0.3473   0.06624   0.05927  -0.1655  0.2500  0.1059  -1.4408   0.0000   0.7390
 -11.000   0.4219   0.06830   0.06131  -0.1694  0.2500  0.1197  -1.2149   0.0000   0.6595
 -10.500   0.5014   0.07076   0.06380  -0.1741  0.2500  0.1388  -1.0017   0.0000   0.6019
 -10.000   0.5835   0.07356   0.06662  -0.1792  0.2500  0.1676  -0.8886   0.0000   0.5591
  -9.500   0.6847   0.07769   0.07086  -0.1873  0.2500  0.2223  -0.9305   0.0000   0.5235
  -9.000   0.7589   0.08043   0.07359  -0.1908  0.2500  0.2500  -0.9905   0.0000   0.4998
  -8.500   0.8124   0.08192   0.07501  -0.1908  0.2500  0.2500  -1.0553   0.0000   0.4821
  -8.000   0.8650   0.08339   0.07642  -0.1907  0.2500  0.2500  -1.1207   0.0000   0.4666
  -7.500   0.9168   0.08485   0.07784  -0.1905  0.2500  0.2500  -1.1865   0.0000   0.4529
  -7.000   0.9679   0.08628   0.07924  -0.1902  0.2500  0.2500  -1.2555   0.0000   0.4407
  -6.500   1.0182   0.08770   0.08063  -0.1897  0.2500  0.2500  -1.3279   0.0000   0.4296
  -6.000   1.0673   0.08909   0.08201  -0.1891  0.2500  0.2500  -1.4000   0.0000   0.4196
  -5.500   1.1155   0.09046   0.08338  -0.1883  0.2500  0.2500  -1.4733   0.0000   0.4104
  -5.000   1.1629   0.09179   0.08473  -0.1874  0.2500  0.2500  -1.5494   0.0000   0.4020
  -4.500   1.2096   0.09310   0.08605  -0.1864  0.2500  0.2500  -1.6286   0.0000   0.3942
  -4.000   1.2556   0.09438   0.08736  -0.1853  0.2500  0.2500  -1.7080   0.0000   0.3869
  -3.500   1.3011   0.09565   0.08867  -0.1842  0.2500  0.2500  -1.7897   0.0000   0.3800
  -3.000   1.3459   0.09689   0.08995  -0.1829  0.2500  0.2500  -1.8768   0.0000   0.3736
  -2.500   1.3898   0.09810   0.09122  -0.1816  0.2500  0.2500  -1.9639   0.0000   0.3676
  -2.000   1.4332   0.09930   0.09248  -0.1801  0.2500  0.2500  -2.0513   0.0000   0.3618
  -1.500   1.4757   0.10045   0.09371  -0.1786  0.2500  0.2500  -2.1419   0.0000   0.3564
  -1.000   1.5172   0.10158   0.09491  -0.1769  0.2500  0.2500  -2.2365   0.0000   0.3512
  -0.500   1.5580   0.10270   0.09612  -0.1752  0.2500  0.2500  -2.3312   0.0000   0.3462
   0.000   1.5977   0.10381   0.09732  -0.1733  0.2500  0.2500  -2.4283   0.0000   0.3414
   0.500   1.6365   0.10490   0.09851  -0.1714  0.2500  0.2500  -2.5312   0.0000   0.3368
   1.000   1.6739   0.10605   0.09976  -0.1694  0.2455  0.2500  -2.6367   0.0000   0.3324
   1.500   1.7083   0.10737   0.10114  -0.1671  0.2376  0.2500  -2.7393   0.0000   0.3281
   2.000   1.7411   0.10877   0.10257  -0.1647  0.2301  0.2500  -2.8486   0.0000   0.3239
   2.500   1.7735   0.11015   0.10402  -0.1623  0.2219  0.2500  -2.9632   0.0000   0.3199
   3.000   1.8025   0.11176   0.10568  -0.1597  0.2148  0.2500  -3.0794   0.0000   0.3159
   3.500   1.8319   0.11329   0.10730  -0.1572  0.2073  0.2500  -3.2002   0.0000   0.3121
   4.000   1.8580   0.11503   0.10909  -0.1545  0.1997  0.2500  -3.3308   0.0000   0.3084
   4.500   1.8842   0.11674   0.11090  -0.1519  0.1922  0.2500  -3.4669   0.0000   0.3047
   5.000   1.9065   0.11873   0.11295  -0.1492  0.1851  0.2500  -3.6083   0.0000   0.3012
   5.500   1.9291   0.12065   0.11498  -0.1466  0.1774  0.2500  -3.7598   0.0000   0.2977
   6.000   1.9479   0.12290   0.11731  -0.1440  0.1699  0.2500  -3.9120   0.0000   0.2944
   6.500   1.9641   0.12535   0.11985  -0.1414  0.1621  0.2500  -4.0630   0.0000   0.2911
   7.000   1.9805   0.12775   0.12237  -0.1390  0.1548  0.2500  -4.2293   0.0000   0.2880
   7.500   1.9912   0.13070   0.12540  -0.1368  0.1472  0.2500  -4.3848   0.0000   0.2851
   8.000   2.0022   0.13360   0.12843  -0.1349  0.1397  0.2500  -4.5432   0.0000   0.2823
   8.500   2.0102   0.13676   0.13171  -0.1332  0.1325  0.2500  -4.7035   0.0000   0.2797
   9.000   2.0137   0.14037   0.13542  -0.1321  0.1253  0.2500  -4.8497   0.0000   0.2773
   9.500   2.0177   0.14391   0.13910  -0.1313  0.1182  0.2500  -4.9970   0.0000   0.2752
  10.000   2.0184   0.14776   0.14309  -0.1311  0.1115  0.2500  -5.1326   0.0000   0.2733
  10.500   2.0149   0.15203   0.14749  -0.1316  0.1046  0.2500  -5.2520   0.0000   0.2718
  11.000   2.0087   0.15658   0.15216  -0.1329  0.0980  0.2500  -5.3591   0.0000   0.2707
  11.500   2.0033   0.16100   0.15674  -0.1345  0.0917  0.2500  -5.4715   0.0000   0.2698
  12.000   1.9947   0.16579   0.16168  -0.1370  0.0860  0.2500  -5.5721   0.0000   0.2693
  12.500   1.9826   0.17099   0.16701  -0.1405  0.0806  0.2500  -5.6539   0.0000   0.2693
  13.000   1.9715   0.17607   0.17224  -0.1442  0.0753  0.2500  -5.7352   0.0000   0.2694
  13.500   1.9602   0.18119   0.17751  -0.1484  0.0704  0.2500  -5.8132   0.0000   0.2698
  14.000   1.9473   0.18651   0.18296  -0.1533  0.0657  0.2500  -5.8856   0.0000   0.2704
  14.500   1.9328   0.19204   0.18860  -0.1587  0.0612  0.2500  -5.9446   0.0000   0.2714
  15.000   1.9226   0.19699   0.19369  -0.1637  0.0569  0.2500  -6.0215   0.0000   0.2721
  15.500   1.9123   0.20192   0.19875  -0.1690  0.0531  0.2500  -6.0939   0.0000   0.2729
  16.000   1.9016   0.20688   0.20380  -0.1745  0.0496  0.2500  -6.1596   0.0000   0.2739
  16.500   1.8935   0.21143   0.20847  -0.1797  0.0462  0.2500  -6.2366   0.0000   0.2746
  17.000   1.8859   0.21589   0.21304  -0.1850  0.0432  0.2500  -6.3125   0.0000   0.2752


