xflr5 v6.47

 Calculated polar for: NACA24018_theta30_Ku4.5_Kl0.5_d0.31_delta11.03

 1 1 Reynolds number fixed          Mach number fixed         

 xtrf =   0.250 (top)        0.250 (bottom)
 Mach =   0.000     Re =     0.900 e 6     Ncrit =   5.000

  alpha     CL        CD       CDp       Cm    Top Xtr Bot Xtr   Cpmin    Chinge    XCp    
 ------- -------- --------- --------- -------- ------- ------- -------- --------- ---------
 -15.000  -0.2907   0.04531   0.03916  -0.1419  0.2500  0.0471  -3.9160   0.0000  -0.2869
 -14.500  -0.2181   0.04563   0.03941  -0.1465  0.2500  0.0493  -3.5694   0.0000  -0.4818
 -14.000  -0.1441   0.04615   0.03989  -0.1512  0.2500  0.0523  -3.2292   0.0000  -0.8830
 -13.500  -0.0702   0.04686   0.04054  -0.1556  0.2500  0.0554  -2.9187   0.0000  -2.1247
 -13.000   0.0025   0.04770   0.04134  -0.1596  0.2500  0.0590  -2.6297   0.0000  69.4841
 -12.500   0.0758   0.04868   0.04230  -0.1637  0.2500  0.0636  -2.3479   0.0000   2.5303
 -12.000   0.1488   0.04978   0.04337  -0.1675  0.2500  0.0688  -2.0784   0.0000   1.4311
 -11.500   0.2216   0.05099   0.04456  -0.1713  0.2500  0.0752  -1.8297   0.0000   1.0555
 -11.000   0.2933   0.05228   0.04584  -0.1747  0.2500  0.0826  -1.5924   0.0000   0.8673
 -10.500   0.3647   0.05367   0.04723  -0.1780  0.2500  0.0920  -1.3693   0.0000   0.7531
 -10.000   0.4369   0.05518   0.04874  -0.1813  0.2500  0.1038  -1.1639   0.0000   0.6757
  -9.500   0.5108   0.05686   0.05045  -0.1849  0.2500  0.1200  -0.9697   0.0000   0.6194
  -9.000   0.5857   0.05869   0.05232  -0.1886  0.2500  0.1428  -0.9162   0.0000   0.5769
  -8.500   0.6659   0.06089   0.05459  -0.1932  0.2500  0.1786  -0.9417   0.0000   0.5429
  -8.000   0.7651   0.06420   0.05805  -0.2009  0.2500  0.2500  -1.0206   0.0000   0.5136
  -7.500   0.8196   0.06538   0.05918  -0.2009  0.2500  0.2500  -1.0850   0.0000   0.4949
  -7.000   0.8736   0.06655   0.06031  -0.2008  0.2500  0.2500  -1.1526   0.0000   0.4785
  -6.500   0.9271   0.06772   0.06146  -0.2006  0.2500  0.2500  -1.2242   0.0000   0.4640
  -6.000   0.9800   0.06889   0.06261  -0.2003  0.2500  0.2500  -1.2962   0.0000   0.4511
  -5.500   1.0321   0.07004   0.06375  -0.1998  0.2500  0.2500  -1.3685   0.0000   0.4394
  -5.000   1.0833   0.07117   0.06487  -0.1992  0.2500  0.2500  -1.4407   0.0000   0.4289
  -4.500   1.1337   0.07229   0.06600  -0.1985  0.2500  0.2500  -1.5189   0.0000   0.4192
  -4.000   1.1837   0.07342   0.06714  -0.1977  0.2500  0.2500  -1.5989   0.0000   0.4104
  -3.500   1.2331   0.07454   0.06828  -0.1968  0.2500  0.2500  -1.6816   0.0000   0.4022
  -3.000   1.2817   0.07566   0.06943  -0.1958  0.2500  0.2500  -1.7661   0.0000   0.3946
  -2.500   1.3297   0.07679   0.07059  -0.1946  0.2500  0.2500  -1.8510   0.0000   0.3874
  -2.000   1.3768   0.07797   0.07181  -0.1934  0.2500  0.2500  -1.9386   0.0000   0.3808
  -1.500   1.4230   0.07916   0.07305  -0.1920  0.2500  0.2500  -2.0315   0.0000   0.3745
  -1.000   1.4682   0.08032   0.07427  -0.1905  0.2500  0.2500  -2.1244   0.0000   0.3685
  -0.500   1.5128   0.08147   0.07548  -0.1889  0.2491  0.2500  -2.2200   0.0000   0.3629
   0.000   1.5552   0.08269   0.07668  -0.1871  0.2411  0.2500  -2.3163   0.0000   0.3575
   0.500   1.5978   0.08386   0.07787  -0.1853  0.2340  0.2500  -2.4153   0.0000   0.3523
   1.000   1.6385   0.08510   0.07910  -0.1833  0.2260  0.2500  -2.5204   0.0000   0.3474
   1.500   1.6791   0.08633   0.08036  -0.1813  0.2185  0.2500  -2.6268   0.0000   0.3426
   2.000   1.7176   0.08766   0.08169  -0.1790  0.2107  0.2500  -2.7394   0.0000   0.3380
   2.500   1.7553   0.08903   0.08311  -0.1767  0.2041  0.2500  -2.8534   0.0000   0.3336
   3.000   1.7902   0.09058   0.08467  -0.1741  0.1959  0.2500  -2.9695   0.0000   0.3292
   3.500   1.8260   0.09202   0.08616  -0.1717  0.1896  0.2500  -3.0979   0.0000   0.3250
   4.000   1.8585   0.09360   0.08774  -0.1689  0.1808  0.2500  -3.2234   0.0000   0.3210
   4.500   1.8918   0.09511   0.08931  -0.1663  0.1739  0.2500  -3.3694   0.0000   0.3170
   5.000   1.9198   0.09701   0.09124  -0.1633  0.1661  0.2500  -3.5129   0.0000   0.3131
   5.500   1.9483   0.09882   0.09308  -0.1603  0.1578  0.2500  -3.6716   0.0000   0.3093
   6.000   1.9754   0.10069   0.09500  -0.1574  0.1506  0.2500  -3.8351   0.0000   0.3055
   6.500   1.9971   0.10303   0.09737  -0.1541  0.1422  0.2500  -4.0000   0.0000   0.3019
   7.000   2.0201   0.10519   0.09958  -0.1511  0.1339  0.2500  -4.1702   0.0000   0.2984
   7.500   2.0386   0.10778   0.10222  -0.1479  0.1262  0.2500  -4.3427   0.0000   0.2949
   8.000   2.0546   0.11057   0.10506  -0.1449  0.1183  0.2500  -4.5167   0.0000   0.2915
   8.500   2.0681   0.11358   0.10813  -0.1419  0.1109  0.2500  -4.6854   0.0000   0.2883
   9.000   2.0795   0.11679   0.11142  -0.1392  0.1037  0.2500  -4.8614   0.0000   0.2853
   9.500   2.0869   0.12036   0.11507  -0.1368  0.0965  0.2500  -5.0318   0.0000   0.2824
  10.000   2.0909   0.12429   0.11908  -0.1348  0.0898  0.2500  -5.1912   0.0000   0.2798
  10.500   2.0916   0.12855   0.12342  -0.1332  0.0834  0.2500  -5.3400   0.0000   0.2775
  11.000   2.0923   0.13283   0.12782  -0.1323  0.0776  0.2500  -5.4870   0.0000   0.2754
  11.500   2.0883   0.13761   0.13271  -0.1320  0.0719  0.2500  -5.6164   0.0000   0.2736
  12.000   2.0807   0.14282   0.13803  -0.1327  0.0667  0.2500  -5.7314   0.0000   0.2724
  12.500   2.0716   0.14821   0.14356  -0.1341  0.0619  0.2500  -5.8410   0.0000   0.2715
  13.000   2.0625   0.15362   0.14911  -0.1362  0.0578  0.2500  -5.9506   0.0000   0.2708
  13.500   2.0492   0.15956   0.15519  -0.1393  0.0541  0.2500  -6.0377   0.0000   0.2708
  14.000   2.0346   0.16568   0.16146  -0.1431  0.0506  0.2500  -6.1175   0.0000   0.2711
  14.500   2.0200   0.17184   0.16777  -0.1475  0.0477  0.2500  -6.1960   0.0000   0.2716
  15.000   2.0025   0.17837   0.17445  -0.1527  0.0448  0.2500  -6.2546   0.0000   0.2727
  15.500   1.9887   0.18442   0.18065  -0.1578  0.0422  0.2500  -6.3264   0.0000   0.2736
  16.000   1.9710   0.19103   0.18739  -0.1639  0.0397  0.2500  -6.3709   0.0000   0.2751
  16.500   1.9586   0.19687   0.19336  -0.1695  0.0372  0.2500  -6.4394   0.0000   0.2762
  17.000   1.9445   0.20294   0.19955  -0.1756  0.0350  0.2500  -6.4919   0.0000   0.2776
  17.500   1.9340   0.20845   0.20518  -0.1813  0.0328  0.2500  -6.5608   0.0000   0.2787
  18.000   1.9227   0.21402   0.21086  -0.1874  0.0308  0.2500  -6.6202   0.0000   0.2800
  18.500   1.9136   0.21921   0.21616  -0.1933  0.0288  0.2500  -6.6889   0.0000   0.2811
  19.000   1.9052   0.22424   0.22129  -0.1991  0.0271  0.2500  -6.7575   0.0000   0.2822
  19.500   1.8985   0.22892   0.22606  -0.2047  0.0255  0.2500  -6.8347   0.0000   0.2831
  20.000   1.8903   0.23380   0.23103  -0.2108  0.0240  0.2500  -6.8959   0.0000   0.2842
  20.500   1.8830   0.23844   0.23577  -0.2168  0.0224  0.2500  -6.9602   0.0000   0.2852
  21.000   1.8761   0.24302   0.24043  -0.2227  0.0210  0.2500  -7.0239   0.0000   0.2862


