xflr5 v6.47

 Calculated polar for: NACA24018_theta30_Ku4.5_Kl0.5_d0.24_delta7.31

 1 1 Reynolds number fixed          Mach number fixed         

 xtrf =   0.250 (top)        0.250 (bottom)
 Mach =   0.000     Re =     1.000 e 6     Ncrit =   5.000

  alpha     CL        CD       CDp       Cm    Top Xtr Bot Xtr   Cpmin    Chinge    XCp    
 ------- -------- --------- --------- -------- ------- ------- -------- --------- ---------
 -15.000  -0.6646   0.03194   0.02531  -0.1154  0.2500  0.0364  -5.2796   0.0000   0.0495
 -14.500  -0.6056   0.03094   0.02427  -0.1187  0.2500  0.0380  -4.9299   0.0000   0.0266
 -14.000  -0.5428   0.03029   0.02354  -0.1221  0.2500  0.0397  -4.5888   0.0000  -0.0031
 -13.500  -0.4768   0.02980   0.02299  -0.1257  0.2500  0.0414  -4.2470   0.0000  -0.0434
 -13.000  -0.4088   0.02949   0.02263  -0.1294  0.2500  0.0437  -3.9069   0.0000  -0.0986
 -12.500  -0.3394   0.02933   0.02242  -0.1331  0.2500  0.0460  -3.5736   0.0000  -0.1779
 -12.000  -0.2691   0.02930   0.02235  -0.1368  0.2500  0.0487  -3.2580   0.0000  -0.3000
 -11.500  -0.1973   0.02938   0.02240  -0.1407  0.2500  0.0521  -2.9514   0.0000  -0.5151
 -11.000  -0.1263   0.02957   0.02255  -0.1442  0.2500  0.0556  -2.6638   0.0000  -0.9666
 -10.500  -0.0550   0.02984   0.02280  -0.1477  0.2500  0.0602  -2.3910   0.0000  -2.5933
 -10.000   0.0171   0.03020   0.02314  -0.1513  0.2500  0.0653  -2.1259   0.0000   9.5293
  -9.500   0.0894   0.03064   0.02357  -0.1548  0.2500  0.0714  -1.8764   0.0000   2.0606
  -9.000   0.1619   0.03115   0.02408  -0.1583  0.2500  0.0796  -1.6415   0.0000   1.2670
  -8.500   0.2347   0.03173   0.02468  -0.1618  0.2500  0.0894  -1.4255   0.0000   0.9635
  -8.000   0.3072   0.03238   0.02534  -0.1652  0.2500  0.1021  -1.2182   0.0000   0.8038
  -7.500   0.3819   0.03313   0.02613  -0.1689  0.2500  0.1200  -1.0207   0.0000   0.7035
  -7.000   0.4580   0.03399   0.02705  -0.1729  0.2500  0.1465  -0.8432   0.0000   0.6352
  -6.500   0.5457   0.03518   0.02840  -0.1790  0.2500  0.2021  -0.9036   0.0000   0.5832
  -6.000   0.6275   0.03636   0.02967  -0.1839  0.2500  0.2500  -0.9854   0.0000   0.5464
  -5.500   0.6862   0.03700   0.03026  -0.1844  0.2500  0.2500  -1.0522   0.0000   0.5206
  -5.000   0.7443   0.03765   0.03088  -0.1848  0.2500  0.2500  -1.1206   0.0000   0.4990
  -4.500   0.8016   0.03830   0.03150  -0.1851  0.2500  0.2500  -1.1941   0.0000   0.4805
  -4.000   0.8583   0.03896   0.03215  -0.1852  0.2500  0.2500  -1.2684   0.0000   0.4644
  -3.500   0.9144   0.03964   0.03282  -0.1852  0.2500  0.2500  -1.3431   0.0000   0.4503
  -3.000   0.9700   0.04032   0.03350  -0.1851  0.2500  0.2500  -1.4205   0.0000   0.4377
  -2.500   1.0249   0.04102   0.03420  -0.1849  0.2500  0.2500  -1.4996   0.0000   0.4265
  -2.000   1.0793   0.04173   0.03493  -0.1846  0.2500  0.2500  -1.5804   0.0000   0.4163
  -1.500   1.1330   0.04244   0.03567  -0.1842  0.2500  0.2500  -1.6674   0.0000   0.4071
  -1.000   1.1861   0.04318   0.03643  -0.1837  0.2500  0.2500  -1.7552   0.0000   0.3987
  -0.500   1.2384   0.04394   0.03723  -0.1830  0.2500  0.2500  -1.8445   0.0000   0.3908
   0.000   1.2897   0.04475   0.03809  -0.1822  0.2500  0.2500  -1.9366   0.0000   0.3836
   0.500   1.3399   0.04560   0.03899  -0.1812  0.2500  0.2500  -2.0310   0.0000   0.3768
   1.000   1.3889   0.04647   0.03989  -0.1801  0.2459  0.2500  -2.1271   0.0000   0.3705
   1.500   1.4369   0.04738   0.04081  -0.1788  0.2382  0.2500  -2.2301   0.0000   0.3645
   2.000   1.4834   0.04833   0.04176  -0.1773  0.2306  0.2500  -2.3345   0.0000   0.3588
   2.500   1.5294   0.04931   0.04275  -0.1757  0.2224  0.2500  -2.4396   0.0000   0.3534
   3.000   1.5740   0.05035   0.04381  -0.1739  0.2158  0.2500  -2.5442   0.0000   0.3482
   3.500   1.6182   0.05143   0.04493  -0.1721  0.2095  0.2500  -2.6546   0.0000   0.3432
   4.000   1.6592   0.05269   0.04620  -0.1698  0.2018  0.2500  -2.7708   0.0000   0.3384
   4.500   1.6993   0.05402   0.04757  -0.1675  0.1944  0.2500  -2.8954   0.0000   0.3338
   5.000   1.7379   0.05543   0.04902  -0.1650  0.1872  0.2500  -3.0205   0.0000   0.3293
   5.500   1.7756   0.05689   0.05051  -0.1624  0.1795  0.2500  -3.1552   0.0000   0.3249
   6.000   1.8110   0.05852   0.05219  -0.1596  0.1725  0.2500  -3.2897   0.0000   0.3206
   6.500   1.8429   0.06041   0.05411  -0.1564  0.1648  0.2500  -3.4324   0.0000   0.3164
   7.000   1.8755   0.06226   0.05602  -0.1534  0.1572  0.2500  -3.5953   0.0000   0.3124
   7.500   1.9027   0.06452   0.05833  -0.1499  0.1493  0.2500  -3.7569   0.0000   0.3083
   8.000   1.9278   0.06693   0.06077  -0.1463  0.1406  0.2500  -3.9165   0.0000   0.3044
   8.500   1.9510   0.06955   0.06347  -0.1427  0.1333  0.2500  -4.0913   0.0000   0.3005
   9.000   1.9710   0.07248   0.06646  -0.1390  0.1264  0.2500  -4.2608   0.0000   0.2968
   9.500   1.9864   0.07586   0.06991  -0.1352  0.1186  0.2500  -4.4371   0.0000   0.2931
  10.000   1.9983   0.07963   0.07375  -0.1314  0.1102  0.2500  -4.6074   0.0000   0.2896
  10.500   2.0085   0.08365   0.07788  -0.1281  0.1034  0.2500  -4.7739   0.0000   0.2864
  11.000   2.0148   0.08817   0.08249  -0.1251  0.0970  0.2500  -4.9296   0.0000   0.2833
  11.500   2.0159   0.09330   0.08772  -0.1225  0.0903  0.2500  -5.0698   0.0000   0.2807
  12.000   2.0138   0.09887   0.09340  -0.1207  0.0835  0.2500  -5.2026   0.0000   0.2783
  12.500   2.0106   0.10462   0.09928  -0.1196  0.0777  0.2500  -5.3414   0.0000   0.2764
  13.000   2.0052   0.11072   0.10551  -0.1194  0.0728  0.2500  -5.4700   0.0000   0.2749
  13.500   1.9959   0.11736   0.11229  -0.1201  0.0684  0.2500  -5.5806   0.0000   0.2739
  14.000   1.9855   0.12424   0.11932  -0.1218  0.0642  0.2500  -5.6819   0.0000   0.2734
  14.500   1.9730   0.13141   0.12665  -0.1244  0.0605  0.2500  -5.7705   0.0000   0.2734
  15.000   1.9550   0.13935   0.13475  -0.1282  0.0569  0.2500  -5.8302   0.0000   0.2741
  15.500   1.9393   0.14706   0.14262  -0.1325  0.0533  0.2500  -5.8925   0.0000   0.2750
  16.000   1.9206   0.15523   0.15095  -0.1379  0.0501  0.2500  -5.9343   0.0000   0.2765
  16.500   1.9017   0.16346   0.15933  -0.1438  0.0471  0.2500  -5.9672   0.0000   0.2784
  17.000   1.8875   0.17104   0.16705  -0.1496  0.0444  0.2500  -6.0154   0.0000   0.2801
  17.500   1.8703   0.17905   0.17520  -0.1563  0.0418  0.2500  -6.0472   0.0000   0.2823
  18.000   1.8586   0.18623   0.18251  -0.1626  0.0392  0.2500  -6.1043   0.0000   0.2842
  18.500   1.8466   0.19342   0.18981  -0.1692  0.0369  0.2500  -6.1574   0.0000   0.2863
  19.000   1.8377   0.20009   0.19659  -0.1756  0.0348  0.2500  -6.2242   0.0000   0.2881
  19.500   1.8294   0.20664   0.20326  -0.1821  0.0330  0.2500  -6.2887   0.0000   0.2900
  20.000   1.8234   0.21277   0.20949  -0.1884  0.0311  0.2500  -6.3633   0.0000   0.2917
  20.500   1.8174   0.21885   0.21567  -0.1948  0.0293  0.2500  -6.4330   0.0000   0.2934
  21.000   1.8135   0.22450   0.22140  -0.2010  0.0275  0.2500  -6.5139   0.0000   0.2948
  21.500   1.8085   0.23029   0.22729  -0.2076  0.0258  0.2500  -6.5815   0.0000   0.2965
  22.000   1.8038   0.23593   0.23302  -0.2141  0.0242  0.2500  -6.6481   0.0000   0.2982
  22.500   1.8004   0.24128   0.23846  -0.2205  0.0230  0.2500  -6.7194   0.0000   0.2997
  23.000   1.7993   0.24609   0.24335  -0.2264  0.0217  0.2500  -6.8073   0.0000   0.3007
  23.500   1.7950   0.25144   0.24878  -0.2332  0.0205  0.2500  -6.8652   0.0000   0.3024
  24.000   1.7931   0.25623   0.25366  -0.2393  0.0194  0.2500  -6.9526   0.0000   0.3036
  24.500   1.7899   0.26119   0.25868  -0.2459  0.0182  0.2500  -7.0243   0.0000   0.3050
  25.000   1.7891   0.26558   0.26316  -0.2518  0.0173  0.2500  -7.1162   0.0000   0.3059


