xflr5 v6.47

 Calculated polar for: NACA24018_theta30_Ku4.5_Kl0.5_d0.35_delta13.38

 1 1 Reynolds number fixed          Mach number fixed         

 xtrf =   0.250 (top)        0.250 (bottom)
 Mach =   0.000     Re =     0.900 e 6     Ncrit =   5.000

  alpha     CL        CD       CDp       Cm    Top Xtr Bot Xtr   Cpmin    Chinge    XCp    
 ------- -------- --------- --------- -------- ------- ------- -------- --------- ---------
 -15.000  -0.0575   0.05726   0.05146  -0.1544  0.2500  0.0554  -3.1042   0.0000  -2.6350
 -14.500   0.0172   0.05846   0.05261  -0.1590  0.2500  0.0585  -2.7902   0.0000  10.0897
 -14.000   0.0899   0.05978   0.05388  -0.1631  0.2500  0.0621  -2.4908   0.0000   2.1686
 -13.500   0.1630   0.06128   0.05535  -0.1672  0.2500  0.0666  -2.2179   0.0000   1.3264
 -13.000   0.2351   0.06290   0.05694  -0.1709  0.2500  0.0720  -1.9653   0.0000   1.0077
 -12.500   0.3073   0.06466   0.05868  -0.1746  0.2500  0.0785  -1.7212   0.0000   0.8383
 -12.000   0.3773   0.06646   0.06047  -0.1778  0.2500  0.0863  -1.4902   0.0000   0.7349
 -11.500   0.4472   0.06836   0.06236  -0.1808  0.2500  0.0953  -1.2683   0.0000   0.6637
 -11.000   0.5186   0.07044   0.06446  -0.1841  0.2500  0.1077  -1.0571   0.0000   0.6111
 -10.500   0.5901   0.07266   0.06668  -0.1873  0.2500  0.1230  -0.9861   0.0000   0.5710
 -10.000   0.6622   0.07502   0.06908  -0.1906  0.2500  0.1444  -1.0077   0.0000   0.5394
  -9.500   0.7405   0.07788   0.07200  -0.1948  0.2500  0.1770  -1.0340   0.0000   0.5129
  -9.000   0.8357   0.08199   0.07621  -0.2016  0.2500  0.2386  -1.0736   0.0000   0.4896
  -8.500   0.8946   0.08386   0.07806  -0.2025  0.2500  0.2500  -1.1214   0.0000   0.4736
  -8.000   0.9459   0.08525   0.07941  -0.2021  0.2500  0.2500  -1.1871   0.0000   0.4599
  -7.500   0.9966   0.08662   0.08076  -0.2017  0.2500  0.2500  -1.2545   0.0000   0.4476
  -7.000   1.0469   0.08799   0.08210  -0.2012  0.2500  0.2500  -1.3268   0.0000   0.4365
  -6.500   1.0962   0.08932   0.08342  -0.2005  0.2500  0.2500  -1.3996   0.0000   0.4264
  -6.000   1.1444   0.09063   0.08473  -0.1996  0.2500  0.2500  -1.4722   0.0000   0.4171
  -5.500   1.1918   0.09194   0.08604  -0.1987  0.2500  0.2500  -1.5479   0.0000   0.4086
  -5.000   1.2385   0.09321   0.08733  -0.1976  0.2500  0.2500  -1.6273   0.0000   0.4006
  -4.500   1.2847   0.09445   0.08858  -0.1965  0.2500  0.2500  -1.7074   0.0000   0.3932
  -4.000   1.3306   0.09567   0.08982  -0.1953  0.2500  0.2500  -1.7882   0.0000   0.3863
  -3.500   1.3763   0.09687   0.09106  -0.1941  0.2500  0.2500  -1.8765   0.0000   0.3798
  -3.000   1.4214   0.09806   0.09228  -0.1928  0.2500  0.2500  -1.9657   0.0000   0.3736
  -2.500   1.4659   0.09922   0.09348  -0.1914  0.2500  0.2500  -2.0551   0.0000   0.3678
  -2.000   1.5096   0.10034   0.09465  -0.1899  0.2500  0.2500  -2.1446   0.0000   0.3622
  -1.500   1.5524   0.10144   0.09580  -0.1883  0.2500  0.2500  -2.2417   0.0000   0.3569
  -1.000   1.5940   0.10253   0.09691  -0.1865  0.2433  0.2500  -2.3385   0.0000   0.3518
  -0.500   1.6336   0.10369   0.09805  -0.1846  0.2344  0.2500  -2.4352   0.0000   0.3470
   0.000   1.6734   0.10481   0.09920  -0.1827  0.2281  0.2500  -2.5385   0.0000   0.3423
   0.500   1.7107   0.10606   0.10045  -0.1805  0.2199  0.2500  -2.6453   0.0000   0.3378
   1.000   1.7473   0.10731   0.10172  -0.1784  0.2124  0.2500  -2.7523   0.0000   0.3334
   1.500   1.7831   0.10859   0.10299  -0.1761  0.2044  0.2500  -2.8618   0.0000   0.3292
   2.000   1.8185   0.10981   0.10424  -0.1738  0.1980  0.2500  -2.9823   0.0000   0.3251
   2.500   1.8517   0.11107   0.10550  -0.1713  0.1892  0.2500  -3.1044   0.0000   0.3211
   3.000   1.8847   0.11230   0.10678  -0.1689  0.1825  0.2500  -3.2328   0.0000   0.3172
   3.500   1.9137   0.11382   0.10830  -0.1661  0.1743  0.2500  -3.3672   0.0000   0.3134
   4.000   1.9431   0.11526   0.10979  -0.1634  0.1673  0.2500  -3.5115   0.0000   0.3096
   4.500   1.9701   0.11679   0.11132  -0.1606  0.1589  0.2500  -3.6631   0.0000   0.3059
   5.000   1.9962   0.11838   0.11294  -0.1578  0.1506  0.2500  -3.8251   0.0000   0.3024
   5.500   2.0192   0.12022   0.11483  -0.1549  0.1429  0.2500  -3.9913   0.0000   0.2989
   6.000   2.0410   0.12208   0.11671  -0.1521  0.1349  0.2500  -4.1605   0.0000   0.2954
   6.500   2.0588   0.12425   0.11890  -0.1491  0.1264  0.2500  -4.3380   0.0000   0.2921
   7.000   2.0768   0.12632   0.12103  -0.1463  0.1189  0.2500  -4.5185   0.0000   0.2888
   7.500   2.0904   0.12877   0.12354  -0.1434  0.1115  0.2500  -4.6987   0.0000   0.2856
   8.000   2.1007   0.13148   0.12630  -0.1408  0.1035  0.2500  -4.8731   0.0000   0.2826
   8.500   2.1080   0.13446   0.12933  -0.1383  0.0962  0.2500  -5.0393   0.0000   0.2797
  10.000   2.1166   0.14466   0.13978  -0.1334  0.0769  0.2500  -5.4968   0.0000   0.2722
  10.500   2.1143   0.14854   0.14375  -0.1328  0.0711  0.2500  -5.6312   0.0000   0.2702
  11.000   2.1078   0.15285   0.14817  -0.1329  0.0656  0.2500  -5.7583   0.0000   0.2686
  11.500   2.0999   0.15728   0.15271  -0.1338  0.0608  0.2500  -5.8771   0.0000   0.2673
  12.000   2.0914   0.16177   0.15734  -0.1352  0.0568  0.2500  -5.9903   0.0000   0.2662
  12.500   2.0814   0.16640   0.16210  -0.1374  0.0532  0.2500  -6.1022   0.0000   0.2655
  13.000   2.0668   0.17155   0.16740  -0.1405  0.0498  0.2500  -6.1910   0.0000   0.2653
  13.500   2.0535   0.17656   0.17255  -0.1441  0.0464  0.2500  -6.2811   0.0000   0.2653
  14.000   2.0374   0.18194   0.17808  -0.1484  0.0434  0.2500  -6.3517   0.0000   0.2657
  14.500   2.0204   0.18743   0.18370  -0.1534  0.0405  0.2500  -6.4129   0.0000   0.2664
  15.000   2.0053   0.19273   0.18914  -0.1584  0.0378  0.2500  -6.4776   0.0000   0.2670
  15.500   1.9894   0.19812   0.19467  -0.1639  0.0355  0.2500  -6.5327   0.0000   0.2680
  16.000   1.9753   0.20327   0.19993  -0.1693  0.0333  0.2500  -6.5929   0.0000   0.2688
  16.500   1.9631   0.20814   0.20493  -0.1747  0.0314  0.2500  -6.6586   0.0000   0.2696
  17.000   1.9503   0.21307   0.20997  -0.1803  0.0294  0.2500  -6.7163   0.0000   0.2705
  17.500   1.9402   0.21755   0.21456  -0.1856  0.0275  0.2500  -6.7870   0.0000   0.2712


