xflr5 v6.47

 Calculated polar for: NACA24018_theta30_Ku4.5_Kl0.5_d0.31_delta11.03

 1 1 Reynolds number fixed          Mach number fixed         

 xtrf =   0.250 (top)        0.250 (bottom)
 Mach =   0.000     Re =     0.200 e 6     Ncrit =   5.000

  alpha     CL        CD       CDp       Cm    Top Xtr Bot Xtr   Cpmin    Chinge    XCp    
 ------- -------- --------- --------- -------- ------- ------- -------- --------- ---------
 -15.000  -0.4463   0.05288   0.04529  -0.1083  0.2500  0.0612  -4.1090   0.0000  -0.0244
 -14.500  -0.3791   0.05094   0.04305  -0.1148  0.2500  0.0645  -3.8186   0.0000  -0.0875
 -14.000  -0.3123   0.04990   0.04191  -0.1197  0.2500  0.0676  -3.5148   0.0000  -0.1718
 -13.500  -0.2404   0.04920   0.04098  -0.1249  0.2500  0.0720  -3.2112   0.0000  -0.3154
 -13.000  -0.1709   0.04896   0.04066  -0.1291  0.2500  0.0764  -2.9242   0.0000  -0.5644
 -12.500  -0.1021   0.04904   0.04066  -0.1329  0.2500  0.0815  -2.6516   0.0000  -1.1424
 -12.000  -0.0336   0.04934   0.04088  -0.1364  0.2500  0.0877  -2.3978   0.0000  -4.0565
 -11.500   0.0359   0.04986   0.04133  -0.1399  0.2500  0.0952  -2.1465   0.0000   4.3515
 -11.000   0.1073   0.05058   0.04202  -0.1437  0.2500  0.1044  -1.9044   0.0000   1.6491
 -10.500   0.1812   0.05152   0.04295  -0.1477  0.2500  0.1162  -1.6699   0.0000   1.0964
 -10.000   0.2568   0.05266   0.04408  -0.1520  0.2500  0.1321  -1.4424   0.0000   0.8604
  -9.500   0.3371   0.05412   0.04559  -0.1570  0.2500  0.1549  -1.2232   0.0000   0.7272
  -9.000   0.4235   0.05605   0.04759  -0.1630  0.2500  0.1940  -1.0127   0.0000   0.6419
  -8.500   0.5173   0.05852   0.05018  -0.1701  0.2500  0.2500  -0.8217   0.0000   0.5828
  -8.000   0.5742   0.05965   0.05118  -0.1706  0.2500  0.2500  -0.8815   0.0000   0.5491
  -7.500   0.6302   0.06080   0.05220  -0.1710  0.2500  0.2500  -0.9435   0.0000   0.5217
  -7.000   0.6853   0.06194   0.05326  -0.1712  0.2500  0.2500  -1.0064   0.0000   0.4988
  -6.500   0.7392   0.06309   0.05433  -0.1712  0.2500  0.2500  -1.0700   0.0000   0.4794
  -6.000   0.7924   0.06425   0.05544  -0.1710  0.2500  0.2500  -1.1375   0.0000   0.4627
  -5.500   0.8448   0.06543   0.05658  -0.1708  0.2500  0.2500  -1.2069   0.0000   0.4480
  -5.000   0.8966   0.06661   0.05774  -0.1705  0.2500  0.2500  -1.2766   0.0000   0.4350
  -4.500   0.9475   0.06781   0.05893  -0.1700  0.2500  0.2500  -1.3464   0.0000   0.4234
  -4.000   0.9978   0.06902   0.06015  -0.1694  0.2500  0.2500  -1.4196   0.0000   0.4130
  -3.500   1.0472   0.07023   0.06139  -0.1687  0.2500  0.2500  -1.4965   0.0000   0.4035
  -3.000   1.0958   0.07146   0.06265  -0.1679  0.2500  0.2500  -1.5737   0.0000   0.3948
  -2.500   1.1437   0.07270   0.06394  -0.1670  0.2500  0.2500  -1.6546   0.0000   0.3869
  -2.000   1.1907   0.07396   0.06526  -0.1660  0.2500  0.2500  -1.7355   0.0000   0.3795
  -1.500   1.2366   0.07525   0.06662  -0.1648  0.2500  0.2500  -1.8167   0.0000   0.3726
  -1.000   1.2817   0.07655   0.06801  -0.1635  0.2500  0.2500  -1.9038   0.0000   0.3661
  -0.500   1.3261   0.07785   0.06941  -0.1622  0.2500  0.2500  -1.9924   0.0000   0.3601
   0.000   1.3697   0.07915   0.07082  -0.1608  0.2500  0.2500  -2.0814   0.0000   0.3543
   0.500   1.4125   0.08045   0.07224  -0.1592  0.2500  0.2500  -2.1742   0.0000   0.3489
   1.000   1.4548   0.08174   0.07366  -0.1577  0.2500  0.2500  -2.2671   0.0000   0.3437
   1.500   1.4963   0.08302   0.07508  -0.1560  0.2500  0.2500  -2.3669   0.0000   0.3388
   2.000   1.5372   0.08428   0.07649  -0.1543  0.2500  0.2500  -2.4686   0.0000   0.3341
   2.500   1.5777   0.08550   0.07786  -0.1526  0.2500  0.2500  -2.5743   0.0000   0.3296
   3.000   1.6183   0.08660   0.07912  -0.1509  0.2500  0.2500  -2.6865   0.0000   0.3253
   3.500   1.6595   0.08752   0.08020  -0.1493  0.2500  0.2500  -2.8022   0.0000   0.3211
   4.000   1.6934   0.08911   0.08191  -0.1470  0.2446  0.2500  -2.9192   0.0000   0.3170
   4.500   1.7230   0.09107   0.08398  -0.1446  0.2371  0.2500  -3.0341   0.0000   0.3131
   5.000   1.7500   0.09331   0.08638  -0.1420  0.2292  0.2500  -3.1527   0.0000   0.3093
   5.500   1.7753   0.09561   0.08879  -0.1394  0.2219  0.2500  -3.2815   0.0000   0.3055
   6.000   1.7982   0.09819   0.09155  -0.1369  0.2141  0.2500  -3.4101   0.0000   0.3020
   6.500   1.8193   0.10083   0.09431  -0.1344  0.2072  0.2500  -3.5481   0.0000   0.2985
   7.000   1.8374   0.10386   0.09755  -0.1320  0.1992  0.2500  -3.6836   0.0000   0.2952
   7.500   1.8534   0.10701   0.10084  -0.1297  0.1922  0.2500  -3.8276   0.0000   0.2921
   8.000   1.8670   0.11049   0.10453  -0.1277  0.1845  0.2500  -3.9663   0.0000   0.2891
   8.500   1.8779   0.11421   0.10841  -0.1259  0.1774  0.2500  -4.1049   0.0000   0.2864
   9.000   1.8858   0.11829   0.11268  -0.1246  0.1699  0.2500  -4.2428   0.0000   0.2839
   9.500   1.8928   0.12247   0.11708  -0.1237  0.1628  0.2500  -4.3791   0.0000   0.2817
  10.000   1.8954   0.12715   0.12190  -0.1234  0.1557  0.2500  -4.5029   0.0000   0.2798
  10.500   1.8975   0.13191   0.12691  -0.1237  0.1484  0.2500  -4.6307   0.0000   0.2782
  11.000   1.8957   0.13709   0.13222  -0.1246  0.1417  0.2500  -4.7490   0.0000   0.2770
  11.500   1.8925   0.14249   0.13787  -0.1263  0.1344  0.2500  -4.8602   0.0000   0.2762
  12.000   1.8871   0.14812   0.14370  -0.1288  0.1276  0.2500  -4.9605   0.0000   0.2758
  12.500   1.8789   0.15411   0.14983  -0.1321  0.1208  0.2500  -5.0468   0.0000   0.2759
  13.000   1.8696   0.16027   0.15624  -0.1362  0.1139  0.2500  -5.1219   0.0000   0.2765
  13.500   1.8599   0.16645   0.16258  -0.1407  0.1077  0.2500  -5.1908   0.0000   0.2772
  14.000   1.8491   0.17278   0.16906  -0.1459  0.1013  0.2500  -5.2543   0.0000   0.2784
  14.500   1.8373   0.17929   0.17578  -0.1517  0.0950  0.2500  -5.3050   0.0000   0.2799
  15.000   1.8273   0.18548   0.18210  -0.1576  0.0891  0.2500  -5.3636   0.0000   0.2813
  15.500   1.8181   0.19152   0.18823  -0.1636  0.0833  0.2500  -5.4228   0.0000   0.2828
  16.000   1.8067   0.19793   0.19483  -0.1703  0.0776  0.2500  -5.4602   0.0000   0.2849
  16.500   1.7992   0.20365   0.20068  -0.1765  0.0725  0.2500  -5.5159   0.0000   0.2864
  17.000   1.7955   0.20867   0.20573  -0.1820  0.0679  0.2500  -5.6016   0.0000   0.2874
  17.500   1.7854   0.21477   0.21202  -0.1892  0.0630  0.2500  -5.6366   0.0000   0.2896
  18.000   1.7794   0.22010   0.21747  -0.1955  0.0587  0.2500  -5.6950   0.0000   0.2912
  18.500   1.7795   0.22428   0.22166  -0.2006  0.0550  0.2500  -5.7969   0.0000   0.2917
  19.000   1.7705   0.23008   0.22764  -0.2080  0.0510  0.2500  -5.8198   0.0000   0.2939
  19.500   1.7662   0.23497   0.23264  -0.2144  0.0476  0.2500  -5.8748   0.0000   0.2953


