xflr5 v6.47

 Calculated polar for: NACA24018_theta30_Ku4.5_Kl0.5_d0.28_delta9.02

 1 1 Reynolds number fixed          Mach number fixed         

 xtrf =   0.250 (top)        0.250 (bottom)
 Mach =   0.000     Re =     0.600 e 6     Ncrit =   5.000

  alpha     CL        CD       CDp       Cm    Top Xtr Bot Xtr   Cpmin    Chinge    XCp    
 ------- -------- --------- --------- -------- ------- ------- -------- --------- ---------
 -15.000  -0.5465   0.03958   0.03280  -0.1155  0.2500  0.0438  -4.7387   0.0000   0.0090
 -14.500  -0.4859   0.03872   0.03181  -0.1192  0.2500  0.0458  -4.4121   0.0000  -0.0262
 -14.000  -0.4182   0.03803   0.03108  -0.1239  0.2500  0.0480  -4.0832   0.0000  -0.0796
 -13.500  -0.3511   0.03772   0.03066  -0.1278  0.2500  0.0506  -3.7654   0.0000  -0.1507
 -13.000  -0.2784   0.03757   0.03048  -0.1327  0.2500  0.0534  -3.4401   0.0000  -0.2690
 -12.500  -0.2066   0.03765   0.03048  -0.1370  0.2500  0.0565  -3.1270   0.0000  -0.4655
 -12.000  -0.1342   0.03790   0.03068  -0.1411  0.2500  0.0606  -2.8201   0.0000  -0.8762
 -11.500  -0.0600   0.03830   0.03104  -0.1455  0.2500  0.0651  -2.5200   0.0000  -2.3251
 -11.000   0.0139   0.03884   0.03155  -0.1496  0.2500  0.0705  -2.2554   0.0000  11.6236
 -10.500   0.0875   0.03950   0.03218  -0.1536  0.2500  0.0770  -2.0009   0.0000   2.0899
 -10.000   0.1617   0.04027   0.03293  -0.1576  0.2500  0.0853  -1.7543   0.0000   1.2657
  -9.500   0.2362   0.04115   0.03381  -0.1615  0.2500  0.0955  -1.5190   0.0000   0.9586
  -9.000   0.3112   0.04215   0.03481  -0.1655  0.2500  0.1086  -1.3006   0.0000   0.7982
  -8.500   0.3875   0.04329   0.03598  -0.1696  0.2500  0.1274  -1.0943   0.0000   0.6988
  -8.000   0.4694   0.04470   0.03745  -0.1747  0.2500  0.1571  -0.8987   0.0000   0.6297
  -7.500   0.5665   0.04675   0.03965  -0.1825  0.2500  0.2202  -0.8838   0.0000   0.5768
  -7.000   0.6422   0.04824   0.04116  -0.1862  0.2500  0.2500  -0.9612   0.0000   0.5428
  -6.500   0.7001   0.04917   0.04202  -0.1867  0.2500  0.2500  -1.0272   0.0000   0.5181
  -6.000   0.7573   0.05011   0.04292  -0.1870  0.2500  0.2500  -1.0938   0.0000   0.4971
  -5.500   0.8135   0.05104   0.04381  -0.1872  0.2500  0.2500  -1.1634   0.0000   0.4792
  -5.000   0.8689   0.05198   0.04472  -0.1872  0.2500  0.2500  -1.2350   0.0000   0.4635
  -4.500   0.9237   0.05293   0.04566  -0.1871  0.2500  0.2500  -1.3086   0.0000   0.4497
  -4.000   0.9778   0.05388   0.04660  -0.1869  0.2500  0.2500  -1.3844   0.0000   0.4374
  -3.500   1.0312   0.05484   0.04757  -0.1866  0.2500  0.2500  -1.4622   0.0000   0.4263
  -3.000   1.0840   0.05582   0.04856  -0.1861  0.2500  0.2500  -1.5403   0.0000   0.4163
  -2.500   1.1360   0.05681   0.04957  -0.1855  0.2500  0.2500  -1.6215   0.0000   0.4072
  -2.000   1.1874   0.05782   0.05061  -0.1849  0.2500  0.2500  -1.7068   0.0000   0.3988
  -1.500   1.2378   0.05886   0.05169  -0.1840  0.2500  0.2500  -1.7933   0.0000   0.3910
  -1.000   1.2869   0.05993   0.05281  -0.1830  0.2500  0.2500  -1.8834   0.0000   0.3838
  -0.500   1.3352   0.06103   0.05397  -0.1819  0.2500  0.2500  -1.9735   0.0000   0.3770
   0.000   1.3826   0.06214   0.05515  -0.1806  0.2500  0.2500  -2.0637   0.0000   0.3707
   0.500   1.4292   0.06327   0.05635  -0.1792  0.2500  0.2500  -2.1613   0.0000   0.3647
   1.000   1.4751   0.06442   0.05758  -0.1777  0.2500  0.2500  -2.2604   0.0000   0.3590
   1.500   1.5201   0.06559   0.05883  -0.1761  0.2472  0.2500  -2.3596   0.0000   0.3536
   2.000   1.5628   0.06689   0.06016  -0.1743  0.2388  0.2500  -2.4649   0.0000   0.3484
   2.500   1.6041   0.06826   0.06157  -0.1722  0.2319  0.2500  -2.5714   0.0000   0.3434
   3.000   1.6435   0.06975   0.06310  -0.1700  0.2241  0.2500  -2.6797   0.0000   0.3386
   3.500   1.6808   0.07136   0.06476  -0.1676  0.2168  0.2500  -2.7905   0.0000   0.3340
   4.000   1.7179   0.07294   0.06641  -0.1651  0.2095  0.2500  -2.9090   0.0000   0.3295
   4.500   1.7528   0.07466   0.06817  -0.1625  0.2024  0.2500  -3.0302   0.0000   0.3252
   5.000   1.7859   0.07654   0.07012  -0.1597  0.1948  0.2500  -3.1579   0.0000   0.3209
   5.500   1.8167   0.07856   0.07221  -0.1568  0.1879  0.2500  -3.2917   0.0000   0.3168
   6.000   1.8466   0.08063   0.07434  -0.1539  0.1800  0.2500  -3.4314   0.0000   0.3128
   6.500   1.8735   0.08295   0.07676  -0.1507  0.1730  0.2500  -3.5863   0.0000   0.3089
   7.000   1.8975   0.08548   0.07934  -0.1475  0.1650  0.2500  -3.7385   0.0000   0.3051
   7.500   1.9212   0.08809   0.08206  -0.1445  0.1578  0.2500  -3.8960   0.0000   0.3014
   8.000   1.9400   0.09111   0.08515  -0.1413  0.1500  0.2500  -4.0539   0.0000   0.2979
   8.500   1.9568   0.09432   0.08845  -0.1382  0.1416  0.2500  -4.2195   0.0000   0.2944
   9.000   1.9724   0.09768   0.09192  -0.1354  0.1349  0.2500  -4.3847   0.0000   0.2912
   9.500   1.9823   0.10159   0.09593  -0.1327  0.1280  0.2500  -4.5400   0.0000   0.2882
  10.000   1.9915   0.10560   0.10006  -0.1305  0.1205  0.2500  -4.6999   0.0000   0.2854
  10.500   1.9978   0.10995   0.10453  -0.1287  0.1134  0.2500  -4.8557   0.0000   0.2828
  11.000   1.9990   0.11489   0.10958  -0.1275  0.1067  0.2500  -4.9963   0.0000   0.2807
  11.500   1.9983   0.12004   0.11485  -0.1269  0.0998  0.2500  -5.1332   0.0000   0.2789
  12.000   1.9967   0.12532   0.12028  -0.1270  0.0937  0.2500  -5.2710   0.0000   0.2774
  12.500   1.9901   0.13121   0.12632  -0.1281  0.0880  0.2500  -5.3876   0.0000   0.2764
  13.000   1.9808   0.13748   0.13273  -0.1300  0.0824  0.2500  -5.4902   0.0000   0.2759
  13.500   1.9715   0.14381   0.13922  -0.1327  0.0772  0.2500  -5.5879   0.0000   0.2758
  14.000   1.9579   0.15071   0.14626  -0.1364  0.0724  0.2500  -5.6630   0.0000   0.2762
  14.500   1.9427   0.15786   0.15357  -0.1409  0.0678  0.2500  -5.7248   0.0000   0.2772
  15.000   1.9292   0.16483   0.16070  -0.1458  0.0635  0.2500  -5.7876   0.0000   0.2782
  15.500   1.9129   0.17218   0.16819  -0.1515  0.0597  0.2500  -5.8311   0.0000   0.2798
  16.000   1.8996   0.17908   0.17523  -0.1572  0.0557  0.2500  -5.8830   0.0000   0.2813
  16.500   1.8874   0.18583   0.18211  -0.1631  0.0523  0.2500  -5.9340   0.0000   0.2829
  17.000   1.8733   0.19283   0.18922  -0.1697  0.0490  0.2500  -5.9694   0.0000   0.2849
  17.500   1.8657   0.19884   0.19536  -0.1754  0.0458  0.2500  -6.0393   0.0000   0.2862
  18.000   1.8564   0.20506   0.20168  -0.1816  0.0429  0.2500  -6.0993   0.0000   0.2878
  18.500   1.8478   0.21111   0.20783  -0.1879  0.0400  0.2500  -6.1590   0.0000   0.2895
  19.000   1.8428   0.21655   0.21338  -0.1937  0.0374  0.2500  -6.2358   0.0000   0.2907
  19.500   1.8357   0.22224   0.21914  -0.2001  0.0351  0.2500  -6.2959   0.0000   0.2923
  20.000   1.8329   0.22715   0.22417  -0.2057  0.0330  0.2500  -6.3805   0.0000   0.2932
  20.500   1.8271   0.23250   0.22960  -0.2120  0.0311  0.2500  -6.4413   0.0000   0.2947
  21.000   1.8246   0.23718   0.23438  -0.2176  0.0292  0.2500  -6.5334   0.0000   0.2956
  21.500   1.8207   0.24202   0.23929  -0.2237  0.0275  0.2500  -6.6120   0.0000   0.2968
  22.000   1.8181   0.24655   0.24393  -0.2295  0.0259  0.2500  -6.6973   0.0000   0.2977
  22.500   1.8139   0.25126   0.24870  -0.2357  0.0244  0.2500  -6.7670   0.0000   0.2990
  23.000   1.8129   0.25530   0.25284  -0.2411  0.0229  0.2500  -6.8646   0.0000   0.2995
  23.500   1.8085   0.25992   0.25752  -0.2475  0.0216  0.2500  -6.9318   0.0000   0.3008


