xflr5 v6.47

 Calculated polar for: NACA24018_theta30_Ku4.5_Kl0.5_d0.07_delta1.57

 1 1 Reynolds number fixed          Mach number fixed         

 xtrf =   0.250 (top)        0.250 (bottom)
 Mach =   0.000     Re =     1.750 e 6     Ncrit =   5.000

  alpha     CL        CD       CDp       Cm    Top Xtr Bot Xtr   Cpmin    Chinge    XCp    
 ------- -------- --------- --------- -------- ------- ------- -------- --------- ---------
 -15.000  -0.8985   0.02183   0.01481  -0.1191  0.2500  0.0254  -6.3358   0.0000   0.0921
 -14.500  -0.8705   0.02062   0.01354  -0.1166  0.2500  0.0261  -6.0654   0.0000   0.0916
 -14.000  -0.8424   0.01953   0.01240  -0.1137  0.2500  0.0270  -5.7969   0.0000   0.0914
 -13.500  -0.8133   0.01857   0.01141  -0.1106  0.2500  0.0279  -5.5280   0.0000   0.0911
 -13.000  -0.7834   0.01775   0.01054  -0.1074  0.2500  0.0288  -5.2596   0.0000   0.0907
 -12.500  -0.7527   0.01703   0.00976  -0.1039  0.2500  0.0294  -4.9934   0.0000   0.0904
 -12.000  -0.7243   0.01630   0.00900  -0.1000  0.2500  0.0306  -4.7482   0.0000   0.0911
 -11.500  -0.6956   0.01567   0.00835  -0.0958  0.2500  0.0318  -4.5068   0.0000   0.0921
 -11.000  -0.6674   0.01513   0.00778  -0.0913  0.2500  0.0329  -4.2773   0.0000   0.0936
 -10.500  -0.6423   0.01468   0.00728  -0.0860  0.2500  0.0338  -4.0633   0.0000   0.0972
 -10.000  -0.6224   0.01421   0.00681  -0.0795  0.2500  0.0353  -3.8673   0.0000   0.1041
  -9.500  -0.5869   0.01375   0.00632  -0.0760  0.2500  0.0372  -3.6329   0.0000   0.1027
  -9.000  -0.5461   0.01334   0.00589  -0.0734  0.2500  0.0388  -3.3906   0.0000   0.0981
  -8.500  -0.5027   0.01291   0.00546  -0.0712  0.2500  0.0412  -3.1479   0.0000   0.0909
  -8.000  -0.4559   0.01256   0.00509  -0.0696  0.2500  0.0435  -2.9031   0.0000   0.0799
  -7.500  -0.4080   0.01221   0.00474  -0.0682  0.2500  0.0468  -2.6627   0.0000   0.0652
  -7.000  -0.3583   0.01193   0.00445  -0.0670  0.2500  0.0495  -2.4345   0.0000   0.0447
  -6.500  -0.3076   0.01164   0.00418  -0.0661  0.2500  0.0540  -2.2125   0.0000   0.0162
  -6.000  -0.2553   0.01141   0.00395  -0.0653  0.2500  0.0580  -2.0020   0.0000  -0.0263
  -5.500  -0.2021   0.01120   0.00375  -0.0648  0.2500  0.0633  -1.7988   0.0000  -0.0934
  -5.000  -0.1479   0.01099   0.00357  -0.0644  0.2500  0.0706  -1.6066   0.0000  -0.2128
  -4.500  -0.0928   0.01081   0.00342  -0.0642  0.2500  0.0793  -1.4232   0.0000  -0.4793
  -4.000  -0.0369   0.01064   0.00329  -0.0642  0.2500  0.0908  -1.2448   0.0000  -1.5672
  -3.500   0.0197   0.01049   0.00319  -0.0643  0.2500  0.1054  -1.0807   0.0000   3.6250
  -2.500   0.1364   0.01014   0.00305  -0.0653  0.2500  0.1634  -0.7915   0.0000   0.7376
  -2.000   0.2007   0.00978   0.00297  -0.0673  0.2500  0.2500  -0.8564   0.0000   0.5884
  -1.500   0.2578   0.00984   0.00300  -0.0673  0.2500  0.2500  -0.9202   0.0000   0.5114
  -1.000   0.3148   0.00990   0.00305  -0.0673  0.2500  0.2500  -0.9846   0.0000   0.4623
  -0.500   0.3717   0.00998   0.00312  -0.0673  0.2500  0.2500  -1.0543   0.0000   0.4283
   0.000   0.4283   0.01006   0.00320  -0.0673  0.2500  0.2500  -1.1268   0.0000   0.4032
   0.500   0.4848   0.01016   0.00329  -0.0672  0.2500  0.2500  -1.2001   0.0000   0.3839
   1.000   0.5410   0.01027   0.00341  -0.0672  0.2500  0.2500  -1.2741   0.0000   0.3685
   1.500   0.5969   0.01038   0.00354  -0.0670  0.2500  0.2500  -1.3514   0.0000   0.3560
   2.000   0.6525   0.01051   0.00369  -0.0668  0.2500  0.2500  -1.4305   0.0000   0.3455
   2.500   0.7073   0.01065   0.00386  -0.0665  0.2500  0.2500  -1.5119   0.0000   0.3365
   3.000   0.7602   0.01089   0.00407  -0.0659  0.2436  0.2500  -1.5947   0.0000   0.3285
   3.500   0.8131   0.01111   0.00430  -0.0653  0.2371  0.2500  -1.6822   0.0000   0.3215
   4.000   0.8648   0.01139   0.00456  -0.0645  0.2295  0.2500  -1.7730   0.0000   0.3152
   4.500   0.9169   0.01164   0.00483  -0.0638  0.2233  0.2500  -1.8675   0.0000   0.3096
   5.000   0.9674   0.01197   0.00514  -0.0629  0.2164  0.2500  -1.9615   0.0000   0.3044
   5.500   1.0185   0.01225   0.00545  -0.0621  0.2110  0.2500  -2.0585   0.0000   0.2997
   6.000   1.0669   0.01265   0.00583  -0.0608  0.2034  0.2500  -2.1575   0.0000   0.2951
   6.500   1.1152   0.01300   0.00622  -0.0596  0.1976  0.2500  -2.2604   0.0000   0.2909
   7.000   1.1615   0.01346   0.00667  -0.0581  0.1901  0.2500  -2.3692   0.0000   0.2867
   7.500   1.2088   0.01388   0.00713  -0.0568  0.1845  0.2500  -2.4819   0.0000   0.2830
   8.000   1.2526   0.01442   0.00767  -0.0549  0.1770  0.2500  -2.5995   0.0000   0.2792
   8.500   1.2960   0.01497   0.00825  -0.0531  0.1703  0.2500  -2.7222   0.0000   0.2755
   9.000   1.3383   0.01559   0.00889  -0.0512  0.1642  0.2500  -2.8458   0.0000   0.2720
   9.500   1.3775   0.01633   0.00964  -0.0489  0.1562  0.2500  -2.9783   0.0000   0.2685
  10.000   1.4168   0.01706   0.01042  -0.0467  0.1504  0.2500  -3.1200   0.0000   0.2651
  10.500   1.4514   0.01805   0.01141  -0.0440  0.1416  0.2500  -3.2615   0.0000   0.2616
  11.000   1.4865   0.01903   0.01244  -0.0415  0.1350  0.2500  -3.4117   0.0000   0.2584
  11.500   1.5179   0.02023   0.01367  -0.0388  0.1273  0.2500  -3.5715   0.0000   0.2551
  12.000   1.5453   0.02170   0.01515  -0.0358  0.1192  0.2500  -3.7325   0.0000   0.2518
  12.500   1.5732   0.02322   0.01673  -0.0331  0.1127  0.2500  -3.9035   0.0000   0.2487
  13.000   1.5967   0.02509   0.01863  -0.0303  0.1053  0.2500  -4.0724   0.0000   0.2456
  13.500   1.6159   0.02734   0.02093  -0.0275  0.0981  0.2500  -4.2324   0.0000   0.2427
  14.000   1.6336   0.02985   0.02349  -0.0251  0.0915  0.2500  -4.3964   0.0000   0.2399
  14.500   1.6487   0.03273   0.02644  -0.0229  0.0859  0.2500  -4.5616   0.0000   0.2373
  15.000   1.6558   0.03641   0.03019  -0.0209  0.0794  0.2500  -4.7101   0.0000   0.2349
  15.500   1.6632   0.04036   0.03422  -0.0196  0.0741  0.2500  -4.8588   0.0000   0.2329
  16.000   1.6642   0.04515   0.03912  -0.0188  0.0693  0.2500  -4.9877   0.0000   0.2311
  16.500   1.6607   0.05068   0.04476  -0.0186  0.0650  0.2500  -5.1005   0.0000   0.2297
  17.000   1.6524   0.05704   0.05125  -0.0192  0.0613  0.2500  -5.1952   0.0000   0.2288
  17.500   1.6362   0.06455   0.05891  -0.0205  0.0576  0.2500  -5.2614   0.0000   0.2283
  18.000   1.6144   0.07308   0.06759  -0.0227  0.0546  0.2500  -5.3101   0.0000   0.2284
  18.500   1.5900   0.08220   0.07689  -0.0257  0.0522  0.2500  -5.3431   0.0000   0.2290
  19.000   1.5559   0.09284   0.08771  -0.0297  0.0497  0.2500  -5.3317   0.0000   0.2304
  19.500   1.5271   0.10300   0.09804  -0.0341  0.0477  0.2500  -5.3318   0.0000   0.2322
  20.000   1.4980   0.11341   0.10861  -0.0393  0.0455  0.2500  -5.3215   0.0000   0.2345
  21.000   1.4509   0.13307   0.12854  -0.0507  0.0407  0.2500  -5.3288   0.0000   0.2402
  21.500   1.4312   0.14248   0.13807  -0.0569  0.0384  0.2500  -5.3383   0.0000   0.2434
  22.000   1.4194   0.15083   0.14652  -0.0628  0.0364  0.2500  -5.3776   0.0000   0.2463
  22.500   1.4110   0.15868   0.15448  -0.0687  0.0345  0.2500  -5.4285   0.0000   0.2492
  23.000   1.4010   0.16684   0.16272  -0.0752  0.0323  0.2500  -5.4633   0.0000   0.2526
  23.500   1.3971   0.17401   0.17000  -0.0811  0.0307  0.2500  -5.5261   0.0000   0.2554
  24.000   1.3907   0.18159   0.17766  -0.0877  0.0288  0.2500  -5.5688   0.0000   0.2587
  24.500   1.3906   0.18815   0.18430  -0.0936  0.0274  0.2500  -5.6491   0.0000   0.2613
  25.000   1.3895   0.19487   0.19110  -0.0999  0.0259  0.2500  -5.7192   0.0000   0.2641


