xflr5 v6.47

 Calculated polar for: NACA24018_theta30_Ku4.5_Kl0.5_d0.35_delta13.38

 1 1 Reynolds number fixed          Mach number fixed         

 xtrf =   0.250 (top)        0.250 (bottom)
 Mach =   0.000     Re =     0.600 e 6     Ncrit =   5.000

  alpha     CL        CD       CDp       Cm    Top Xtr Bot Xtr   Cpmin    Chinge    XCp    
 ------- -------- --------- --------- -------- ------- ------- -------- --------- ---------
 -15.000  -0.1233   0.05691   0.05074  -0.1426  0.2500  0.0580  -3.2539   0.0000  -1.0013
 -14.500  -0.0484   0.05783   0.05159  -0.1476  0.2500  0.0613  -2.9380   0.0000  -3.0169
 -14.000   0.0285   0.05902   0.05273  -0.1528  0.2500  0.0651  -2.6267   0.0000   5.9496
 -13.500   0.1033   0.06037   0.05403  -0.1573  0.2500  0.0699  -2.3333   0.0000   1.8539
 -13.000   0.1766   0.06187   0.05548  -0.1614  0.2500  0.0753  -2.0759   0.0000   1.2054
 -12.500   0.2502   0.06354   0.05712  -0.1654  0.2500  0.0821  -1.8270   0.0000   0.9365
 -12.000   0.3243   0.06538   0.05895  -0.1695  0.2500  0.0903  -1.5856   0.0000   0.7888
 -11.500   0.3966   0.06729   0.06084  -0.1730  0.2500  0.1003  -1.3567   0.0000   0.6971
 -11.000   0.4688   0.06933   0.06287  -0.1765  0.2500  0.1128  -1.1391   0.0000   0.6334
 -10.500   0.5437   0.07164   0.06520  -0.1804  0.2500  0.1300  -0.9389   0.0000   0.5858
 -10.000   0.6207   0.07422   0.06781  -0.1845  0.2500  0.1551  -0.9462   0.0000   0.5490
  -9.500   0.7079   0.07757   0.07122  -0.1902  0.2500  0.1952  -0.9784   0.0000   0.5187
  -9.000   0.8023   0.08159   0.07532  -0.1970  0.2500  0.2500  -1.0240   0.0000   0.4939
  -8.500   0.8550   0.08305   0.07672  -0.1969  0.2500  0.2500  -1.0894   0.0000   0.4775
  -8.000   0.9069   0.08448   0.07811  -0.1967  0.2500  0.2500  -1.1550   0.0000   0.4630
  -7.500   0.9584   0.08592   0.07952  -0.1964  0.2500  0.2500  -1.2217   0.0000   0.4501
  -7.000   1.0093   0.08734   0.08091  -0.1960  0.2500  0.2500  -1.2928   0.0000   0.4384
  -6.500   1.0592   0.08875   0.08230  -0.1954  0.2500  0.2500  -1.3655   0.0000   0.4279
  -6.000   1.1081   0.09013   0.08367  -0.1947  0.2500  0.2500  -1.4381   0.0000   0.4183
  -5.500   1.1561   0.09148   0.08503  -0.1939  0.2500  0.2500  -1.5129   0.0000   0.4094
  -5.000   1.2035   0.09281   0.08637  -0.1930  0.2500  0.2500  -1.5911   0.0000   0.4013
  -4.500   1.2504   0.09411   0.08769  -0.1920  0.2500  0.2500  -1.6713   0.0000   0.3937
  -4.000   1.2968   0.09539   0.08900  -0.1909  0.2500  0.2500  -1.7518   0.0000   0.3866
  -3.500   1.3426   0.09666   0.09029  -0.1897  0.2500  0.2500  -1.8375   0.0000   0.3799
  -3.000   1.3880   0.09791   0.09159  -0.1885  0.2500  0.2500  -1.9262   0.0000   0.3737
  -2.500   1.4327   0.09913   0.09286  -0.1872  0.2500  0.2500  -2.0151   0.0000   0.3677
  -2.000   1.4763   0.10031   0.09409  -0.1857  0.2500  0.2500  -2.1036   0.0000   0.3621
  -1.500   1.5192   0.10146   0.09531  -0.1842  0.2500  0.2500  -2.1983   0.0000   0.3567
  -1.000   1.5613   0.10260   0.09652  -0.1826  0.2500  0.2500  -2.2947   0.0000   0.3516
  -0.500   1.6025   0.10373   0.09772  -0.1808  0.2500  0.2500  -2.3914   0.0000   0.3467
   0.000   1.6421   0.10492   0.09896  -0.1789  0.2434  0.2500  -2.4913   0.0000   0.3420
   0.500   1.6788   0.10626   0.10031  -0.1768  0.2356  0.2500  -2.5964   0.0000   0.3374
   1.000   1.7156   0.10755   0.10164  -0.1747  0.2285  0.2500  -2.7027   0.0000   0.3331
   1.500   1.7508   0.10887   0.10298  -0.1725  0.2203  0.2500  -2.8079   0.0000   0.3288
   2.000   1.7853   0.11017   0.10432  -0.1702  0.2128  0.2500  -2.9254   0.0000   0.3247
   2.500   1.8183   0.11150   0.10569  -0.1678  0.2055  0.2500  -3.0436   0.0000   0.3207
   3.000   1.8489   0.11297   0.10720  -0.1652  0.1980  0.2500  -3.1669   0.0000   0.3167
   3.500   1.8777   0.11454   0.10880  -0.1625  0.1901  0.2500  -3.2933   0.0000   0.3129
   4.000   1.9066   0.11603   0.11035  -0.1599  0.1832  0.2500  -3.4349   0.0000   0.3092
   4.500   1.9327   0.11768   0.11205  -0.1572  0.1752  0.2500  -3.5776   0.0000   0.3055
   5.000   1.9572   0.11946   0.11389  -0.1544  0.1677  0.2500  -3.7297   0.0000   0.3019
   5.500   1.9789   0.12140   0.11587  -0.1516  0.1597  0.2500  -3.8879   0.0000   0.2985
   6.000   1.9999   0.12337   0.11792  -0.1489  0.1519  0.2500  -4.0518   0.0000   0.2951
   6.500   2.0186   0.12551   0.12012  -0.1461  0.1442  0.2500  -4.2210   0.0000   0.2918
   7.000   2.0322   0.12805   0.12272  -0.1434  0.1365  0.2500  -4.3867   0.0000   0.2886
   7.500   2.0465   0.13050   0.12525  -0.1409  0.1287  0.2500  -4.5567   0.0000   0.2855
   8.000   2.0570   0.13327   0.12811  -0.1386  0.1215  0.2500  -4.7279   0.0000   0.2825
   8.500   2.0639   0.13638   0.13130  -0.1365  0.1145  0.2500  -4.8892   0.0000   0.2798
   9.000   2.0683   0.13971   0.13472  -0.1349  0.1068  0.2500  -5.0431   0.0000   0.2773
   9.500   2.0709   0.14321   0.13832  -0.1337  0.0997  0.2500  -5.1904   0.0000   0.2750
  10.000   2.0708   0.14694   0.14217  -0.1330  0.0932  0.2500  -5.3281   0.0000   0.2729
  10.500   2.0677   0.15097   0.14631  -0.1329  0.0871  0.2500  -5.4539   0.0000   0.2712
  11.000   2.0605   0.15544   0.15090  -0.1337  0.0813  0.2500  -5.5665   0.0000   0.2699
  11.500   2.0547   0.15975   0.15535  -0.1349  0.0759  0.2500  -5.6876   0.0000   0.2687
  12.000   2.0446   0.16452   0.16026  -0.1371  0.0708  0.2500  -5.7882   0.0000   0.2680
  12.500   2.0323   0.16954   0.16541  -0.1400  0.0658  0.2500  -5.8751   0.0000   0.2678
  13.000   2.0165   0.17500   0.17100  -0.1439  0.0613  0.2500  -5.9465   0.0000   0.2680
  13.500   2.0046   0.18000   0.17615  -0.1477  0.0573  0.2500  -6.0350   0.0000   0.2681
  14.000   1.9899   0.18537   0.18167  -0.1524  0.0538  0.2500  -6.1045   0.0000   0.2687
  14.500   1.9747   0.19080   0.18723  -0.1575  0.0503  0.2500  -6.1666   0.0000   0.2695
  15.000   1.9632   0.19575   0.19232  -0.1623  0.0471  0.2500  -6.2431   0.0000   0.2701
  15.500   1.9497   0.20093   0.19762  -0.1677  0.0440  0.2500  -6.3043   0.0000   0.2710
  16.000   1.9362   0.20611   0.20291  -0.1734  0.0409  0.2500  -6.3600   0.0000   0.2720
  16.500   1.9263   0.21073   0.20764  -0.1786  0.0380  0.2500  -6.4332   0.0000   0.2727
  17.000   1.9155   0.21547   0.21248  -0.1842  0.0355  0.2500  -6.4955   0.0000   0.2736
  17.500   1.9058   0.21998   0.21710  -0.1897  0.0332  0.2500  -6.5611   0.0000   0.2744


