xflr5 v6.47

 Calculated polar for: NACA24018_theta30_Ku4.5_Kl0.5_d0.07_delta1.57

 1 1 Reynolds number fixed          Mach number fixed         

 xtrf =   0.250 (top)        0.250 (bottom)
 Mach =   0.000     Re =     0.200 e 6     Ncrit =   5.000

  alpha     CL        CD       CDp       Cm    Top Xtr Bot Xtr   Cpmin    Chinge    XCp    
 ------- -------- --------- --------- -------- ------- ------- -------- --------- ---------
 -15.000  -0.6969   0.04457   0.03513  -0.1230  0.2500  0.0437  -5.1748   0.0000   0.0439
 -14.500  -0.6789   0.04171   0.03220  -0.1225  0.2500  0.0448  -4.9889   0.0000   0.0410
 -14.000  -0.6608   0.03909   0.02947  -0.1214  0.2500  0.0461  -4.8032   0.0000   0.0386
 -13.500  -0.6416   0.03662   0.02680  -0.1199  0.2500  0.0476  -4.6217   0.0000   0.0364
 -13.000  -0.6197   0.03436   0.02425  -0.1179  0.2500  0.0494  -4.4382   0.0000   0.0338
 -12.500  -0.5951   0.03251   0.02235  -0.1157  0.2500  0.0510  -4.2347   0.0000   0.0303
 -12.000  -0.5701   0.03093   0.02068  -0.1131  0.2500  0.0530  -4.0356   0.0000   0.0269
 -11.500  -0.5428   0.02943   0.01901  -0.1103  0.2500  0.0554  -3.8404   0.0000   0.0226
 -11.000  -0.5156   0.02803   0.01753  -0.1072  0.2500  0.0576  -3.6437   0.0000   0.0182
 -10.500  -0.4892   0.02684   0.01628  -0.1038  0.2500  0.0603  -3.4560   0.0000   0.0146
 -10.000  -0.4610   0.02575   0.01505  -0.1002  0.2500  0.0634  -3.2725   0.0000   0.0098
  -9.500  -0.4367   0.02464   0.01394  -0.0959  0.2500  0.0662  -3.0952   0.0000   0.0080
  -9.000  -0.4118   0.02373   0.01297  -0.0914  0.2500  0.0700  -2.9190   0.0000   0.0062
  -8.500  -0.3902   0.02283   0.01203  -0.0861  0.2500  0.0738  -2.7536   0.0000   0.0081
  -8.000  -0.3713   0.02207   0.01124  -0.0800  0.2500  0.0780  -2.5949   0.0000   0.0138
  -7.500  -0.3503   0.02130   0.01044  -0.0742  0.2500  0.0830  -2.4434   0.0000   0.0181
  -7.000  -0.3235   0.02057   0.00969  -0.0694  0.2500  0.0893  -2.2806   0.0000   0.0156
  -6.500  -0.2940   0.01982   0.00895  -0.0651  0.2500  0.0968  -2.1155   0.0000   0.0090
  -6.000  -0.2607   0.01915   0.00827  -0.0613  0.2500  0.1064  -1.9544   0.0000  -0.0050
  -5.500  -0.2247   0.01851   0.00765  -0.0579  0.2500  0.1195  -1.7923   0.0000  -0.0285
  -5.000  -0.1861   0.01792   0.00709  -0.0551  0.2500  0.1387  -1.6321   0.0000  -0.0678
  -4.500  -0.1460   0.01725   0.00655  -0.0525  0.2500  0.1712  -1.4788   0.0000  -0.1341
  -4.000  -0.1049   0.01633   0.00599  -0.0505  0.2500  0.2500  -1.3279   0.0000  -0.2608
  -3.500  -0.0560   0.01627   0.00575  -0.0490  0.2500  0.2500  -1.1746   0.0000  -0.6705
  -3.000  -0.0068   0.01625   0.00558  -0.0476  0.2500  0.2500  -1.0274   0.0000  -7.0214
  -2.500   0.0426   0.01626   0.00546  -0.0462  0.2500  0.2500  -0.8917   0.0000   1.3695
  -2.000   0.0922   0.01629   0.00540  -0.0449  0.2500  0.2500  -0.7860   0.0000   0.7474
  -1.500   0.1419   0.01635   0.00538  -0.0437  0.2500  0.2500  -0.8415   0.0000   0.5605
  -1.000   0.1916   0.01644   0.00540  -0.0424  0.2500  0.2500  -0.8994   0.0000   0.4706
  -0.500   0.2413   0.01655   0.00546  -0.0412  0.2500  0.2500  -0.9584   0.0000   0.4178
   0.000   0.2908   0.01669   0.00557  -0.0400  0.2500  0.2500  -1.0202   0.0000   0.3830
   0.500   0.3400   0.01685   0.00572  -0.0387  0.2500  0.2500  -1.0852   0.0000   0.3583
   1.000   0.3890   0.01705   0.00591  -0.0374  0.2500  0.2500  -1.1511   0.0000   0.3399
   1.500   0.4377   0.01727   0.00614  -0.0361  0.2500  0.2500  -1.2174   0.0000   0.3255
   2.000   0.4862   0.01752   0.00642  -0.0348  0.2500  0.2500  -1.2864   0.0000   0.3139
   2.500   0.5342   0.01780   0.00673  -0.0335  0.2500  0.2500  -1.3570   0.0000   0.3044
   3.000   0.5816   0.01811   0.00710  -0.0321  0.2500  0.2500  -1.4292   0.0000   0.2962
   3.500   0.6286   0.01846   0.00751  -0.0307  0.2500  0.2500  -1.5039   0.0000   0.2893
   4.000   0.6750   0.01884   0.00797  -0.0293  0.2500  0.2500  -1.5811   0.0000   0.2832
   4.500   0.7209   0.01927   0.00848  -0.0278  0.2500  0.2500  -1.6602   0.0000   0.2778
   5.000   0.7660   0.01974   0.00906  -0.0262  0.2500  0.2500  -1.7431   0.0000   0.2729
   5.500   0.8106   0.02026   0.00968  -0.0247  0.2500  0.2500  -1.8267   0.0000   0.2685
   6.000   0.8546   0.02084   0.01037  -0.0231  0.2500  0.2500  -1.9103   0.0000   0.2645
   6.500   0.8980   0.02147   0.01113  -0.0215  0.2500  0.2500  -1.9985   0.0000   0.2608
   7.000   0.9411   0.02216   0.01196  -0.0200  0.2500  0.2500  -2.0882   0.0000   0.2574
   7.500   0.9842   0.02292   0.01286  -0.0185  0.2500  0.2500  -2.1832   0.0000   0.2544
   8.000   1.0278   0.02375   0.01383  -0.0172  0.2500  0.2500  -2.2836   0.0000   0.2517
   8.500   1.0688   0.02467   0.01489  -0.0157  0.2477  0.2500  -2.3847   0.0000   0.2489
   9.000   1.1020   0.02574   0.01602  -0.0133  0.2413  0.2500  -2.4841   0.0000   0.2455
   9.500   1.1332   0.02688   0.01735  -0.0108  0.2342  0.2500  -2.5835   0.0000   0.2422
  10.000   1.1623   0.02820   0.01875  -0.0083  0.2281  0.2500  -2.6832   0.0000   0.2390
  10.500   1.1892   0.02967   0.02042  -0.0059  0.2210  0.2500  -2.7887   0.0000   0.2359
  11.000   1.2138   0.03134   0.02218  -0.0035  0.2150  0.2500  -2.8932   0.0000   0.2329
  11.500   1.2361   0.03324   0.02431  -0.0012  0.2082  0.2500  -3.0030   0.0000   0.2301
  12.000   1.2555   0.03540   0.02656   0.0009  0.2023  0.2500  -3.1090   0.0000   0.2275
  12.500   1.2723   0.03792   0.02933   0.0027  0.1955  0.2500  -3.2193   0.0000   0.2250
  13.000   1.2867   0.04072   0.03223   0.0042  0.1897  0.2500  -3.3318   0.0000   0.2228
  13.500   1.2972   0.04408   0.03586   0.0053  0.1830  0.2500  -3.4362   0.0000   0.2209
  14.000   1.3050   0.04780   0.03971   0.0061  0.1770  0.2500  -3.5427   0.0000   0.2193
  14.500   1.3083   0.05229   0.04446   0.0062  0.1703  0.2500  -3.6354   0.0000   0.2180
  15.000   1.3099   0.05713   0.04943   0.0058  0.1645  0.2500  -3.7281   0.0000   0.2171
  15.500   1.3042   0.06313   0.05570   0.0046  0.1578  0.2500  -3.7964   0.0000   0.2167
  16.000   1.2983   0.06938   0.06211   0.0029  0.1519  0.2500  -3.8629   0.0000   0.2167
  16.500   1.2837   0.07705   0.07003   0.0001  0.1453  0.2500  -3.9017   0.0000   0.2175
  17.000   1.2690   0.08499   0.07816  -0.0031  0.1392  0.2500  -3.9386   0.0000   0.2187
  17.500   1.2490   0.09393   0.08730  -0.0073  0.1326  0.2500  -3.9509   0.0000   0.2207
  18.000   1.2250   0.10371   0.09731  -0.0123  0.1262  0.2500  -3.9405   0.0000   0.2235
  18.500   1.2160   0.11136   0.10503  -0.0164  0.1200  0.2500  -3.9851   0.0000   0.2256
  19.000   1.1803   0.12344   0.11739  -0.0237  0.1130  0.2500  -3.9088   0.0000   0.2308
  19.500   1.1754   0.13071   0.12474  -0.0284  0.1071  0.2500  -3.9548   0.0000   0.2335
  20.000   1.1550   0.14070   0.13489  -0.0352  0.1003  0.2500  -3.9218   0.0000   0.2384
  20.500   1.1298   0.15174   0.14611  -0.0430  0.0934  0.2500  -3.8503   0.0000   0.2447
  21.500   1.1171   0.16763   0.16219  -0.0553  0.0816  0.2500  -3.8733   0.0000   0.2534
  22.000   1.0969   0.17835   0.17305  -0.0637  0.0750  0.2500  -3.7880   0.0000   0.2608
  22.500   1.1218   0.18044   0.17515  -0.0660  0.0717  0.2500  -3.9760   0.0000   0.2599
  23.000   1.0920   0.19342   0.18828  -0.0765  0.0647  0.2500  -3.7974   0.0000   0.2700
  23.500   1.1186   0.19493   0.18981  -0.0786  0.0623  0.2500  -4.0068   0.0000   0.2685
  24.000   1.0750   0.21155   0.20658  -0.0920  0.0541  0.2500  -3.6720   0.0000   0.2829


