xflr5 v6.47

 Calculated polar for: NACA24018_theta30_Ku4.5_Kl0.5_d0.00_delta0.00

 1 1 Reynolds number fixed          Mach number fixed         

 xtrf =   0.250 (top)        0.250 (bottom)
 Mach =   0.000     Re =     0.500 e 6     Ncrit =   5.000

  alpha     CL        CD       CDp       Cm    Top Xtr Bot Xtr   Cpmin    Chinge    XCp    
 ------- -------- --------- --------- -------- ------- ------- -------- --------- ---------
 -15.000  -0.9369   0.03435   0.02614  -0.0970  0.2500  0.0309  -6.3129   0.0000   0.1211
 -14.500  -0.9213   0.03185   0.02352  -0.0950  0.2500  0.0316  -6.1008   0.0000   0.1224
 -14.000  -0.9033   0.02968   0.02121  -0.0927  0.2500  0.0325  -5.8805   0.0000   0.1238
 -13.500  -0.8824   0.02781   0.01919  -0.0902  0.2500  0.0334  -5.6528   0.0000   0.1252
 -13.000  -0.8631   0.02600   0.01731  -0.0871  0.2500  0.0344  -5.4353   0.0000   0.1273
 -12.500  -0.8395   0.02454   0.01577  -0.0840  0.2500  0.0355  -5.2035   0.0000   0.1290
 -12.000  -0.8139   0.02325   0.01436  -0.0807  0.2500  0.0367  -4.9701   0.0000   0.1306
 -11.500  -0.7879   0.02205   0.01307  -0.0771  0.2500  0.0378  -4.7381   0.0000   0.1326
 -11.000  -0.7605   0.02098   0.01196  -0.0734  0.2500  0.0392  -4.5014   0.0000   0.1345
 -10.500  -0.7301   0.02010   0.01098  -0.0699  0.2500  0.0409  -4.2651   0.0000   0.1360
 -10.000  -0.6997   0.01924   0.01005  -0.0661  0.2500  0.0426  -4.0383   0.0000   0.1378
  -9.500  -0.6678   0.01848   0.00925  -0.0623  0.2500  0.0445  -3.8090   0.0000   0.1395
  -9.000  -0.6337   0.01783   0.00852  -0.0586  0.2500  0.0467  -3.5796   0.0000   0.1407
  -8.500  -0.6005   0.01716   0.00783  -0.0547  0.2500  0.0491  -3.3573   0.0000   0.1426
  -8.000  -0.5651   0.01663   0.00723  -0.0510  0.2500  0.0518  -3.1428   0.0000   0.1439
  -7.500  -0.5314   0.01612   0.00671  -0.0468  0.2500  0.0550  -2.9351   0.0000   0.1464
  -7.000  -0.4967   0.01573   0.00627  -0.0427  0.2500  0.0584  -2.7305   0.0000   0.1489
  -6.500  -0.4598   0.01535   0.00587  -0.0389  0.2500  0.0627  -2.5261   0.0000   0.1506
  -6.000  -0.4198   0.01496   0.00548  -0.0357  0.2500  0.0677  -2.3281   0.0000   0.1502
  -5.500  -0.3781   0.01461   0.00512  -0.0328  0.2500  0.0736  -2.1320   0.0000   0.1487
  -5.000  -0.3354   0.01428   0.00479  -0.0301  0.2500  0.0811  -1.9430   0.0000   0.1458
  -4.500  -0.2918   0.01397   0.00449  -0.0275  0.2500  0.0908  -1.7619   0.0000   0.1412
  -4.000  -0.2476   0.01367   0.00421  -0.0250  0.2500  0.1036  -1.5919   0.0000   0.1343
  -3.500  -0.2033   0.01336   0.00396  -0.0225  0.2500  0.1214  -1.4275   0.0000   0.1239
  -3.000  -0.1594   0.01301   0.00372  -0.0199  0.2500  0.1502  -1.2743   0.0000   0.1087
  -2.500  -0.1189   0.01248   0.00344  -0.0168  0.2500  0.2120  -1.1326   0.0000   0.0911
  -2.000  -0.0736   0.01221   0.00326  -0.0145  0.2500  0.2500  -0.9934   0.0000   0.0321
  -1.500  -0.0233   0.01221   0.00318  -0.0131  0.2500  0.2500  -0.8562   0.0000  -0.3542
  -1.000   0.0271   0.01222   0.00312  -0.0116  0.2500  0.2500  -0.7885   0.0000   0.6951
  -0.500   0.0775   0.01224   0.00309  -0.0102  0.2500  0.2500  -0.8458   0.0000   0.3805
   0.000   0.1277   0.01227   0.00309  -0.0088  0.2500  0.2500  -0.9055   0.0000   0.3136
   0.500   0.1778   0.01232   0.00310  -0.0074  0.2500  0.2500  -0.9662   0.0000   0.2844
   1.000   0.2278   0.01237   0.00314  -0.0059  0.2500  0.2500  -1.0299   0.0000   0.2679
   1.500   0.2774   0.01244   0.00320  -0.0044  0.2500  0.2500  -1.0941   0.0000   0.2572
   2.000   0.3267   0.01252   0.00328  -0.0029  0.2500  0.2500  -1.1604   0.0000   0.2495
   2.500   0.3756   0.01262   0.00338  -0.0013  0.2500  0.2500  -1.2291   0.0000   0.2436
   3.000   0.4241   0.01272   0.00350   0.0003  0.2500  0.2500  -1.3008   0.0000   0.2388
   3.500   0.4720   0.01284   0.00365   0.0021  0.2500  0.2500  -1.3729   0.0000   0.2347
   4.000   0.5192   0.01298   0.00382   0.0039  0.2500  0.2500  -1.4486   0.0000   0.2311
   4.500   0.5656   0.01313   0.00401   0.0058  0.2500  0.2500  -1.5243   0.0000   0.2278
   5.000   0.6103   0.01329   0.00422   0.0081  0.2500  0.2500  -1.6020   0.0000   0.2243
   5.500   0.6527   0.01346   0.00445   0.0108  0.2500  0.2500  -1.6792   0.0000   0.2205
   6.000   0.6945   0.01366   0.00472   0.0136  0.2500  0.2500  -1.7581   0.0000   0.2170
   6.500   0.7361   0.01391   0.00504   0.0163  0.2500  0.2500  -1.8428   0.0000   0.2139
   7.000   0.7750   0.01429   0.00542   0.0193  0.2445  0.2500  -1.9268   0.0000   0.2104
   7.500   0.8164   0.01462   0.00581   0.0219  0.2382  0.2500  -2.0153   0.0000   0.2080
   8.000   0.8538   0.01507   0.00627   0.0250  0.2315  0.2500  -2.1044   0.0000   0.2049
   8.500   0.8937   0.01547   0.00674   0.0275  0.2251  0.2500  -2.2008   0.0000   0.2026
   9.000   0.9291   0.01602   0.00731   0.0307  0.2190  0.2500  -2.2943   0.0000   0.1997
   9.500   0.9672   0.01650   0.00787   0.0333  0.2129  0.2500  -2.3950   0.0000   0.1976
  10.500   1.0359   0.01777   0.00926   0.0393  0.2006  0.2500  -2.6050   0.0000   0.1926
  11.500   1.0987   0.01939   0.01101   0.0453  0.1884  0.2500  -2.8335   0.0000   0.1877
  12.000   1.1254   0.02046   0.01213   0.0485  0.1818  0.2500  -2.9517   0.0000   0.1849
  12.500   1.1544   0.02152   0.01328   0.0512  0.1754  0.2500  -3.0748   0.0000   0.1828
  13.000   1.1778   0.02290   0.01474   0.0541  0.1696  0.2500  -3.1953   0.0000   0.1802
  13.500   1.2016   0.02439   0.01631   0.0567  0.1626  0.2500  -3.3306   0.0000   0.1780
  14.000   1.2216   0.02619   0.01820   0.0592  0.1562  0.2500  -3.4610   0.0000   0.1757
  14.500   1.2389   0.02831   0.02041   0.0615  0.1502  0.2500  -3.5943   0.0000   0.1734
  15.000   1.2548   0.03069   0.02290   0.0635  0.1443  0.2500  -3.7309   0.0000   0.1714
  15.500   1.2627   0.03387   0.02615   0.0652  0.1376  0.2500  -3.8493   0.0000   0.1691
  16.000   1.2733   0.03708   0.02949   0.0664  0.1311  0.2500  -3.9770   0.0000   0.1675
  16.500   1.2762   0.04118   0.03369   0.0671  0.1254  0.2500  -4.0862   0.0000   0.1657
  17.000   1.2753   0.04591   0.03855   0.0673  0.1193  0.2500  -4.1844   0.0000   0.1642
  17.500   1.2712   0.05126   0.04402   0.0670  0.1137  0.2500  -4.2740   0.0000   0.1629
  18.500   1.2462   0.06462   0.05765   0.0644  0.1027  0.2500  -4.3937   0.0000   0.1610
  19.000   1.2258   0.07269   0.06584   0.0622  0.0978  0.2500  -4.4224   0.0000   0.1605
  19.500   1.2069   0.08084   0.07414   0.0595  0.0927  0.2500  -4.4532   0.0000   0.1604
  20.000   1.1864   0.08947   0.08290   0.0564  0.0880  0.2500  -4.4730   0.0000   0.1607
  20.500   1.1636   0.09865   0.09219   0.0528  0.0831  0.2500  -4.4778   0.0000   0.1614
  21.000   1.1484   0.10695   0.10062   0.0492  0.0785  0.2500  -4.5079   0.0000   0.1625
  21.500   1.1292   0.11600   0.10976   0.0451  0.0740  0.2500  -4.5172   0.0000   0.1639
  22.000   1.1165   0.12421   0.11808   0.0411  0.0694  0.2500  -4.5477   0.0000   0.1656
  22.500   1.1056   0.13223   0.12619   0.0370  0.0654  0.2500  -4.5805   0.0000   0.1675
  23.000   1.0940   0.14041   0.13444   0.0325  0.0613  0.2500  -4.6038   0.0000   0.1698
  23.500   1.0889   0.14763   0.14177   0.0283  0.0576  0.2500  -4.6520   0.0000   0.1721
  24.000   1.0823   0.15512   0.14932   0.0238  0.0542  0.2500  -4.6915   0.0000   0.1746
  24.500   1.0782   0.16223   0.15652   0.0193  0.0507  0.2500  -4.7393   0.0000   0.1772
  25.000   1.0754   0.16910   0.16347   0.0147  0.0477  0.2500  -4.7909   0.0000   0.1799


