xflr5 v6.47

 Calculated polar for: NACA24018_theta30_Ku4.5_Kl0.5_d0.24_delta7.31

 1 1 Reynolds number fixed          Mach number fixed         

 xtrf =   0.250 (top)        0.250 (bottom)
 Mach =   0.000     Re =     3.000 e 6     Ncrit =   5.000

  alpha     CL        CD       CDp       Cm    Top Xtr Bot Xtr   Cpmin    Chinge    XCp    
 ------- -------- --------- --------- -------- ------- ------- -------- --------- ---------
 -15.000  -0.5647   0.02738   0.02162  -0.1402  0.2500  0.0314  -5.0302   0.0000  -0.0296
 -14.500  -0.4972   0.02727   0.02147  -0.1435  0.2500  0.0324  -4.6595   0.0000  -0.0717
 -14.000  -0.4268   0.02722   0.02140  -0.1473  0.2500  0.0341  -4.2966   0.0000  -0.1307
 -13.500  -0.3560   0.02728   0.02144  -0.1510  0.2500  0.0360  -3.9426   0.0000  -0.2135
 -13.000  -0.2856   0.02743   0.02157  -0.1544  0.2500  0.0377  -3.6008   0.0000  -0.3363
 -12.500  -0.2148   0.02766   0.02178  -0.1578  0.2500  0.0400  -3.2779   0.0000  -0.5408
 -12.000  -0.1433   0.02796   0.02207  -0.1613  0.2500  0.0423  -2.9686   0.0000  -0.9531
 -11.500  -0.0725   0.02832   0.02241  -0.1646  0.2500  0.0447  -2.6790   0.0000  -2.1606
 -11.000  -0.0010   0.02873   0.02283  -0.1679  0.2500  0.0484  -2.4029   0.0000  -175.7644
 -10.500   0.0695   0.02920   0.02329  -0.1710  0.2500  0.0522  -2.1388   0.0000   2.8341
 -10.000   0.1400   0.02971   0.02380  -0.1741  0.2500  0.0569  -1.8886   0.0000   1.5497
  -9.500   0.2103   0.03028   0.02437  -0.1770  0.2500  0.0618  -1.6559   0.0000   1.1260
  -9.000   0.2805   0.03088   0.02498  -0.1799  0.2500  0.0676  -1.4426   0.0000   0.9144
  -8.500   0.3510   0.03154   0.02566  -0.1828  0.2500  0.0763  -1.2371   0.0000   0.7873
  -8.000   0.4199   0.03221   0.02635  -0.1854  0.2500  0.0853  -1.0431   0.0000   0.7035
  -7.500   0.4898   0.03294   0.02710  -0.1881  0.2500  0.0976  -0.8728   0.0000   0.6429
  -7.000   0.5598   0.03371   0.02791  -0.1908  0.2500  0.1135  -0.8893   0.0000   0.5973
  -6.500   0.6327   0.03459   0.02885  -0.1940  0.2500  0.1373  -0.9648   0.0000   0.5612
  -6.000   0.7110   0.03566   0.03002  -0.1982  0.2500  0.1781  -1.0455   0.0000   0.5317
  -5.500   0.8003   0.03709   0.03160  -0.2043  0.2500  0.2500  -1.1360   0.0000   0.5069
  -5.000   0.8566   0.03771   0.03220  -0.2044  0.2500  0.2500  -1.2096   0.0000   0.4891
  -4.500   0.9126   0.03832   0.03281  -0.2043  0.2500  0.2500  -1.2840   0.0000   0.4734
  -4.000   0.9682   0.03894   0.03342  -0.2042  0.2500  0.2500  -1.3590   0.0000   0.4596
  -3.500   1.0235   0.03955   0.03402  -0.2040  0.2500  0.2500  -1.4360   0.0000   0.4471
  -3.000   1.0784   0.04016   0.03464  -0.2038  0.2500  0.2500  -1.5159   0.0000   0.4359
  -2.500   1.1331   0.04078   0.03526  -0.2035  0.2500  0.2500  -1.5964   0.0000   0.4257
  -2.000   1.1872   0.04140   0.03588  -0.2030  0.2484  0.2500  -1.6841   0.0000   0.4164
  -1.500   1.2404   0.04201   0.03648  -0.2025  0.2429  0.2500  -1.7730   0.0000   0.4079
  -1.000   1.2923   0.04263   0.03705  -0.2017  0.2337  0.2500  -1.8617   0.0000   0.4000
  -0.500   1.3442   0.04325   0.03767  -0.2009  0.2281  0.2500  -1.9555   0.0000   0.3926
   0.000   1.3948   0.04390   0.03826  -0.1999  0.2187  0.2500  -2.0503   0.0000   0.3858
   0.500   1.4451   0.04455   0.03890  -0.1988  0.2117  0.2500  -2.1490   0.0000   0.3793
   1.000   1.4942   0.04523   0.03955  -0.1976  0.2033  0.2500  -2.2526   0.0000   0.3732
   1.500   1.5435   0.04593   0.04025  -0.1963  0.1993  0.2500  -2.3614   0.0000   0.3674
   2.000   1.5912   0.04667   0.04098  -0.1949  0.1923  0.2500  -2.4695   0.0000   0.3619
   2.500   1.6383   0.04745   0.04175  -0.1933  0.1849  0.2500  -2.5784   0.0000   0.3567
   3.000   1.6835   0.04831   0.04257  -0.1915  0.1758  0.2500  -2.6867   0.0000   0.3516
   3.500   1.7272   0.04928   0.04355  -0.1894  0.1688  0.2500  -2.8078   0.0000   0.3467
   4.000   1.7695   0.05032   0.04457  -0.1872  0.1615  0.2500  -2.9359   0.0000   0.3420
   4.500   1.8108   0.05139   0.04563  -0.1848  0.1536  0.2500  -3.0666   0.0000   0.3374
   5.000   1.8516   0.05249   0.04673  -0.1824  0.1459  0.2500  -3.2064   0.0000   0.3330
   5.500   1.8904   0.05369   0.04791  -0.1797  0.1375  0.2500  -3.3474   0.0000   0.3286
   6.000   1.9264   0.05506   0.04925  -0.1766  0.1279  0.2500  -3.4972   0.0000   0.3244
   6.500   1.9580   0.05675   0.05093  -0.1731  0.1192  0.2500  -3.6633   0.0000   0.3201
   7.000   1.9905   0.05836   0.05255  -0.1697  0.1119  0.2500  -3.8381   0.0000   0.3160
   7.500   2.0203   0.06016   0.05434  -0.1660  0.1029  0.2500  -4.0133   0.0000   0.3119
   8.000   2.0442   0.06246   0.05664  -0.1617  0.0943  0.2500  -4.1932   0.0000   0.3078
   8.500   2.0702   0.06460   0.05880  -0.1578  0.0875  0.2500  -4.3863   0.0000   0.3039
   9.000   2.0870   0.06749   0.06169  -0.1530  0.0784  0.2500  -4.5730   0.0000   0.2998
   9.500   2.1037   0.07046   0.06468  -0.1485  0.0710  0.2500  -4.7619   0.0000   0.2959
  10.000   2.1200   0.07352   0.06779  -0.1442  0.0656  0.2500  -4.9523   0.0000   0.2922
  10.500   2.1321   0.07704   0.07136  -0.1398  0.0608  0.2500  -5.1330   0.0000   0.2885
  11.000   2.1400   0.08102   0.07541  -0.1356  0.0563  0.2500  -5.3061   0.0000   0.2850
  11.500   2.1436   0.08552   0.07997  -0.1316  0.0513  0.2500  -5.4824   0.0000   0.2817
  12.000   2.1436   0.09053   0.08506  -0.1281  0.0467  0.2500  -5.6466   0.0000   0.2787
  12.500   2.1433   0.09566   0.09029  -0.1253  0.0431  0.2500  -5.8092   0.0000   0.2759
  13.000   2.1403   0.10115   0.09588  -0.1233  0.0398  0.2500  -5.9608   0.0000   0.2736
  13.500   2.1341   0.10703   0.10187  -0.1220  0.0370  0.2500  -6.0991   0.0000   0.2716
  14.000   2.1280   0.11296   0.10792  -0.1216  0.0348  0.2500  -6.2347   0.0000   0.2699
  14.500   2.1198   0.11919   0.11428  -0.1220  0.0330  0.2500  -6.3589   0.0000   0.2687
  15.000   2.1087   0.12584   0.12106  -0.1234  0.0310  0.2500  -6.4674   0.0000   0.2679
  15.500   2.0952   0.13281   0.12816  -0.1256  0.0292  0.2500  -6.5613   0.0000   0.2676
  16.000   2.0792   0.14010   0.13560  -0.1288  0.0276  0.2500  -6.6456   0.0000   0.2677
  16.500   2.0620   0.14764   0.14328  -0.1328  0.0262  0.2500  -6.7255   0.0000   0.2683
  17.000   2.0453   0.15513   0.15093  -0.1374  0.0251  0.2500  -6.8016   0.0000   0.2691
  17.500   2.0251   0.16313   0.15907  -0.1430  0.0239  0.2500  -6.8531   0.0000   0.2705
  18.000   2.0104   0.17034   0.16641  -0.1483  0.0229  0.2500  -6.9263   0.0000   0.2716
  18.500   1.9922   0.17807   0.17428  -0.1546  0.0218  0.2500  -6.9744   0.0000   0.2733
  19.000   1.9754   0.18558   0.18191  -0.1611  0.0207  0.2500  -7.0228   0.0000   0.2752
  19.500   1.9638   0.19225   0.18870  -0.1671  0.0198  0.2500  -7.0957   0.0000   0.2766
  20.000   1.9507   0.19913   0.19569  -0.1736  0.0187  0.2500  -7.1540   0.0000   0.2783
  20.500   1.9393   0.20570   0.20237  -0.1801  0.0177  0.2500  -7.2174   0.0000   0.2800
  21.000   1.9295   0.21199   0.20876  -0.1866  0.0168  0.2500  -7.2854   0.0000   0.2816
  21.500   1.9187   0.21838   0.21524  -0.1934  0.0160  0.2500  -7.3412   0.0000   0.2834
  22.000   1.9110   0.22419   0.22116  -0.1998  0.0153  0.2500  -7.4135   0.0000   0.2848
  22.500   1.9063   0.22942   0.22647  -0.2057  0.0146  0.2500  -7.5038   0.0000   0.2859
  23.000   1.8983   0.23515   0.23228  -0.2124  0.0138  0.2500  -7.5709   0.0000   0.2875
  23.500   1.8914   0.24062   0.23784  -0.2190  0.0132  0.2500  -7.6483   0.0000   0.2890
  24.000   1.8844   0.24602   0.24333  -0.2257  0.0125  0.2500  -7.7210   0.0000   0.2905
  24.500   1.8776   0.25133   0.24872  -0.2325  0.0119  0.2500  -7.7902   0.0000   0.2921
  25.000   1.8742   0.25591   0.25337  -0.2385  0.0113  0.2500  -7.8867   0.0000   0.2930


