xflr5 v6.47

 Calculated polar for: NACA24018_theta30_Ku4.5_Kl0.5_d0.00_delta0.00

 1 1 Reynolds number fixed          Mach number fixed         

 xtrf =   0.250 (top)        0.250 (bottom)
 Mach =   0.000     Re =     0.300 e 6     Ncrit =   5.000

  alpha     CL        CD       CDp       Cm    Top Xtr Bot Xtr   Cpmin    Chinge    XCp    
 ------- -------- --------- --------- -------- ------- ------- -------- --------- ---------
 -15.000  -0.8772   0.04166   0.03292  -0.0970  0.2500  0.0354  -5.9369   0.0000   0.1132
 -14.500  -0.8660   0.03854   0.02960  -0.0956  0.2500  0.0364  -5.7625   0.0000   0.1144
 -14.000  -0.8517   0.03578   0.02660  -0.0938  0.2500  0.0375  -5.5784   0.0000   0.1156
 -13.500  -0.8356   0.03338   0.02414  -0.0916  0.2500  0.0384  -5.3758   0.0000   0.1170
 -13.000  -0.8165   0.03132   0.02196  -0.0891  0.2500  0.0394  -5.1723   0.0000   0.1184
 -12.500  -0.7949   0.02947   0.01997  -0.0864  0.2500  0.0408  -4.9647   0.0000   0.1196
 -12.000  -0.7718   0.02779   0.01814  -0.0834  0.2500  0.0422  -4.7535   0.0000   0.1210
 -11.500  -0.7476   0.02633   0.01662  -0.0802  0.2500  0.0436  -4.5332   0.0000   0.1225
 -11.000  -0.7209   0.02502   0.01520  -0.0769  0.2500  0.0454  -4.3120   0.0000   0.1238
 -10.500  -0.6935   0.02379   0.01386  -0.0734  0.2500  0.0471  -4.0981   0.0000   0.1252
 -10.000  -0.6648   0.02273   0.01275  -0.0698  0.2500  0.0492  -3.8818   0.0000   0.1266
  -9.500  -0.6338   0.02178   0.01168  -0.0663  0.2500  0.0516  -3.6669   0.0000   0.1276
  -8.500  -0.5713   0.02006   0.00984  -0.0586  0.2500  0.0571  -3.2441   0.0000   0.1305
  -8.000  -0.5399   0.01927   0.00903  -0.0545  0.2500  0.0601  -3.0449   0.0000   0.1326
  -7.500  -0.5062   0.01865   0.00833  -0.0506  0.2500  0.0640  -2.8452   0.0000   0.1340
  -7.000  -0.4749   0.01806   0.00773  -0.0461  0.2500  0.0681  -2.6528   0.0000   0.1373
  -6.500  -0.4421   0.01756   0.00720  -0.0417  0.2500  0.0730  -2.4648   0.0000   0.1404
  -6.000  -0.4049   0.01710   0.00669  -0.0381  0.2500  0.0791  -2.2776   0.0000   0.1409
  -5.500  -0.3662   0.01665   0.00623  -0.0347  0.2500  0.0867  -2.0910   0.0000   0.1402
  -5.000  -0.3263   0.01622   0.00580  -0.0316  0.2500  0.0962  -1.9123   0.0000   0.1384
  -4.500  -0.2860   0.01578   0.00540  -0.0285  0.2500  0.1089  -1.7400   0.0000   0.1356
  -4.000  -0.2447   0.01537   0.00503  -0.0255  0.2500  0.1273  -1.5776   0.0000   0.1307
  -3.500  -0.2041   0.01491   0.00468  -0.0224  0.2500  0.1569  -1.4214   0.0000   0.1247
  -3.000  -0.1683   0.01419   0.00427  -0.0186  0.2500  0.2290  -1.2825   0.0000   0.1240
  -2.500  -0.1224   0.01399   0.00405  -0.0164  0.2500  0.2500  -1.1334   0.0000   0.0993
  -2.000  -0.0732   0.01397   0.00391  -0.0147  0.2500  0.2500  -0.9897   0.0000   0.0284
  -1.500  -0.0239   0.01397   0.00381  -0.0130  0.2500  0.2500  -0.8550   0.0000  -0.3360
  -1.000   0.0253   0.01398   0.00374  -0.0114  0.2500  0.2500  -0.7870   0.0000   0.7187
  -0.500   0.0745   0.01401   0.00370  -0.0098  0.2500  0.2500  -0.8433   0.0000   0.3802
   0.000   0.1237   0.01405   0.00369  -0.0082  0.2500  0.2500  -0.9022   0.0000   0.3109
   0.500   0.1726   0.01411   0.00371  -0.0066  0.2500  0.2500  -0.9616   0.0000   0.2809
   1.000   0.2214   0.01418   0.00376  -0.0049  0.2500  0.2500  -1.0242   0.0000   0.2641
   1.500   0.2699   0.01427   0.00383  -0.0032  0.2500  0.2500  -1.0873   0.0000   0.2531
   2.000   0.3180   0.01437   0.00393  -0.0015  0.2500  0.2500  -1.1524   0.0000   0.2452
   2.500   0.3657   0.01449   0.00405   0.0002  0.2500  0.2500  -1.2194   0.0000   0.2392
   3.000   0.4130   0.01462   0.00421   0.0021  0.2500  0.2500  -1.2898   0.0000   0.2344
   3.500   0.4596   0.01478   0.00439   0.0040  0.2500  0.2500  -1.3605   0.0000   0.2302
   4.000   0.5056   0.01495   0.00460   0.0060  0.2500  0.2500  -1.4342   0.0000   0.2266
   4.500   0.5508   0.01514   0.00484   0.0081  0.2500  0.2500  -1.5084   0.0000   0.2232
   5.000   0.5944   0.01535   0.00511   0.0105  0.2500  0.2500  -1.5842   0.0000   0.2197
   5.500   0.6361   0.01558   0.00539   0.0133  0.2500  0.2500  -1.6601   0.0000   0.2161
   6.000   0.6773   0.01584   0.00573   0.0160  0.2500  0.2500  -1.7377   0.0000   0.2127
   6.500   0.7185   0.01615   0.00612   0.0187  0.2500  0.2500  -1.8204   0.0000   0.2098
   7.000   0.7598   0.01653   0.00659   0.0212  0.2500  0.2500  -1.9056   0.0000   0.2073
   7.500   0.8010   0.01697   0.00712   0.0237  0.2500  0.2500  -1.9918   0.0000   0.2051
   8.000   0.8416   0.01747   0.00771   0.0262  0.2490  0.2500  -2.0820   0.0000   0.2030
   8.500   0.8778   0.01803   0.00830   0.0292  0.2426  0.2500  -2.1733   0.0000   0.2001
   9.000   0.9144   0.01857   0.00893   0.0321  0.2357  0.2500  -2.2669   0.0000   0.1976
   9.500   0.9485   0.01923   0.00964   0.0352  0.2296  0.2500  -2.3615   0.0000   0.1949
  10.000   0.9827   0.01991   0.01041   0.0381  0.2231  0.2500  -2.4586   0.0000   0.1924
  10.500   1.0137   0.02073   0.01129   0.0412  0.2171  0.2500  -2.5626   0.0000   0.1897
  11.000   1.0450   0.02157   0.01225   0.0442  0.2105  0.2500  -2.6699   0.0000   0.1873
  11.500   1.0728   0.02261   0.01336   0.0473  0.2048  0.2500  -2.7790   0.0000   0.1847
  12.000   1.1006   0.02370   0.01458   0.0501  0.1982  0.2500  -2.8973   0.0000   0.1824
  12.500   1.1246   0.02505   0.01601   0.0530  0.1923  0.2500  -3.0098   0.0000   0.1798
  13.000   1.1477   0.02654   0.01762   0.0557  0.1856  0.2500  -3.1244   0.0000   0.1775
  13.500   1.1678   0.02830   0.01949   0.0582  0.1796  0.2500  -3.2478   0.0000   0.1751
  14.000   1.1858   0.03034   0.02165   0.0605  0.1733  0.2500  -3.3700   0.0000   0.1729
  14.500   1.2011   0.03270   0.02415   0.0625  0.1670  0.2500  -3.4921   0.0000   0.1708
  15.000   1.2113   0.03562   0.02716   0.0642  0.1605  0.2500  -3.6093   0.0000   0.1687
  15.500   1.2226   0.03871   0.03042   0.0654  0.1545  0.2500  -3.7302   0.0000   0.1670
  16.000   1.2258   0.04268   0.03448   0.0662  0.1487  0.2500  -3.8335   0.0000   0.1652
  16.500   1.2301   0.04688   0.03887   0.0664  0.1423  0.2500  -3.9383   0.0000   0.1640
  17.000   1.2262   0.05213   0.04423   0.0661  0.1364  0.2500  -4.0229   0.0000   0.1627
  17.500   1.2207   0.05788   0.05015   0.0651  0.1301  0.2500  -4.0993   0.0000   0.1618
  18.000   1.2111   0.06436   0.05679   0.0637  0.1244  0.2500  -4.1633   0.0000   0.1612
  18.500   1.1962   0.07178   0.06433   0.0616  0.1186  0.2500  -4.2060   0.0000   0.1609
  19.000   1.1816   0.07947   0.07219   0.0590  0.1129  0.2500  -4.2467   0.0000   0.1610
  19.500   1.1627   0.08794   0.08077   0.0559  0.1073  0.2500  -4.2686   0.0000   0.1614
  20.000   1.1442   0.09667   0.08967   0.0523  0.1015  0.2500  -4.2871   0.0000   0.1622
  20.500   1.1267   0.10541   0.09854   0.0485  0.0961  0.2500  -4.3052   0.0000   0.1635
  21.000   1.1103   0.11416   0.10737   0.0445  0.0907  0.2500  -4.3215   0.0000   0.1650
  21.500   1.0951   0.12291   0.11628   0.0402  0.0853  0.2500  -4.3368   0.0000   0.1670
  22.000   1.0836   0.13118   0.12464   0.0359  0.0804  0.2500  -4.3641   0.0000   0.1691
  22.500   1.0741   0.13918   0.13272   0.0315  0.0754  0.2500  -4.3948   0.0000   0.1715
  23.000   1.0637   0.14746   0.14113   0.0267  0.0707  0.2500  -4.4122   0.0000   0.1743
  23.500   1.0597   0.15465   0.14837   0.0223  0.0666  0.2500  -4.4575   0.0000   0.1769
  24.000   1.0535   0.16228   0.15609   0.0175  0.0623  0.2500  -4.4872   0.0000   0.1799
  24.500   1.0482   0.16978   0.16370   0.0126  0.0585  0.2500  -4.5162   0.0000   0.1830
  25.000   1.0517   0.17567   0.16959   0.0084  0.0551  0.2500  -4.5949   0.0000   0.1856


