xflr5 v6.47

 Calculated polar for: NACA24018_theta30_Ku4.5_Kl0.5_d0.00_delta0.00

 1 1 Reynolds number fixed          Mach number fixed         

 xtrf =   0.250 (top)        0.250 (bottom)
 Mach =   0.000     Re =     1.750 e 6     Ncrit =   5.000

  alpha     CL        CD       CDp       Cm    Top Xtr Bot Xtr   Cpmin    Chinge    XCp    
 ------- -------- --------- --------- -------- ------- ------- -------- --------- ---------
 -15.000  -1.0813   0.02176   0.01463  -0.0919  0.2500  0.0230  -7.0553   0.0000   0.1415
 -14.500  -1.0561   0.02053   0.01333  -0.0887  0.2500  0.0235  -6.7766   0.0000   0.1434
 -14.000  -1.0305   0.01937   0.01212  -0.0852  0.2500  0.0242  -6.4998   0.0000   0.1455
 -13.500  -1.0028   0.01839   0.01108  -0.0817  0.2500  0.0249  -6.2175   0.0000   0.1475
 -13.000  -0.9730   0.01754   0.01019  -0.0782  0.2500  0.0257  -5.9362   0.0000   0.1493
 -12.500  -0.9412   0.01681   0.00940  -0.0747  0.2500  0.0264  -5.6575   0.0000   0.1510
 -12.000  -0.9103   0.01607   0.00862  -0.0709  0.2500  0.0274  -5.3864   0.0000   0.1531
 -11.500  -0.8772   0.01544   0.00795  -0.0673  0.2500  0.0283  -5.1123   0.0000   0.1550
 -11.000  -0.8423   0.01488   0.00735  -0.0637  0.2500  0.0293  -4.8373   0.0000   0.1566
 -10.500  -0.8068   0.01436   0.00679  -0.0601  0.2500  0.0305  -4.5671   0.0000   0.1582
 -10.000  -0.7707   0.01386   0.00628  -0.0565  0.2500  0.0319  -4.3091   0.0000   0.1599
  -9.500  -0.7330   0.01344   0.00582  -0.0531  0.2500  0.0331  -4.0518   0.0000   0.1613
  -9.000  -0.6955   0.01302   0.00537  -0.0495  0.2500  0.0346  -3.8010   0.0000   0.1631
  -8.500  -0.6579   0.01267   0.00501  -0.0458  0.2500  0.0364  -3.5550   0.0000   0.1650
  -8.000  -0.6205   0.01240   0.00472  -0.0420  0.2500  0.0381  -3.3237   0.0000   0.1674
  -7.500  -0.5815   0.01213   0.00444  -0.0384  0.2500  0.0403  -3.0950   0.0000   0.1693
  -7.000  -0.5377   0.01187   0.00416  -0.0358  0.2500  0.0426  -2.8610   0.0000   0.1690
  -6.500  -0.4930   0.01160   0.00390  -0.0334  0.2500  0.0458  -2.6310   0.0000   0.1682
  -6.000  -0.4472   0.01135   0.00366  -0.0311  0.2500  0.0492  -2.4117   0.0000   0.1664
  -5.500  -0.4003   0.01113   0.00344  -0.0291  0.2500  0.0531  -2.1993   0.0000   0.1635
  -5.000  -0.3527   0.01093   0.00324  -0.0271  0.2500  0.0574  -1.9938   0.0000   0.1591
  -4.500  -0.3047   0.01072   0.00305  -0.0253  0.2500  0.0633  -1.8007   0.0000   0.1530
  -4.000  -0.2561   0.01053   0.00288  -0.0235  0.2500  0.0696  -1.6196   0.0000   0.1437
  -3.500  -0.2071   0.01035   0.00274  -0.0218  0.2500  0.0779  -1.4447   0.0000   0.1295
  -3.000  -0.1578   0.01018   0.00260  -0.0202  0.2500  0.0888  -1.2802   0.0000   0.1059
  -2.500  -0.1086   0.01000   0.00248  -0.0185  0.2500  0.1034  -1.1237   0.0000   0.0606
  -2.000  -0.0595   0.00982   0.00238  -0.0169  0.2500  0.1236  -0.9777   0.0000  -0.0592
  -1.500  -0.0110   0.00960   0.00227  -0.0151  0.2500  0.1556  -0.8431   0.0000  -1.2118
  -1.000   0.0333   0.00919   0.00213  -0.0126  0.2500  0.2303  -0.7921   0.0000   0.6417
  -0.500   0.0842   0.00911   0.00209  -0.0113  0.2500  0.2500  -0.8506   0.0000   0.3827
   0.000   0.1372   0.00913   0.00209  -0.0104  0.2500  0.2500  -0.9124   0.0000   0.3207
   0.500   0.1901   0.00915   0.00210  -0.0095  0.2500  0.2500  -0.9760   0.0000   0.2931
   1.000   0.2428   0.00918   0.00212  -0.0085  0.2500  0.2500  -1.0421   0.0000   0.2775
   1.500   0.2954   0.00922   0.00216  -0.0076  0.2500  0.2500  -1.1088   0.0000   0.2673
   2.000   0.3478   0.00927   0.00221  -0.0066  0.2500  0.2500  -1.1782   0.0000   0.2600
   2.500   0.3999   0.00932   0.00227  -0.0056  0.2500  0.2500  -1.2509   0.0000   0.2545
   3.000   0.4516   0.00938   0.00234  -0.0046  0.2500  0.2500  -1.3260   0.0000   0.2501
   3.500   0.5030   0.00944   0.00243  -0.0035  0.2500  0.2500  -1.4028   0.0000   0.2464
   4.000   0.5524   0.00958   0.00255  -0.0020  0.2437  0.2500  -1.4813   0.0000   0.2426
   4.500   0.6018   0.00970   0.00267  -0.0006  0.2380  0.2500  -1.5608   0.0000   0.2395
   5.000   0.6495   0.00987   0.00282   0.0011  0.2306  0.2500  -1.6435   0.0000   0.2362
   5.500   0.6972   0.01001   0.00297   0.0028  0.2249  0.2500  -1.7271   0.0000   0.2334
   6.000   0.7421   0.01020   0.00314   0.0051  0.2181  0.2500  -1.8121   0.0000   0.2301
   6.500   0.7845   0.01034   0.00329   0.0078  0.2120  0.2500  -1.9006   0.0000   0.2264
   7.000   0.8255   0.01054   0.00349   0.0108  0.2058  0.2500  -1.9886   0.0000   0.2227
   7.500   0.8680   0.01076   0.00372   0.0133  0.2003  0.2500  -2.0807   0.0000   0.2198
   8.000   0.9087   0.01106   0.00402   0.0162  0.1936  0.2500  -2.1773   0.0000   0.2167
   8.500   0.9504   0.01134   0.00432   0.0187  0.1879  0.2500  -2.2778   0.0000   0.2142
   9.000   0.9901   0.01170   0.00468   0.0216  0.1816  0.2500  -2.3805   0.0000   0.2114
   9.500   1.0302   0.01203   0.00504   0.0242  0.1761  0.2500  -2.4861   0.0000   0.2090
  10.000   1.0676   0.01246   0.00547   0.0272  0.1690  0.2500  -2.5976   0.0000   0.2063
  10.500   1.1041   0.01293   0.00595   0.0303  0.1620  0.2500  -2.7155   0.0000   0.2036
  11.000   1.1402   0.01341   0.00645   0.0333  0.1562  0.2500  -2.8395   0.0000   0.2010
  11.500   1.1723   0.01404   0.00708   0.0367  0.1478  0.2500  -2.9692   0.0000   0.1981
  12.000   1.2055   0.01466   0.00772   0.0399  0.1418  0.2500  -3.1022   0.0000   0.1955
  12.500   1.2365   0.01538   0.00847   0.0431  0.1363  0.2500  -3.2333   0.0000   0.1928
  13.000   1.2634   0.01630   0.00940   0.0467  0.1284  0.2500  -3.3791   0.0000   0.1898
  13.500   1.2900   0.01729   0.01041   0.0501  0.1212  0.2500  -3.5268   0.0000   0.1870
  14.000   1.3141   0.01846   0.01161   0.0534  0.1147  0.2500  -3.6826   0.0000   0.1842
  14.500   1.3341   0.01992   0.01308   0.0569  0.1075  0.2500  -3.8358   0.0000   0.1812
  15.000   1.3524   0.02159   0.01478   0.0601  0.1006  0.2500  -3.9898   0.0000   0.1784
  15.500   1.3698   0.02346   0.01670   0.0629  0.0947  0.2500  -4.1449   0.0000   0.1758
  16.000   1.3824   0.02581   0.01909   0.0655  0.0888  0.2500  -4.2934   0.0000   0.1731
  16.500   1.3903   0.02869   0.02201   0.0679  0.0827  0.2500  -4.4318   0.0000   0.1705
  17.000   1.3986   0.03182   0.02521   0.0696  0.0776  0.2500  -4.5736   0.0000   0.1684
  17.500   1.4004   0.03574   0.02921   0.0708  0.0726  0.2500  -4.6986   0.0000   0.1662
  18.000   1.3953   0.04057   0.03411   0.0715  0.0676  0.2500  -4.8048   0.0000   0.1641
  18.500   1.3903   0.04575   0.03939   0.0715  0.0637  0.2500  -4.9104   0.0000   0.1625
  19.000   1.3762   0.05214   0.04589   0.0708  0.0602  0.2500  -4.9833   0.0000   0.1610
  19.500   1.3584   0.05926   0.05313   0.0695  0.0570  0.2500  -5.0415   0.0000   0.1598
  20.000   1.3328   0.06756   0.06157   0.0675  0.0543  0.2500  -5.0661   0.0000   0.1587
  20.500   1.3070   0.07621   0.07036   0.0649  0.0516  0.2500  -5.0833   0.0000   0.1581
  21.000   1.2734   0.08615   0.08044   0.0616  0.0492  0.2500  -5.0624   0.0000   0.1578
  21.500   1.2462   0.09554   0.08996   0.0580  0.0469  0.2500  -5.0593   0.0000   0.1580
  22.000   1.2158   0.10560   0.10015   0.0539  0.0446  0.2500  -5.0348   0.0000   0.1587
  22.500   1.1973   0.11426   0.10893   0.0500  0.0427  0.2500  -5.0525   0.0000   0.1597
  23.000   1.1756   0.12347   0.11825   0.0456  0.0405  0.2500  -5.0495   0.0000   0.1612
  23.500   1.1603   0.13193   0.12681   0.0412  0.0385  0.2500  -5.0696   0.0000   0.1629
  24.000   1.1468   0.14017   0.13514   0.0367  0.0362  0.2500  -5.0939   0.0000   0.1649
  24.500   1.1369   0.14794   0.14299   0.0322  0.0344  0.2500  -5.1291   0.0000   0.1670
  25.000   1.1281   0.15558   0.15072   0.0275  0.0325  0.2500  -5.1684   0.0000   0.1694


