xflr5 v6.47

 Calculated polar for: NACA24018_theta30_Ku4.5_Kl0.5_d0.21_delta5.84

 1 1 Reynolds number fixed          Mach number fixed         

 xtrf =   0.250 (top)        0.250 (bottom)
 Mach =   0.000     Re =     2.000 e 6     Ncrit =   5.000

  alpha     CL        CD       CDp       Cm    Top Xtr Bot Xtr   Cpmin    Chinge    XCp    
 ------- -------- --------- --------- -------- ------- ------- -------- --------- ---------
 -15.000  -0.7700   0.02486   0.01857  -0.1155  0.2500  0.0300  -5.7384   0.0000   0.0749
 -14.500  -0.7129   0.02408   0.01775  -0.1177  0.2500  0.0311  -5.3827   0.0000   0.0597
 -14.000  -0.6521   0.02350   0.01712  -0.1202  0.2500  0.0321  -5.0231   0.0000   0.0402
 -13.500  -0.5877   0.02301   0.01659  -0.1232  0.2500  0.0335  -4.6756   0.0000   0.0143
 -13.000  -0.5221   0.02265   0.01620  -0.1261  0.2500  0.0352  -4.3327   0.0000  -0.0188
 -12.500  -0.4548   0.02240   0.01592  -0.1292  0.2500  0.0369  -3.9946   0.0000  -0.0630
 -12.000  -0.3862   0.02223   0.01572  -0.1324  0.2500  0.0390  -3.6628   0.0000  -0.1242
 -11.500  -0.3174   0.02215   0.01562  -0.1356  0.2500  0.0413  -3.3405   0.0000  -0.2123
 -11.000  -0.2483   0.02214   0.01560  -0.1386  0.2500  0.0440  -3.0386   0.0000  -0.3497
 -10.500  -0.1775   0.02220   0.01564  -0.1420  0.2500  0.0471  -2.7453   0.0000  -0.6029
 -10.000  -0.1072   0.02231   0.01575  -0.1451  0.2500  0.0508  -2.4652   0.0000  -1.1847
  -9.500  -0.0375   0.02247   0.01590  -0.1481  0.2500  0.0546  -2.2064   0.0000  -3.9081
  -9.000   0.0322   0.02269   0.01611  -0.1510  0.2500  0.0590  -1.9590   0.0000   5.1585
  -8.500   0.1029   0.02296   0.01639  -0.1541  0.2500  0.0651  -1.7276   0.0000   1.8101
  -8.000   0.1738   0.02327   0.01672  -0.1571  0.2500  0.0726  -1.5046   0.0000   1.1875
  -7.500   0.2441   0.02362   0.01708  -0.1600  0.2500  0.0813  -1.2916   0.0000   0.9268
  -7.000   0.3147   0.02402   0.01751  -0.1630  0.2500  0.0929  -1.0989   0.0000   0.7821
  -6.500   0.3859   0.02446   0.01799  -0.1660  0.2500  0.1088  -0.9198   0.0000   0.6901
  -6.000   0.4585   0.02495   0.01854  -0.1692  0.2500  0.1305  -0.8572   0.0000   0.6261
  -5.500   0.5345   0.02554   0.01922  -0.1731  0.2500  0.1652  -0.9319   0.0000   0.5786
  -5.000   0.6288   0.02648   0.02038  -0.1805  0.2500  0.2500  -1.0240   0.0000   0.5400
  -4.500   0.6881   0.02691   0.02078  -0.1811  0.2500  0.2500  -1.0953   0.0000   0.5147
  -4.000   0.7467   0.02734   0.02120  -0.1815  0.2500  0.2500  -1.1676   0.0000   0.4935
  -3.500   0.8048   0.02778   0.02162  -0.1818  0.2500  0.2500  -1.2405   0.0000   0.4753
  -3.000   0.8625   0.02823   0.02206  -0.1820  0.2500  0.2500  -1.3139   0.0000   0.4596
  -2.500   0.9197   0.02868   0.02251  -0.1821  0.2500  0.2500  -1.3942   0.0000   0.4457
  -2.000   0.9764   0.02914   0.02298  -0.1822  0.2500  0.2500  -1.4754   0.0000   0.4334
  -1.500   1.0327   0.02962   0.02346  -0.1821  0.2500  0.2500  -1.5573   0.0000   0.4225
  -1.000   1.0886   0.03010   0.02396  -0.1820  0.2500  0.2500  -1.6440   0.0000   0.4125
  -0.500   1.1440   0.03060   0.02448  -0.1818  0.2500  0.2500  -1.7345   0.0000   0.4035
   0.000   1.1984   0.03111   0.02500  -0.1814  0.2457  0.2500  -1.8252   0.0000   0.3953
   0.500   1.2516   0.03166   0.02551  -0.1808  0.2373  0.2500  -1.9159   0.0000   0.3877
   1.000   1.3045   0.03222   0.02606  -0.1802  0.2304  0.2500  -2.0098   0.0000   0.3806
   1.500   1.3560   0.03281   0.02663  -0.1793  0.2220  0.2500  -2.1127   0.0000   0.3740
   2.000   1.4073   0.03342   0.02725  -0.1784  0.2160  0.2500  -2.2170   0.0000   0.3678
   2.500   1.4569   0.03410   0.02790  -0.1773  0.2085  0.2500  -2.3204   0.0000   0.3620
   3.000   1.5056   0.03484   0.02865  -0.1760  0.2024  0.2500  -2.4252   0.0000   0.3564
   3.500   1.5523   0.03566   0.02946  -0.1743  0.1942  0.2500  -2.5338   0.0000   0.3511
   4.000   1.5989   0.03648   0.03029  -0.1727  0.1874  0.2500  -2.6508   0.0000   0.3460
   4.500   1.6441   0.03736   0.03117  -0.1709  0.1803  0.2500  -2.7724   0.0000   0.3411
   5.000   1.6881   0.03829   0.03210  -0.1689  0.1728  0.2500  -2.9025   0.0000   0.3364
   5.500   1.7315   0.03927   0.03310  -0.1669  0.1661  0.2500  -3.0334   0.0000   0.3319
   6.000   1.7709   0.04049   0.03431  -0.1642  0.1568  0.2500  -3.1736   0.0000   0.3274
   6.500   1.8095   0.04177   0.03561  -0.1615  0.1499  0.2500  -3.3154   0.0000   0.3230
   7.000   1.8466   0.04312   0.03697  -0.1587  0.1414  0.2500  -3.4684   0.0000   0.3188
   7.500   1.8816   0.04462   0.03848  -0.1556  0.1334  0.2500  -3.6299   0.0000   0.3146
   8.000   1.9123   0.04644   0.04031  -0.1520  0.1256  0.2500  -3.7958   0.0000   0.3104
   9.000   1.9662   0.05066   0.04455  -0.1443  0.1077  0.2500  -4.1622   0.0000   0.3023
   9.500   1.9888   0.05313   0.04704  -0.1402  0.0993  0.2500  -4.3421   0.0000   0.2983
  10.000   2.0108   0.05574   0.04971  -0.1362  0.0929  0.2500  -4.5227   0.0000   0.2945
  10.500   2.0281   0.05880   0.05282  -0.1319  0.0865  0.2500  -4.7018   0.0000   0.2907
  11.000   2.0399   0.06243   0.05650  -0.1275  0.0796  0.2500  -4.8793   0.0000   0.2870
  11.500   2.0471   0.06659   0.06073  -0.1233  0.0730  0.2500  -5.0497   0.0000   0.2834
  12.000   2.0519   0.07118   0.06541  -0.1195  0.0674  0.2500  -5.2152   0.0000   0.2802
  12.500   2.0529   0.07633   0.07065  -0.1162  0.0626  0.2500  -5.3693   0.0000   0.2772
  13.000   2.0499   0.08204   0.07646  -0.1135  0.0581  0.2500  -5.5101   0.0000   0.2746
  14.000   2.0353   0.09483   0.08951  -0.1106  0.0502  0.2500  -5.7653   0.0000   0.2706
  14.500   2.0252   0.10177   0.09659  -0.1106  0.0473  0.2500  -5.8784   0.0000   0.2693
  15.000   2.0103   0.10937   0.10433  -0.1116  0.0444  0.2500  -5.9692   0.0000   0.2686
  15.500   1.9965   0.11695   0.11207  -0.1135  0.0418  0.2500  -6.0653   0.0000   0.2683
  16.000   1.9778   0.12526   0.12053  -0.1166  0.0393  0.2500  -6.1376   0.0000   0.2687
  16.500   1.9594   0.13360   0.12903  -0.1206  0.0371  0.2500  -6.2037   0.0000   0.2695
  17.000   1.9391   0.14224   0.13784  -0.1254  0.0353  0.2500  -6.2536   0.0000   0.2708
  17.500   1.9188   0.15093   0.14668  -0.1309  0.0335  0.2500  -6.2954   0.0000   0.2725
  18.000   1.8985   0.15968   0.15558  -0.1371  0.0319  0.2500  -6.3288   0.0000   0.2745
  18.500   1.8832   0.16771   0.16374  -0.1431  0.0303  0.2500  -6.3792   0.0000   0.2764
  19.000   1.8679   0.17573   0.17189  -0.1496  0.0288  0.2500  -6.4229   0.0000   0.2786
  19.500   1.8554   0.18334   0.17964  -0.1562  0.0273  0.2500  -6.4745   0.0000   0.2806
  20.000   1.8415   0.19113   0.18753  -0.1632  0.0258  0.2500  -6.5120   0.0000   0.2831
  20.500   1.8339   0.19787   0.19438  -0.1695  0.0245  0.2500  -6.5829   0.0000   0.2849
  21.000   1.8248   0.20480   0.20141  -0.1763  0.0231  0.2500  -6.6475   0.0000   0.2870
  21.500   1.8205   0.21089   0.20760  -0.1824  0.0221  0.2500  -6.7388   0.0000   0.2885
  22.000   1.8148   0.21717   0.21397  -0.1890  0.0209  0.2500  -6.8167   0.0000   0.2903
  22.500   1.8086   0.22350   0.22040  -0.1958  0.0199  0.2500  -6.8858   0.0000   0.2923
  23.000   1.8037   0.22956   0.22655  -0.2026  0.0188  0.2500  -6.9601   0.0000   0.2941
  23.500   1.7969   0.23590   0.23297  -0.2099  0.0176  0.2500  -7.0143   0.0000   0.2964
  24.000   1.7943   0.24142   0.23859  -0.2163  0.0167  0.2500  -7.0970   0.0000   0.2979
  24.500   1.7921   0.24677   0.24400  -0.2228  0.0158  0.2500  -7.1802   0.0000   0.2994
  25.000   1.7881   0.25238   0.24971  -0.2297  0.0151  0.2500  -7.2434   0.0000   0.3012


