xflr5 v6.47

 Calculated polar for: NACA24018_theta30_Ku4.5_Kl0.5_d0.24_delta7.31

 1 1 Reynolds number fixed          Mach number fixed         

 xtrf =   0.250 (top)        0.250 (bottom)
 Mach =   0.000     Re =     0.400 e 6     Ncrit =   5.000

  alpha     CL        CD       CDp       Cm    Top Xtr Bot Xtr   Cpmin    Chinge    XCp    
 ------- -------- --------- --------- -------- ------- ------- -------- --------- ---------
 -15.000  -0.6554   0.04027   0.03280  -0.1036  0.2500  0.0441  -5.0832   0.0000   0.0654
 -14.500  -0.6332   0.03807   0.03049  -0.1029  0.2500  0.0454  -4.8766   0.0000   0.0617
 -14.000  -0.5965   0.03626   0.02861  -0.1038  0.2500  0.0469  -4.6251   0.0000   0.0504
 -13.500  -0.5496   0.03485   0.02706  -0.1056  0.2500  0.0490  -4.3542   0.0000   0.0320
 -13.000  -0.4949   0.03363   0.02577  -0.1084  0.2500  0.0509  -4.0632   0.0000   0.0044
 -12.500  -0.4357   0.03279   0.02482  -0.1113  0.2500  0.0537  -3.7635   0.0000  -0.0333
 -12.000  -0.3714   0.03210   0.02408  -0.1149  0.2500  0.0567  -3.4566   0.0000  -0.0893
 -11.500  -0.3056   0.03166   0.02355  -0.1183  0.2500  0.0602  -3.1675   0.0000  -0.1707
 -11.000  -0.2369   0.03138   0.02322  -0.1220  0.2500  0.0644  -2.8776   0.0000  -0.3050
 -10.500  -0.1655   0.03124   0.02304  -0.1261  0.2500  0.0691  -2.5977   0.0000  -0.5640
 -10.000  -0.0936   0.03127   0.02303  -0.1301  0.2500  0.0751  -2.3313   0.0000  -1.2237
  -9.500  -0.0206   0.03143   0.02316  -0.1341  0.2500  0.0826  -2.0710   0.0000  -6.5985
  -9.000   0.0534   0.03172   0.02343  -0.1382  0.2500  0.0917  -1.8268   0.0000   2.9556
  -8.500   0.1282   0.03213   0.02382  -0.1423  0.2500  0.1035  -1.5949   0.0000   1.4041
  -8.000   0.2057   0.03267   0.02439  -0.1469  0.2500  0.1202  -1.3752   0.0000   0.9879
  -7.500   0.2861   0.03337   0.02513  -0.1519  0.2500  0.1456  -1.1593   0.0000   0.7958
  -7.000   0.3798   0.03443   0.02634  -0.1595  0.2500  0.1989  -0.9459   0.0000   0.6792
  -6.500   0.4692   0.03559   0.02758  -0.1660  0.2500  0.2500  -0.8517   0.0000   0.6098
  -6.000   0.5296   0.03625   0.02814  -0.1669  0.2500  0.2500  -0.9163   0.0000   0.5691
  -5.500   0.5894   0.03693   0.02874  -0.1677  0.2500  0.2500  -0.9824   0.0000   0.5367
  -5.000   0.6483   0.03761   0.02938  -0.1683  0.2500  0.2500  -1.0488   0.0000   0.5105
  -4.500   0.7064   0.03833   0.03004  -0.1687  0.2500  0.2500  -1.1181   0.0000   0.4885
  -4.000   0.7637   0.03905   0.03074  -0.1690  0.2500  0.2500  -1.1913   0.0000   0.4700
  -3.500   0.8204   0.03980   0.03147  -0.1692  0.2500  0.2500  -1.2650   0.0000   0.4540
  -3.000   0.8763   0.04056   0.03222  -0.1693  0.2500  0.2500  -1.3390   0.0000   0.4400
  -2.500   0.9315   0.04134   0.03301  -0.1692  0.2500  0.2500  -1.4166   0.0000   0.4276
  -2.000   0.9859   0.04215   0.03383  -0.1690  0.2500  0.2500  -1.4946   0.0000   0.4166
  -1.500   1.0393   0.04300   0.03471  -0.1686  0.2500  0.2500  -1.5758   0.0000   0.4067
  -1.000   1.0919   0.04388   0.03563  -0.1681  0.2500  0.2500  -1.6613   0.0000   0.3976
  -0.500   1.1435   0.04479   0.03660  -0.1675  0.2500  0.2500  -1.7469   0.0000   0.3894
   0.000   1.1943   0.04573   0.03760  -0.1667  0.2500  0.2500  -1.8350   0.0000   0.3817
   0.500   1.2440   0.04669   0.03863  -0.1658  0.2500  0.2500  -1.9247   0.0000   0.3747
   1.000   1.2930   0.04769   0.03970  -0.1647  0.2500  0.2500  -2.0178   0.0000   0.3681
   1.500   1.3410   0.04872   0.04082  -0.1635  0.2500  0.2500  -2.1116   0.0000   0.3619
   2.000   1.3880   0.04979   0.04200  -0.1622  0.2500  0.2500  -2.2137   0.0000   0.3560
   2.500   1.4339   0.05092   0.04323  -0.1607  0.2500  0.2500  -2.3155   0.0000   0.3504
   3.000   1.4782   0.05213   0.04456  -0.1590  0.2500  0.2500  -2.4162   0.0000   0.3452
   3.500   1.5198   0.05350   0.04602  -0.1570  0.2441  0.2500  -2.5168   0.0000   0.3401
   4.000   1.5593   0.05502   0.04759  -0.1548  0.2358  0.2500  -2.6242   0.0000   0.3352
   4.500   1.5975   0.05661   0.04926  -0.1524  0.2291  0.2500  -2.7351   0.0000   0.3305
   5.000   1.6338   0.05835   0.05110  -0.1499  0.2219  0.2500  -2.8536   0.0000   0.3259
   5.500   1.6671   0.06029   0.05312  -0.1471  0.2149  0.2500  -2.9697   0.0000   0.3215
   6.000   1.7000   0.06228   0.05521  -0.1444  0.2071  0.2500  -3.0951   0.0000   0.3172
   6.500   1.7288   0.06458   0.05761  -0.1413  0.2004  0.2500  -3.2171   0.0000   0.3130
   7.000   1.7569   0.06695   0.06009  -0.1382  0.1928  0.2500  -3.3515   0.0000   0.3090
   7.500   1.7819   0.06961   0.06287  -0.1351  0.1862  0.2500  -3.4939   0.0000   0.3051
   8.000   1.8041   0.07254   0.06592  -0.1319  0.1787  0.2500  -3.6396   0.0000   0.3013
   8.500   1.8245   0.07565   0.06918  -0.1288  0.1720  0.2500  -3.7841   0.0000   0.2977
   9.000   1.8393   0.07935   0.07298  -0.1257  0.1644  0.2500  -3.9285   0.0000   0.2942
   9.500   1.8552   0.08301   0.07681  -0.1230  0.1571  0.2500  -4.0811   0.0000   0.2910
  10.000   1.8648   0.08736   0.08129  -0.1205  0.1501  0.2500  -4.2219   0.0000   0.2881
  10.500   1.8741   0.09183   0.08592  -0.1186  0.1428  0.2500  -4.3743   0.0000   0.2854
  11.000   1.8804   0.09666   0.09091  -0.1170  0.1362  0.2500  -4.5180   0.0000   0.2830
  11.500   1.8805   0.10222   0.09660  -0.1162  0.1296  0.2500  -4.6425   0.0000   0.2811
  12.000   1.8832   0.10754   0.10211  -0.1159  0.1229  0.2500  -4.7726   0.0000   0.2794
  12.500   1.8794   0.11370   0.10842  -0.1165  0.1163  0.2500  -4.8798   0.0000   0.2783
  13.000   1.8717   0.12040   0.11528  -0.1180  0.1096  0.2500  -4.9712   0.0000   0.2778
  13.500   1.8668   0.12680   0.12186  -0.1201  0.1035  0.2500  -5.0794   0.0000   0.2774
  14.000   1.8564   0.13392   0.12915  -0.1232  0.0979  0.2500  -5.1644   0.0000   0.2778
  14.500   1.8435   0.14146   0.13683  -0.1273  0.0922  0.2500  -5.2336   0.0000   0.2786
  15.000   1.8336   0.14860   0.14415  -0.1316  0.0865  0.2500  -5.3098   0.0000   0.2796
  15.500   1.8208   0.15621   0.15191  -0.1368  0.0813  0.2500  -5.3670   0.0000   0.2811
  16.000   1.8057   0.16418   0.15999  -0.1428  0.0762  0.2500  -5.4076   0.0000   0.2832
  16.500   1.7969   0.17118   0.16715  -0.1484  0.0713  0.2500  -5.4715   0.0000   0.2847
  17.000   1.7877   0.17823   0.17433  -0.1543  0.0669  0.2500  -5.5281   0.0000   0.2866
  17.500   1.7772   0.18548   0.18168  -0.1608  0.0627  0.2500  -5.5718   0.0000   0.2888
  18.000   1.7714   0.19191   0.18824  -0.1667  0.0586  0.2500  -5.6374   0.0000   0.2904
  18.500   1.7659   0.19828   0.19472  -0.1729  0.0549  0.2500  -5.7083   0.0000   0.2922
  19.000   1.7596   0.20472   0.20124  -0.1794  0.0513  0.2500  -5.7703   0.0000   0.2942
  19.500   1.7560   0.21069   0.20732  -0.1855  0.0478  0.2500  -5.8442   0.0000   0.2958
  20.000   1.7527   0.21653   0.21327  -0.1917  0.0447  0.2500  -5.9213   0.0000   0.2975
  20.500   1.7486   0.22246   0.21925  -0.1983  0.0419  0.2500  -5.9891   0.0000   0.2993
  21.000   1.7476   0.22777   0.22469  -0.2043  0.0392  0.2500  -6.0737   0.0000   0.3007
  21.500   1.7462   0.23302   0.23002  -0.2104  0.0368  0.2500  -6.1538   0.0000   0.3021
  22.000   1.7445   0.23827   0.23536  -0.2167  0.0346  0.2500  -6.2277   0.0000   0.3035
  22.500   1.7440   0.24322   0.24040  -0.2227  0.0326  0.2500  -6.3070   0.0000   0.3048
  23.000   1.7438   0.24801   0.24527  -0.2287  0.0307  0.2500  -6.3867   0.0000   0.3059
  23.500   1.7431   0.25279   0.25015  -0.2349  0.0290  0.2500  -6.4584   0.0000   0.3071
  24.000   1.7421   0.25756   0.25500  -0.2412  0.0272  0.2500  -6.5319   0.0000   0.3084
  24.500   1.7416   0.26214   0.25967  -0.2474  0.0257  0.2500  -6.6124   0.0000   0.3096
  25.000   1.7404   0.26676   0.26438  -0.2537  0.0242  0.2500  -6.6835   0.0000   0.3109


