xflr5 v6.47

 Calculated polar for: NACA24018_theta30_Ku4.5_Kl0.5_d0.21_delta5.84

 1 1 Reynolds number fixed          Mach number fixed         

 xtrf =   0.250 (top)        0.250 (bottom)
 Mach =   0.000     Re =     1.000 e 6     Ncrit =   5.000

  alpha     CL        CD       CDp       Cm    Top Xtr Bot Xtr   Cpmin    Chinge    XCp    
 ------- -------- --------- --------- -------- ------- ------- -------- --------- ---------
 -15.000  -0.7782   0.02930   0.02247  -0.1070  0.2500  0.0337  -5.6988   0.0000   0.0878
 -14.500  -0.7399   0.02791   0.02101  -0.1071  0.2500  0.0348  -5.4142   0.0000   0.0810
 -14.000  -0.6921   0.02681   0.01982  -0.1082  0.2500  0.0359  -5.1021   0.0000   0.0696
 -13.500  -0.6376   0.02581   0.01878  -0.1103  0.2500  0.0375  -4.7790   0.0000   0.0527
 -13.000  -0.5787   0.02510   0.01800  -0.1126  0.2500  0.0392  -4.4579   0.0000   0.0307
 -12.500  -0.5158   0.02449   0.01734  -0.1154  0.2500  0.0410  -4.1333   0.0000   0.0005
 -12.000  -0.4513   0.02405   0.01685  -0.1183  0.2500  0.0433  -3.8115   0.0000  -0.0392
 -11.500  -0.3843   0.02372   0.01648  -0.1215  0.2500  0.0458  -3.4924   0.0000  -0.0953
 -11.000  -0.3168   0.02351   0.01622  -0.1245  0.2500  0.0485  -3.1865   0.0000  -0.1755
 -10.500  -0.2474   0.02338   0.01607  -0.1278  0.2500  0.0521  -2.8935   0.0000  -0.3049
 -10.000  -0.1776   0.02333   0.01600  -0.1311  0.2500  0.0559  -2.6091   0.0000  -0.5370
  -9.500  -0.1074   0.02337   0.01601  -0.1344  0.2500  0.0602  -2.3417   0.0000  -1.0751
  -9.000  -0.0368   0.02347   0.01611  -0.1376  0.2500  0.0658  -2.0865   0.0000  -3.6891
  -8.500   0.0340   0.02365   0.01628  -0.1408  0.2500  0.0726  -1.8474   0.0000   4.5795
  -8.000   0.1050   0.02388   0.01652  -0.1440  0.2500  0.0808  -1.6208   0.0000   1.6773
  -7.500   0.1766   0.02418   0.01683  -0.1473  0.2500  0.0914  -1.4016   0.0000   1.1132
  -7.000   0.2489   0.02453   0.01721  -0.1506  0.2500  0.1060  -1.1948   0.0000   0.8733
  -6.500   0.3223   0.02494   0.01767  -0.1542  0.2500  0.1263  -1.0085   0.0000   0.7402
  -6.000   0.3999   0.02546   0.01829  -0.1585  0.2500  0.1597  -0.8293   0.0000   0.6543
  -5.500   0.4950   0.02629   0.01936  -0.1662  0.2500  0.2442  -0.9055   0.0000   0.5909
  -5.000   0.5581   0.02676   0.01980  -0.1675  0.2500  0.2500  -0.9739   0.0000   0.5535
  -4.500   0.6179   0.02721   0.02021  -0.1682  0.2500  0.2500  -1.0427   0.0000   0.5241
  -4.000   0.6771   0.02767   0.02063  -0.1688  0.2500  0.2500  -1.1144   0.0000   0.4999
  -3.500   0.7357   0.02814   0.02108  -0.1692  0.2500  0.2500  -1.1866   0.0000   0.4795
  -3.000   0.7937   0.02862   0.02155  -0.1695  0.2500  0.2500  -1.2593   0.0000   0.4621
  -2.500   0.8511   0.02911   0.02204  -0.1697  0.2500  0.2500  -1.3355   0.0000   0.4471
  -2.000   0.9080   0.02962   0.02255  -0.1698  0.2500  0.2500  -1.4157   0.0000   0.4339
  -1.500   0.9643   0.03015   0.02309  -0.1699  0.2500  0.2500  -1.4965   0.0000   0.4222
  -1.000   1.0200   0.03069   0.02365  -0.1697  0.2500  0.2500  -1.5783   0.0000   0.4117
  -0.500   1.0750   0.03125   0.02424  -0.1695  0.2500  0.2500  -1.6672   0.0000   0.4022
   0.000   1.1294   0.03183   0.02485  -0.1692  0.2500  0.2500  -1.7565   0.0000   0.3936
   0.500   1.1828   0.03244   0.02551  -0.1687  0.2500  0.2500  -1.8459   0.0000   0.3857
   1.000   1.2353   0.03310   0.02622  -0.1680  0.2500  0.2500  -1.9363   0.0000   0.3784
   1.500   1.2870   0.03379   0.02697  -0.1672  0.2490  0.2500  -2.0340   0.0000   0.3716
   2.000   1.3367   0.03455   0.02772  -0.1662  0.2405  0.2500  -2.1349   0.0000   0.3653
   2.500   1.3860   0.03533   0.02851  -0.1650  0.2334  0.2500  -2.2365   0.0000   0.3593
   3.000   1.4339   0.03618   0.02936  -0.1637  0.2256  0.2500  -2.3379   0.0000   0.3536
   3.500   1.4812   0.03703   0.03025  -0.1623  0.2197  0.2500  -2.4433   0.0000   0.3482
   4.000   1.5270   0.03797   0.03120  -0.1606  0.2121  0.2500  -2.5546   0.0000   0.3431
   4.500   1.5710   0.03901   0.03227  -0.1587  0.2051  0.2500  -2.6705   0.0000   0.3382
   5.000   1.6129   0.04018   0.03347  -0.1566  0.1973  0.2500  -2.7907   0.0000   0.3334
   5.500   1.6547   0.04136   0.03469  -0.1544  0.1907  0.2500  -2.9173   0.0000   0.3288
   6.000   1.6940   0.04267   0.03603  -0.1520  0.1830  0.2500  -3.0461   0.0000   0.3243
   6.500   1.7324   0.04405   0.03747  -0.1495  0.1766  0.2500  -3.1850   0.0000   0.3200
   7.000   1.7670   0.04570   0.03914  -0.1465  0.1685  0.2500  -3.3195   0.0000   0.3157
   7.500   1.8018   0.04734   0.04084  -0.1437  0.1612  0.2500  -3.4752   0.0000   0.3116
   8.000   1.8324   0.04931   0.04286  -0.1404  0.1538  0.2500  -3.6295   0.0000   0.3075
   8.500   1.8602   0.05147   0.04507  -0.1369  0.1452  0.2500  -3.7911   0.0000   0.3035
   9.000   1.8859   0.05385   0.04752  -0.1334  0.1380  0.2500  -3.9681   0.0000   0.2995
   9.500   1.9087   0.05653   0.05026  -0.1297  0.1306  0.2500  -4.1440   0.0000   0.2957
  10.000   1.9275   0.05959   0.05340  -0.1260  0.1232  0.2500  -4.3126   0.0000   0.2920
  10.500   1.9415   0.06318   0.05706  -0.1221  0.1150  0.2500  -4.4707   0.0000   0.2884
  11.000   1.9509   0.06731   0.06126  -0.1184  0.1071  0.2500  -4.6270   0.0000   0.2850
  11.500   1.9588   0.07175   0.06582  -0.1152  0.1006  0.2500  -4.7882   0.0000   0.2818
  12.000   1.9641   0.07660   0.07079  -0.1125  0.0949  0.2500  -4.9443   0.0000   0.2790
  12.500   1.9636   0.08215   0.07647  -0.1102  0.0889  0.2500  -5.0861   0.0000   0.2765
  13.000   1.9575   0.08846   0.08290  -0.1086  0.0829  0.2500  -5.2082   0.0000   0.2744
  13.500   1.9477   0.09538   0.08995  -0.1080  0.0772  0.2500  -5.3147   0.0000   0.2729
  14.000   1.9383   0.10239   0.09713  -0.1084  0.0724  0.2500  -5.4192   0.0000   0.2719
  14.500   1.9245   0.11003   0.10493  -0.1098  0.0682  0.2500  -5.5072   0.0000   0.2714
  15.000   1.9069   0.11829   0.11335  -0.1124  0.0641  0.2500  -5.5745   0.0000   0.2716
  15.500   1.8908   0.12647   0.12170  -0.1158  0.0604  0.2500  -5.6402   0.0000   0.2722
  16.000   1.8720   0.13508   0.13048  -0.1202  0.0570  0.2500  -5.6876   0.0000   0.2734
  16.500   1.8501   0.14416   0.13972  -0.1256  0.0537  0.2500  -5.7162   0.0000   0.2753
  17.000   1.8327   0.15269   0.14841  -0.1313  0.0506  0.2500  -5.7613   0.0000   0.2772
  17.500   1.8153   0.16124   0.15710  -0.1375  0.0479  0.2500  -5.7994   0.0000   0.2795
  18.000   1.8000   0.16952   0.16552  -0.1440  0.0451  0.2500  -5.8398   0.0000   0.2818
  18.500   1.7883   0.17723   0.17336  -0.1503  0.0425  0.2500  -5.8925   0.0000   0.2840
  19.000   1.7762   0.18502   0.18126  -0.1571  0.0398  0.2500  -5.9359   0.0000   0.2865
  19.500   1.7691   0.19198   0.18833  -0.1635  0.0374  0.2500  -6.0014   0.0000   0.2885
  20.000   1.7613   0.19901   0.19546  -0.1701  0.0353  0.2500  -6.0573   0.0000   0.2907
  20.500   1.7549   0.20575   0.20230  -0.1768  0.0331  0.2500  -6.1168   0.0000   0.2928
  21.000   1.7500   0.21222   0.20887  -0.1834  0.0312  0.2500  -6.1799   0.0000   0.2949
  21.500   1.7449   0.21870   0.21544  -0.1902  0.0294  0.2500  -6.2453   0.0000   0.2970
  22.000   1.7429   0.22456   0.22140  -0.1965  0.0277  0.2500  -6.3313   0.0000   0.2987
  22.500   1.7397   0.23057   0.22749  -0.2032  0.0260  0.2500  -6.4053   0.0000   0.3006
  23.000   1.7394   0.23599   0.23300  -0.2094  0.0245  0.2500  -6.4972   0.0000   0.3020
  23.500   1.7364   0.24187   0.23896  -0.2163  0.0232  0.2500  -6.5632   0.0000   0.3040
  24.000   1.7361   0.24714   0.24432  -0.2227  0.0220  0.2500  -6.6479   0.0000   0.3055
  24.500   1.7357   0.25233   0.24958  -0.2291  0.0208  0.2500  -6.7297   0.0000   0.3069
  25.000   1.7348   0.25756   0.25489  -0.2357  0.0197  0.2500  -6.8027   0.0000   0.3085


