xflr5 v6.47

 Calculated polar for: NACA24018_theta30_Ku4.5_Kl0.5_d0.07_delta1.57

 1 1 Reynolds number fixed          Mach number fixed         

 xtrf =   0.250 (top)        0.250 (bottom)
 Mach =   0.000     Re =     0.600 e 6     Ncrit =   5.000

  alpha     CL        CD       CDp       Cm    Top Xtr Bot Xtr   Cpmin    Chinge    XCp    
 ------- -------- --------- --------- -------- ------- ------- -------- --------- ---------
 -15.000  -0.7945   0.03122   0.02323  -0.1220  0.2500  0.0325  -5.8225   0.0000   0.0690
 -14.500  -0.7707   0.02924   0.02112  -0.1205  0.2500  0.0334  -5.5899   0.0000   0.0670
 -14.000  -0.7487   0.02730   0.01909  -0.1185  0.2500  0.0343  -5.3654   0.0000   0.0660
 -13.500  -0.7248   0.02564   0.01736  -0.1163  0.2500  0.0353  -5.1326   0.0000   0.0647
 -13.000  -0.6985   0.02425   0.01589  -0.1137  0.2500  0.0364  -4.8937   0.0000   0.0630
 -12.500  -0.6713   0.02303   0.01457  -0.1109  0.2500  0.0377  -4.6601   0.0000   0.0613
 -12.000  -0.6448   0.02189   0.01335  -0.1077  0.2500  0.0390  -4.4371   0.0000   0.0602
 -11.500  -0.6186   0.02085   0.01228  -0.1041  0.2500  0.0406  -4.2150   0.0000   0.0596
 -11.000  -0.5913   0.01998   0.01134  -0.1003  0.2500  0.0422  -3.9992   0.0000   0.0589
 -10.500  -0.5642   0.01922   0.01050  -0.0961  0.2500  0.0437  -3.7930   0.0000   0.0587
 -10.000  -0.5411   0.01843   0.00970  -0.0911  0.2500  0.0457  -3.5987   0.0000   0.0614
  -9.500  -0.5172   0.01782   0.00905  -0.0859  0.2500  0.0479  -3.4044   0.0000   0.0643
  -9.000  -0.4968   0.01730   0.00847  -0.0798  0.2500  0.0499  -3.2226   0.0000   0.0705
  -8.500  -0.4744   0.01671   0.00787  -0.0740  0.2500  0.0524  -3.0386   0.0000   0.0758
  -8.000  -0.4406   0.01620   0.00732  -0.0702  0.2500  0.0555  -2.8307   0.0000   0.0727
  -7.500  -0.4033   0.01567   0.00678  -0.0670  0.2500  0.0591  -2.6224   0.0000   0.0659
  -7.000  -0.3619   0.01523   0.00631  -0.0645  0.2500  0.0632  -2.4176   0.0000   0.0537
  -6.500  -0.3188   0.01479   0.00587  -0.0623  0.2500  0.0686  -2.2145   0.0000   0.0362
  -6.000  -0.2735   0.01442   0.00549  -0.0604  0.2500  0.0747  -2.0188   0.0000   0.0101
  -5.500  -0.2266   0.01409   0.00516  -0.0588  0.2500  0.0826  -1.8288   0.0000  -0.0299
  -5.000  -0.1781   0.01377   0.00487  -0.0574  0.2500  0.0931  -1.6452   0.0000  -0.0952
  -4.500  -0.1283   0.01347   0.00461  -0.0564  0.2500  0.1072  -1.4708   0.0000  -0.2163
  -4.000  -0.0772   0.01319   0.00439  -0.0555  0.2500  0.1267  -1.2997   0.0000  -0.5073
  -3.500  -0.0248   0.01286   0.00419  -0.0550  0.2500  0.1601  -1.1396   0.0000  -2.0665
  -3.000   0.0306   0.01226   0.00393  -0.0555  0.2500  0.2500  -0.9851   0.0000   2.1230
  -2.500   0.0849   0.01229   0.00389  -0.0550  0.2500  0.2500  -0.8460   0.0000   0.9135
  -2.000   0.1392   0.01233   0.00387  -0.0545  0.2500  0.2500  -0.8168   0.0000   0.6474
  -1.500   0.1934   0.01239   0.00388  -0.0540  0.2500  0.2500  -0.8770   0.0000   0.5307
  -1.000   0.2475   0.01247   0.00393  -0.0535  0.2500  0.2500  -0.9386   0.0000   0.4651
  -0.500   0.3014   0.01256   0.00399  -0.0530  0.2500  0.2500  -1.0026   0.0000   0.4230
   0.000   0.3550   0.01267   0.00409  -0.0525  0.2500  0.2500  -1.0705   0.0000   0.3937
   0.500   0.4082   0.01280   0.00421  -0.0519  0.2500  0.2500  -1.1401   0.0000   0.3719
   1.000   0.4611   0.01294   0.00436  -0.0512  0.2500  0.2500  -1.2103   0.0000   0.3551
   1.500   0.5138   0.01311   0.00454  -0.0505  0.2500  0.2500  -1.2817   0.0000   0.3417
   2.000   0.5662   0.01329   0.00475  -0.0499  0.2500  0.2500  -1.3568   0.0000   0.3307
   2.500   0.6183   0.01349   0.00498  -0.0491  0.2500  0.2500  -1.4323   0.0000   0.3215
   3.000   0.6699   0.01371   0.00525  -0.0483  0.2500  0.2500  -1.5121   0.0000   0.3136
   3.500   0.7209   0.01395   0.00554  -0.0475  0.2500  0.2500  -1.5932   0.0000   0.3067
   4.000   0.7709   0.01423   0.00588  -0.0465  0.2500  0.2500  -1.6777   0.0000   0.3005
   4.500   0.8204   0.01454   0.00625  -0.0454  0.2500  0.2500  -1.7661   0.0000   0.2950
   5.000   0.8693   0.01487   0.00666  -0.0443  0.2500  0.2500  -1.8559   0.0000   0.2900
   5.500   0.9165   0.01528   0.00712  -0.0429  0.2464  0.2500  -1.9450   0.0000   0.2853
   6.000   0.9619   0.01575   0.00763  -0.0414  0.2396  0.2500  -2.0367   0.0000   0.2808
   6.500   1.0066   0.01626   0.00818  -0.0397  0.2327  0.2500  -2.1303   0.0000   0.2767
   7.000   1.0503   0.01682   0.00878  -0.0380  0.2267  0.2500  -2.2282   0.0000   0.2727
   7.500   1.0926   0.01743   0.00944  -0.0362  0.2197  0.2500  -2.3315   0.0000   0.2689
   8.000   1.1336   0.01811   0.01018  -0.0343  0.2135  0.2500  -2.4348   0.0000   0.2653
   8.500   1.1732   0.01886   0.01099  -0.0323  0.2065  0.2500  -2.5451   0.0000   0.2618
   9.000   1.2113   0.01971   0.01191  -0.0302  0.2003  0.2500  -2.6580   0.0000   0.2585
   9.500   1.2478   0.02066   0.01293  -0.0280  0.1937  0.2500  -2.7705   0.0000   0.2552
  10.000   1.2828   0.02172   0.01407  -0.0259  0.1874  0.2500  -2.8933   0.0000   0.2521
  10.500   1.3155   0.02294   0.01537  -0.0236  0.1806  0.2500  -3.0178   0.0000   0.2491
  11.000   1.3470   0.02429   0.01681  -0.0215  0.1746  0.2500  -3.1501   0.0000   0.2462
  11.500   1.3744   0.02594   0.01853  -0.0192  0.1673  0.2500  -3.2777   0.0000   0.2433
  12.000   1.4025   0.02765   0.02036  -0.0172  0.1613  0.2500  -3.4239   0.0000   0.2406
  12.500   1.4234   0.02993   0.02270  -0.0151  0.1540  0.2500  -3.5583   0.0000   0.2379
  13.000   1.4473   0.03213   0.02503  -0.0134  0.1478  0.2500  -3.7123   0.0000   0.2356
  13.500   1.4628   0.03508   0.02808  -0.0118  0.1410  0.2500  -3.8496   0.0000   0.2333
  14.000   1.4780   0.03825   0.03137  -0.0106  0.1338  0.2500  -3.9904   0.0000   0.2313
  14.500   1.4880   0.04205   0.03528  -0.0097  0.1277  0.2500  -4.1179   0.0000   0.2295
  15.000   1.4929   0.04656   0.03992  -0.0092  0.1213  0.2500  -4.2373   0.0000   0.2280
  15.500   1.4953   0.05155   0.04506  -0.0094  0.1154  0.2500  -4.3527   0.0000   0.2269
  16.000   1.4871   0.05792   0.05156  -0.0102  0.1093  0.2500  -4.4361   0.0000   0.2261
  16.500   1.4816   0.06427   0.05809  -0.0115  0.1040  0.2500  -4.5275   0.0000   0.2258
  17.000   1.4615   0.07261   0.06658  -0.0139  0.0987  0.2500  -4.5669   0.0000   0.2261
  17.500   1.4464   0.08061   0.07476  -0.0166  0.0938  0.2500  -4.6179   0.0000   0.2267
  18.000   1.4179   0.09055   0.08486  -0.0205  0.0890  0.2500  -4.6159   0.0000   0.2282
  18.500   1.4000   0.09931   0.09379  -0.0243  0.0846  0.2500  -4.6449   0.0000   0.2298
  19.000   1.3735   0.10942   0.10403  -0.0293  0.0799  0.2500  -4.6338   0.0000   0.2323
  19.500   1.3586   0.11802   0.11279  -0.0340  0.0756  0.2500  -4.6648   0.0000   0.2345
  20.000   1.3378   0.12760   0.12247  -0.0396  0.0710  0.2500  -4.6671   0.0000   0.2377
  20.500   1.3299   0.13538   0.13039  -0.0446  0.0668  0.2500  -4.7185   0.0000   0.2402
  21.000   1.3167   0.14399   0.13908  -0.0505  0.0627  0.2500  -4.7390   0.0000   0.2435
  21.500   1.3133   0.15118   0.14639  -0.0558  0.0589  0.2500  -4.7996   0.0000   0.2461
  22.000   1.3053   0.15913   0.15441  -0.0618  0.0551  0.2500  -4.8366   0.0000   0.2495
  22.500   1.3039   0.16605   0.16145  -0.0674  0.0516  0.2500  -4.9069   0.0000   0.2523
  23.000   1.2992   0.17348   0.16894  -0.0736  0.0484  0.2500  -4.9546   0.0000   0.2557
  23.500   1.3008   0.17989   0.17546  -0.0793  0.0455  0.2500  -5.0326   0.0000   0.2583
  24.000   1.2989   0.18690   0.18252  -0.0856  0.0425  0.2500  -5.0855   0.0000   0.2617
  24.500   1.3013   0.19317   0.18890  -0.0914  0.0399  0.2500  -5.1600   0.0000   0.2644
  25.000   1.2999   0.20009   0.19586  -0.0980  0.0374  0.2500  -5.2081   0.0000   0.2679


