xflr5 v6.47

 Calculated polar for: NACA24018_theta30_Ku4.5_Kl0.5_d0.31_delta11.03

 1 1 Reynolds number fixed          Mach number fixed         

 xtrf =   0.250 (top)        0.250 (bottom)
 Mach =   0.000     Re =     2.000 e 6     Ncrit =   5.000

  alpha     CL        CD       CDp       Cm    Top Xtr Bot Xtr   Cpmin    Chinge    XCp    
 ------- -------- --------- --------- -------- ------- ------- -------- --------- ---------
 -15.000  -0.1700   0.04465   0.03914  -0.1647  0.2500  0.0432  -3.6066   0.0000  -0.8016
 -14.500  -0.0987   0.04540   0.03986  -0.1685  0.2500  0.0451  -3.2677   0.0000  -1.5893
 -14.000  -0.0274   0.04628   0.04071  -0.1722  0.2500  0.0478  -2.9565   0.0000  -6.4603
 -13.500   0.0435   0.04726   0.04167  -0.1757  0.2500  0.0508  -2.6670   0.0000   4.5395
 -13.000   0.1138   0.04833   0.04271  -0.1790  0.2500  0.0538  -2.3885   0.0000   1.9104
 -12.500   0.1847   0.04950   0.04387  -0.1824  0.2500  0.0580  -2.1187   0.0000   1.2866
 -12.000   0.2542   0.05071   0.04508  -0.1854  0.2500  0.0631  -1.8727   0.0000   1.0114
 -11.500   0.3235   0.05200   0.04638  -0.1883  0.2500  0.0689  -1.6369   0.0000   0.8545
 -11.000   0.3929   0.05338   0.04775  -0.1912  0.2500  0.0753  -1.4109   0.0000   0.7528
 -10.500   0.4616   0.05481   0.04919  -0.1938  0.2500  0.0837  -1.2068   0.0000   0.6819
 -10.000   0.5291   0.05627   0.05066  -0.1962  0.2500  0.0935  -1.0205   0.0000   0.6297
  -9.500   0.5979   0.05786   0.05227  -0.1989  0.2500  0.1062  -1.0087   0.0000   0.5888
  -9.000   0.6677   0.05954   0.05399  -0.2016  0.2500  0.1230  -1.0281   0.0000   0.5561
  -8.500   0.7397   0.06142   0.05591  -0.2046  0.2500  0.1476  -1.0489   0.0000   0.5292
  -8.000   0.8178   0.06370   0.05828  -0.2086  0.2500  0.1888  -1.0742   0.0000   0.5062
  -7.500   0.9049   0.06659   0.06128  -0.2140  0.2500  0.2500  -1.1516   0.0000   0.4863
  -7.000   0.9572   0.06769   0.06236  -0.2136  0.2500  0.2500  -1.2225   0.0000   0.4719
  -6.500   1.0089   0.06877   0.06343  -0.2131  0.2500  0.2500  -1.2939   0.0000   0.4590
  -6.000   1.0600   0.06983   0.06447  -0.2124  0.2500  0.2500  -1.3657   0.0000   0.4473
  -5.500   1.1106   0.07087   0.06550  -0.2117  0.2500  0.2500  -1.4379   0.0000   0.4366
  -5.000   1.1608   0.07189   0.06653  -0.2109  0.2500  0.2500  -1.5128   0.0000   0.4268
  -4.500   1.2106   0.07291   0.06755  -0.2100  0.2500  0.2500  -1.5930   0.0000   0.4178
  -4.000   1.2601   0.07393   0.06858  -0.2090  0.2500  0.2500  -1.6750   0.0000   0.4094
  -3.500   1.3092   0.07495   0.06962  -0.2080  0.2500  0.2500  -1.7604   0.0000   0.4017
  -3.000   1.3579   0.07597   0.07066  -0.2069  0.2500  0.2500  -1.8464   0.0000   0.3944
  -2.500   1.4057   0.07696   0.07167  -0.2057  0.2496  0.2500  -1.9324   0.0000   0.3876
  -2.000   1.4515   0.07795   0.07261  -0.2042  0.2396  0.2500  -2.0247   0.0000   0.3812
  -1.500   1.4973   0.07893   0.07359  -0.2027  0.2339  0.2500  -2.1190   0.0000   0.3751
  -1.000   1.5417   0.07992   0.07454  -0.2010  0.2250  0.2500  -2.2132   0.0000   0.3693
  -0.500   1.5859   0.08092   0.07554  -0.1993  0.2192  0.2500  -2.3120   0.0000   0.3638
   0.000   1.6278   0.08201   0.07659  -0.1973  0.2103  0.2500  -2.4092   0.0000   0.3586
   0.500   1.6694   0.08314   0.07773  -0.1952  0.2039  0.2500  -2.5129   0.0000   0.3535
   1.000   1.7100   0.08427   0.07884  -0.1931  0.1960  0.2500  -2.6195   0.0000   0.3486
   1.500   1.7508   0.08538   0.07995  -0.1909  0.1893  0.2500  -2.7316   0.0000   0.3439
   2.000   1.7901   0.08654   0.08109  -0.1886  0.1810  0.2500  -2.8483   0.0000   0.3394
   2.500   1.8293   0.08766   0.08222  -0.1864  0.1746  0.2500  -2.9667   0.0000   0.3350
   3.000   1.8660   0.08884   0.08339  -0.1838  0.1660  0.2500  -3.0962   0.0000   0.3307
   3.500   1.9020   0.09004   0.08459  -0.1812  0.1586  0.2500  -3.2272   0.0000   0.3266
   4.000   1.9348   0.09147   0.08601  -0.1782  0.1501  0.2500  -3.3668   0.0000   0.3225
   4.500   1.9652   0.09303   0.08756  -0.1751  0.1418  0.2500  -3.5126   0.0000   0.3184
   5.000   1.9960   0.09453   0.08905  -0.1720  0.1337  0.2500  -3.6769   0.0000   0.3145
   5.500   2.0250   0.09611   0.09063  -0.1689  0.1241  0.2500  -3.8414   0.0000   0.3107
   6.000   2.0504   0.09800   0.09251  -0.1654  0.1156  0.2500  -4.0163   0.0000   0.3069
   6.500   2.0743   0.09998   0.09451  -0.1620  0.1084  0.2500  -4.1903   0.0000   0.3032
   7.000   2.0968   0.10202   0.09654  -0.1585  0.0995  0.2500  -4.3714   0.0000   0.2996
   7.500   2.1141   0.10455   0.09908  -0.1548  0.0916  0.2500  -4.5518   0.0000   0.2960
   8.000   2.1325   0.10692   0.10147  -0.1514  0.0844  0.2500  -4.7368   0.0000   0.2925
   8.500   2.1458   0.10974   0.10433  -0.1478  0.0776  0.2500  -4.9239   0.0000   0.2891
   9.000   2.1562   0.11283   0.10745  -0.1443  0.0708  0.2500  -5.1084   0.0000   0.2857
   9.500   2.1639   0.11616   0.11083  -0.1411  0.0645  0.2500  -5.2864   0.0000   0.2826
  10.000   2.1690   0.11978   0.11450  -0.1382  0.0589  0.2500  -5.4566   0.0000   0.2796
  10.500   2.1707   0.12376   0.11855  -0.1357  0.0540  0.2500  -5.6158   0.0000   0.2769
  11.000   2.1708   0.12789   0.12275  -0.1337  0.0496  0.2500  -5.7693   0.0000   0.2744
  11.500   2.1707   0.13207   0.12704  -0.1323  0.0462  0.2500  -5.9234   0.0000   0.2721
  12.000   2.1682   0.13649   0.13155  -0.1316  0.0430  0.2500  -6.0751   0.0000   0.2701
  12.500   2.1610   0.14144   0.13661  -0.1316  0.0400  0.2500  -6.2082   0.0000   0.2685
  13.000   2.1554   0.14622   0.14151  -0.1322  0.0375  0.2500  -6.3551   0.0000   0.2672
  13.500   2.1453   0.15151   0.14692  -0.1338  0.0349  0.2500  -6.4796   0.0000   0.2662
  14.000   2.1341   0.15693   0.15248  -0.1360  0.0327  0.2500  -6.5955   0.0000   0.2656
  14.500   2.1200   0.16268   0.15837  -0.1391  0.0308  0.2500  -6.6936   0.0000   0.2655
  15.000   2.1055   0.16849   0.16431  -0.1428  0.0289  0.2500  -6.7849   0.0000   0.2656
  15.500   2.0891   0.17451   0.17048  -0.1472  0.0272  0.2500  -6.8620   0.0000   0.2660
  16.000   2.0713   0.18077   0.17688  -0.1523  0.0256  0.2500  -6.9255   0.0000   0.2668
  16.500   2.0547   0.18687   0.18311  -0.1575  0.0242  0.2500  -6.9897   0.0000   0.2677
  17.000   2.0379   0.19303   0.18940  -0.1632  0.0228  0.2500  -7.0463   0.0000   0.2687
  17.500   2.0204   0.19926   0.19576  -0.1694  0.0215  0.2500  -7.0929   0.0000   0.2701
  18.000   2.0084   0.20470   0.20132  -0.1749  0.0204  0.2500  -7.1664   0.0000   0.2709
  18.500   1.9947   0.21034   0.20707  -0.1809  0.0192  0.2500  -7.2250   0.0000   0.2721
  19.000   1.9827   0.21568   0.21253  -0.1868  0.0183  0.2500  -7.2893   0.0000   0.2731
  19.500   1.9719   0.22081   0.21776  -0.1927  0.0174  0.2500  -7.3563   0.0000   0.2741
  20.000   1.9607   0.22595   0.22300  -0.1988  0.0165  0.2500  -7.4156   0.0000   0.2753
  20.500   1.9541   0.23026   0.22740  -0.2040  0.0157  0.2500  -7.5046   0.0000   0.2758
  21.000   1.9444   0.23500   0.23224  -0.2100  0.0150  0.2500  -7.5666   0.0000   0.2768
  21.500   1.9334   0.23990   0.23723  -0.2165  0.0142  0.2500  -7.6136   0.0000   0.2780


