xflr5 v6.47

 Calculated polar for: NACA24018_theta30_Ku4.5_Kl0.5_d0.17_delta4.56

 1 1 Reynolds number fixed          Mach number fixed         

 xtrf =   0.250 (top)        0.250 (bottom)
 Mach =   0.000     Re =     3.500 e 6     Ncrit =   5.000

  alpha     CL        CD       CDp       Cm    Top Xtr Bot Xtr   Cpmin    Chinge    XCp    
 ------- -------- --------- --------- -------- ------- ------- -------- --------- ---------
 -15.000  -0.8802   0.02026   0.01421  -0.1095  0.2500  0.0255  -6.2348   0.0000   0.1020
 -14.500  -0.8296   0.01951   0.01343  -0.1102  0.2500  0.0262  -5.8804   0.0000   0.0939
 -14.000  -0.7738   0.01884   0.01273  -0.1116  0.2500  0.0272  -5.5164   0.0000   0.0826
 -13.500  -0.7144   0.01827   0.01213  -0.1135  0.2500  0.0284  -5.1510   0.0000   0.0679
 -13.000  -0.6529   0.01783   0.01167  -0.1155  0.2500  0.0293  -4.7997   0.0000   0.0496
 -12.500  -0.5889   0.01745   0.01126  -0.1179  0.2500  0.0308  -4.4507   0.0000   0.0257
 -12.000  -0.5233   0.01714   0.01094  -0.1205  0.2500  0.0324  -4.1066   0.0000  -0.0051
 -11.500  -0.4573   0.01691   0.01069  -0.1230  0.2500  0.0338  -3.7771   0.0000  -0.0452
 -11.000  -0.3900   0.01672   0.01050  -0.1257  0.2500  0.0359  -3.4620   0.0000  -0.1006
 -10.500  -0.3218   0.01659   0.01036  -0.1285  0.2500  0.0382  -3.1549   0.0000  -0.1807
 -10.000  -0.2539   0.01651   0.01027  -0.1312  0.2500  0.0404  -2.8584   0.0000  -0.3031
  -9.500  -0.1852   0.01647   0.01023  -0.1339  0.2500  0.0432  -2.5828   0.0000  -0.5190
  -9.000  -0.1163   0.01647   0.01023  -0.1367  0.2500  0.0466  -2.3164   0.0000  -0.9911
  -8.500  -0.0477   0.01651   0.01027  -0.1393  0.2500  0.0502  -2.0600   0.0000  -2.8167
  -8.000   0.0217   0.01658   0.01036  -0.1421  0.2500  0.0553  -1.8183   0.0000   7.0877
  -7.500   0.0908   0.01669   0.01048  -0.1447  0.2500  0.0611  -1.5933   0.0000   1.9065
  -7.000   0.1592   0.01682   0.01062  -0.1472  0.2500  0.0670  -1.3908   0.0000   1.2066
  -6.500   0.2275   0.01698   0.01080  -0.1497  0.2500  0.0748  -1.2008   0.0000   0.9274
  -6.000   0.2969   0.01717   0.01103  -0.1523  0.2500  0.0861  -1.0168   0.0000   0.7760
  -5.500   0.3663   0.01739   0.01129  -0.1550  0.2500  0.1001  -0.8428   0.0000   0.6819
  -5.000   0.4362   0.01764   0.01160  -0.1577  0.2500  0.1186  -0.8831   0.0000   0.6175
  -4.500   0.5074   0.01793   0.01196  -0.1606  0.2500  0.1448  -0.9581   0.0000   0.5705
  -4.000   0.5866   0.01832   0.01248  -0.1652  0.2500  0.1982  -1.0400   0.0000   0.5338
  -3.500   0.6640   0.01873   0.01302  -0.1693  0.2500  0.2500  -1.1219   0.0000   0.5059
  -3.000   0.7236   0.01900   0.01328  -0.1699  0.2500  0.2500  -1.1922   0.0000   0.4846
  -2.500   0.7828   0.01928   0.01355  -0.1703  0.2500  0.2500  -1.2681   0.0000   0.4665
  -2.000   0.8416   0.01958   0.01384  -0.1707  0.2500  0.2500  -1.3458   0.0000   0.4509
  -1.500   0.8999   0.01988   0.01415  -0.1710  0.2500  0.2500  -1.4271   0.0000   0.4372
  -1.000   0.9576   0.02020   0.01447  -0.1712  0.2489  0.2500  -1.5126   0.0000   0.4252
  -0.500   1.0147   0.02054   0.01480  -0.1712  0.2440  0.2500  -1.5987   0.0000   0.4145
   0.000   1.0708   0.02090   0.01510  -0.1711  0.2337  0.2500  -1.6851   0.0000   0.4048
   0.500   1.1266   0.02127   0.01547  -0.1710  0.2285  0.2500  -1.7733   0.0000   0.3961
   1.000   1.1813   0.02168   0.01583  -0.1706  0.2196  0.2500  -1.8677   0.0000   0.3880
   1.500   1.2357   0.02209   0.01624  -0.1702  0.2134  0.2500  -1.9631   0.0000   0.3807
   2.000   1.2890   0.02255   0.01666  -0.1696  0.2054  0.2500  -2.0636   0.0000   0.3738
   2.500   1.3424   0.02301   0.01712  -0.1690  0.2006  0.2500  -2.1681   0.0000   0.3674
   3.000   1.3941   0.02353   0.01761  -0.1681  0.1917  0.2500  -2.2719   0.0000   0.3614
   3.500   1.4458   0.02405   0.01813  -0.1673  0.1862  0.2500  -2.3808   0.0000   0.3558
   4.000   1.4958   0.02462   0.01868  -0.1661  0.1785  0.2500  -2.4935   0.0000   0.3504
   4.500   1.5452   0.02523   0.01928  -0.1649  0.1716  0.2500  -2.6120   0.0000   0.3453
   5.000   1.5936   0.02588   0.01992  -0.1635  0.1647  0.2500  -2.7362   0.0000   0.3404
   5.500   1.6394   0.02665   0.02067  -0.1617  0.1561  0.2500  -2.8642   0.0000   0.3356
   6.000   1.6831   0.02752   0.02153  -0.1595  0.1484  0.2500  -2.9922   0.0000   0.3310
   6.500   1.7263   0.02841   0.02242  -0.1573  0.1408  0.2500  -3.1295   0.0000   0.3265
   7.000   1.7675   0.02941   0.02340  -0.1549  0.1317  0.2500  -3.2758   0.0000   0.3221
   7.500   1.8077   0.03047   0.02445  -0.1523  0.1239  0.2500  -3.4347   0.0000   0.3179
   8.000   1.8423   0.03184   0.02580  -0.1489  0.1140  0.2500  -3.5963   0.0000   0.3136
   8.500   1.8770   0.03323   0.02718  -0.1457  0.1055  0.2500  -3.7777   0.0000   0.3094
   9.000   1.9100   0.03472   0.02868  -0.1422  0.0987  0.2500  -3.9627   0.0000   0.3053
   9.500   1.9397   0.03645   0.03042  -0.1384  0.0916  0.2500  -4.1436   0.0000   0.3012
  10.000   1.9645   0.03853   0.03250  -0.1342  0.0827  0.2500  -4.3189   0.0000   0.2971
  10.500   1.9883   0.04073   0.03472  -0.1299  0.0756  0.2500  -4.5117   0.0000   0.2932
  11.000   2.0088   0.04323   0.03724  -0.1255  0.0694  0.2500  -4.7042   0.0000   0.2892
  11.500   2.0259   0.04609   0.04014  -0.1211  0.0637  0.2500  -4.8903   0.0000   0.2854
  12.000   2.0392   0.04939   0.04349  -0.1166  0.0583  0.2500  -5.0708   0.0000   0.2817
  12.500   2.0481   0.05323   0.04739  -0.1123  0.0533  0.2500  -5.2440   0.0000   0.2781
  13.000   2.0546   0.05749   0.05173  -0.1084  0.0491  0.2500  -5.4238   0.0000   0.2748
  13.500   2.0572   0.06234   0.05666  -0.1050  0.0453  0.2500  -5.5920   0.0000   0.2718
  14.000   2.0557   0.06783   0.06225  -0.1021  0.0420  0.2500  -5.7463   0.0000   0.2691
  14.500   2.0489   0.07404   0.06858  -0.0999  0.0390  0.2500  -5.8822   0.0000   0.2668
  15.000   2.0417   0.08054   0.07521  -0.0986  0.0367  0.2500  -6.0142   0.0000   0.2649
  15.500   2.0295   0.08782   0.08262  -0.0982  0.0348  0.2500  -6.1253   0.0000   0.2635
  16.000   2.0140   0.09561   0.09056  -0.0988  0.0329  0.2500  -6.2201   0.0000   0.2626
  16.500   1.9964   0.10383   0.09894  -0.1004  0.0314  0.2500  -6.3007   0.0000   0.2622
  17.000   1.9769   0.11241   0.10767  -0.1030  0.0299  0.2500  -6.3712   0.0000   0.2624
  17.500   1.9538   0.12152   0.11694  -0.1066  0.0285  0.2500  -6.4195   0.0000   0.2631
  18.000   1.9330   0.13042   0.12599  -0.1110  0.0273  0.2500  -6.4694   0.0000   0.2642
  18.500   1.9082   0.13993   0.13565  -0.1165  0.0260  0.2500  -6.4973   0.0000   0.2660
  19.000   1.8875   0.14890   0.14477  -0.1223  0.0250  0.2500  -6.5397   0.0000   0.2679
  19.500   1.8700   0.15736   0.15336  -0.1282  0.0237  0.2500  -6.5902   0.0000   0.2698
  20.000   1.8493   0.16638   0.16251  -0.1351  0.0226  0.2500  -6.6154   0.0000   0.2724
  20.500   1.8359   0.17428   0.17053  -0.1415  0.0215  0.2500  -6.6729   0.0000   0.2746
  21.000   1.8227   0.18217   0.17852  -0.1483  0.0203  0.2500  -6.7242   0.0000   0.2769
  21.500   1.8148   0.18919   0.18566  -0.1546  0.0195  0.2500  -6.8009   0.0000   0.2788
  22.000   1.8065   0.19625   0.19281  -0.1612  0.0187  0.2500  -6.8699   0.0000   0.2808
  22.500   1.7976   0.20335   0.20001  -0.1681  0.0178  0.2500  -6.9299   0.0000   0.2831
  23.000   1.7933   0.20967   0.20642  -0.1745  0.0172  0.2500  -7.0144   0.0000   0.2849
  23.500   1.7882   0.21600   0.21284  -0.1811  0.0163  0.2500  -7.0907   0.0000   0.2868
  24.000   1.7850   0.22196   0.21887  -0.1876  0.0154  0.2500  -7.1756   0.0000   0.2885
  24.500   1.7814   0.22795   0.22496  -0.1942  0.0148  0.2500  -7.2535   0.0000   0.2903
  25.000   1.7764   0.23415   0.23123  -0.2013  0.0141  0.2500  -7.3164   0.0000   0.2923


