xflr5 v6.47

 Calculated polar for: NACA24018_theta30_Ku4.5_Kl0.5_d0.10_delta2.45

 1 1 Reynolds number fixed          Mach number fixed         

 xtrf =   0.250 (top)        0.250 (bottom)
 Mach =   0.000     Re =     1.750 e 6     Ncrit =   5.000

  alpha     CL        CD       CDp       Cm    Top Xtr Bot Xtr   Cpmin    Chinge    XCp    
 ------- -------- --------- --------- -------- ------- ------- -------- --------- ---------
 -15.000  -0.8768   0.02226   0.01538  -0.1170  0.2500  0.0265  -6.2470   0.0000   0.0915
 -14.500  -0.8523   0.02107   0.01414  -0.1139  0.2500  0.0273  -5.9898   0.0000   0.0922
 -14.000  -0.8269   0.02003   0.01304  -0.1106  0.2500  0.0281  -5.7323   0.0000   0.0930
 -13.500  -0.8011   0.01912   0.01207  -0.1069  0.2500  0.0287  -5.4761   0.0000   0.0939
 -13.000  -0.7779   0.01823   0.01114  -0.1027  0.2500  0.0296  -5.2327   0.0000   0.0963
 -12.500  -0.7579   0.01744   0.01033  -0.0976  0.2500  0.0306  -5.0022   0.0000   0.1004
 -12.000  -0.7447   0.01677   0.00961  -0.0909  0.2500  0.0315  -4.8037   0.0000   0.1080
 -11.500  -0.7113   0.01613   0.00893  -0.0877  0.2500  0.0325  -4.5478   0.0000   0.1074
 -11.000  -0.6717   0.01548   0.00825  -0.0855  0.2500  0.0339  -4.2798   0.0000   0.1037
 -10.500  -0.6265   0.01492   0.00767  -0.0843  0.2500  0.0354  -4.0006   0.0000   0.0967
 -10.000  -0.5768   0.01444   0.00715  -0.0837  0.2500  0.0370  -3.7161   0.0000   0.0862
  -9.500  -0.5245   0.01396   0.00667  -0.0836  0.2500  0.0392  -3.4431   0.0000   0.0719
  -9.000  -0.4697   0.01359   0.00627  -0.0837  0.2500  0.0411  -3.1719   0.0000   0.0525
  -8.500  -0.4131   0.01322   0.00589  -0.0843  0.2500  0.0440  -2.9078   0.0000   0.0261
  -8.000  -0.3551   0.01292   0.00558  -0.0850  0.2500  0.0468  -2.6564   0.0000  -0.0102
  -7.500  -0.2958   0.01264   0.00530  -0.0859  0.2500  0.0509  -2.4098   0.0000  -0.0628
  -7.000  -0.2357   0.01239   0.00507  -0.0869  0.2500  0.0555  -2.1693   0.0000  -0.1442
  -6.500  -0.1748   0.01219   0.00487  -0.0880  0.2500  0.0607  -1.9358   0.0000  -0.2840
  -6.000  -0.1135   0.01202   0.00471  -0.0892  0.2500  0.0667  -1.7147   0.0000  -0.5771
  -5.500  -0.0517   0.01187   0.00459  -0.0904  0.2500  0.0745  -1.5156   0.0000  -1.5806
  -5.000   0.0106   0.01175   0.00450  -0.0918  0.2500  0.0839  -1.3313   0.0000   9.2305
  -4.500   0.0734   0.01165   0.00444  -0.0932  0.2500  0.0966  -1.1538   0.0000   1.5601
  -4.000   0.1372   0.01156   0.00441  -0.0948  0.2500  0.1147  -0.9863   0.0000   0.9584
  -3.500   0.2028   0.01146   0.00441  -0.0968  0.2500  0.1446  -0.8266   0.0000   0.7364
  -3.000   0.2730   0.01132   0.00444  -0.0998  0.2500  0.1999  -0.8591   0.0000   0.6203
  -2.500   0.3423   0.01125   0.00452  -0.1026  0.2500  0.2500  -0.9305   0.0000   0.5517
  -2.000   0.4017   0.01137   0.00461  -0.1031  0.2500  0.2500  -0.9962   0.0000   0.5069
  -1.500   0.4607   0.01149   0.00471  -0.1035  0.2500  0.2500  -1.0668   0.0000   0.4736
  -1.000   0.5195   0.01162   0.00484  -0.1039  0.2500  0.2500  -1.1404   0.0000   0.4478
  -0.500   0.5780   0.01177   0.00498  -0.1043  0.2500  0.2500  -1.2148   0.0000   0.4273
   0.000   0.6361   0.01193   0.00514  -0.1046  0.2500  0.2500  -1.2908   0.0000   0.4104
   0.500   0.6939   0.01210   0.00532  -0.1048  0.2500  0.2500  -1.3702   0.0000   0.3963
   1.000   0.7512   0.01228   0.00552  -0.1049  0.2500  0.2500  -1.4502   0.0000   0.3842
   1.500   0.8081   0.01247   0.00574  -0.1050  0.2500  0.2500  -1.5340   0.0000   0.3738
   2.000   0.8644   0.01269   0.00598  -0.1050  0.2481  0.2500  -1.6232   0.0000   0.3647
   2.500   0.9196   0.01297   0.00626  -0.1048  0.2414  0.2500  -1.7126   0.0000   0.3565
   3.000   0.9737   0.01329   0.00656  -0.1044  0.2345  0.2500  -1.8021   0.0000   0.3491
   3.500   1.0271   0.01362   0.00689  -0.1039  0.2275  0.2500  -1.8961   0.0000   0.3424
   4.000   1.0789   0.01401   0.00727  -0.1031  0.2201  0.2500  -1.9946   0.0000   0.3362
   4.500   1.1304   0.01439   0.00766  -0.1023  0.2141  0.2500  -2.0941   0.0000   0.3305
   5.000   1.1808   0.01483   0.00810  -0.1013  0.2072  0.2500  -2.1944   0.0000   0.3251
   5.500   1.2306   0.01528   0.00856  -0.1003  0.1998  0.2500  -2.3044   0.0000   0.3201
   6.000   1.2796   0.01577   0.00907  -0.0991  0.1937  0.2500  -2.4147   0.0000   0.3154
   6.500   1.3275   0.01630   0.00961  -0.0978  0.1872  0.2500  -2.5271   0.0000   0.3108
   7.000   1.3727   0.01691   0.01024  -0.0961  0.1802  0.2500  -2.6453   0.0000   0.3064
   7.500   1.4170   0.01759   0.01092  -0.0942  0.1726  0.2500  -2.7701   0.0000   0.3021
   8.000   1.4614   0.01826   0.01163  -0.0925  0.1669  0.2500  -2.8967   0.0000   0.2981
   8.500   1.5011   0.01913   0.01251  -0.0901  0.1582  0.2500  -3.0271   0.0000   0.2940
   9.000   1.5419   0.01996   0.01337  -0.0879  0.1517  0.2500  -3.1730   0.0000   0.2902
   9.500   1.5787   0.02099   0.01442  -0.0852  0.1436  0.2500  -3.3230   0.0000   0.2863
  10.000   1.6134   0.02215   0.01560  -0.0823  0.1358  0.2500  -3.4767   0.0000   0.2825
  10.500   1.6474   0.02336   0.01686  -0.0795  0.1292  0.2500  -3.6406   0.0000   0.2788
  11.000   1.6769   0.02487   0.01839  -0.0763  0.1212  0.2500  -3.8115   0.0000   0.2751
  11.500   1.7025   0.02666   0.02021  -0.0728  0.1129  0.2500  -3.9777   0.0000   0.2714
  12.000   1.7269   0.02863   0.02222  -0.0696  0.1057  0.2500  -4.1526   0.0000   0.2679
  12.500   1.7494   0.03083   0.02447  -0.0664  0.0991  0.2500  -4.3342   0.0000   0.2646
  13.000   1.7662   0.03355   0.02724  -0.0632  0.0918  0.2500  -4.5059   0.0000   0.2613
  13.500   1.7789   0.03677   0.03052  -0.0601  0.0851  0.2500  -4.6709   0.0000   0.2582
  14.000   1.7896   0.04033   0.03416  -0.0576  0.0791  0.2500  -4.8311   0.0000   0.2554
  14.500   1.7976   0.04436   0.03828  -0.0554  0.0740  0.2500  -4.9840   0.0000   0.2529
  15.000   1.7978   0.04936   0.04338  -0.0537  0.0688  0.2500  -5.1165   0.0000   0.2507
  15.500   1.7950   0.05495   0.04908  -0.0527  0.0642  0.2500  -5.2401   0.0000   0.2489
  16.000   1.7886   0.06125   0.05552  -0.0525  0.0606  0.2500  -5.3509   0.0000   0.2475
  16.500   1.7726   0.06893   0.06335  -0.0531  0.0568  0.2500  -5.4388   0.0000   0.2467
  17.000   1.7542   0.07722   0.07180  -0.0546  0.0539  0.2500  -5.5137   0.0000   0.2464
  17.500   1.7256   0.08703   0.08179  -0.0572  0.0509  0.2500  -5.5440   0.0000   0.2470
  18.000   1.6979   0.09698   0.09192  -0.0606  0.0487  0.2500  -5.5701   0.0000   0.2480
  18.500   1.6671   0.10751   0.10263  -0.0649  0.0463  0.2500  -5.5741   0.0000   0.2497
  19.000   1.6351   0.11840   0.11369  -0.0702  0.0441  0.2500  -5.5620   0.0000   0.2521
  19.500   1.6098   0.12846   0.12391  -0.0758  0.0418  0.2500  -5.5683   0.0000   0.2547
  20.000   1.5864   0.13831   0.13390  -0.0819  0.0395  0.2500  -5.5727   0.0000   0.2576
  20.500   1.5702   0.14724   0.14296  -0.0879  0.0377  0.2500  -5.6017   0.0000   0.2603
  21.000   1.5554   0.15599   0.15183  -0.0943  0.0356  0.2500  -5.6292   0.0000   0.2633
  21.500   1.5469   0.16379   0.15974  -0.1003  0.0339  0.2500  -5.6823   0.0000   0.2659
  22.000   1.5370   0.17180   0.16784  -0.1068  0.0318  0.2500  -5.7216   0.0000   0.2688
  22.500   1.5309   0.17925   0.17539  -0.1132  0.0302  0.2500  -5.7751   0.0000   0.2715
  23.000   1.5253   0.18662   0.18286  -0.1198  0.0285  0.2500  -5.8254   0.0000   0.2744
  23.500   1.5204   0.19388   0.19021  -0.1265  0.0270  0.2500  -5.8742   0.0000   0.2773
  24.000   1.5181   0.20069   0.19711  -0.1330  0.0256  0.2500  -5.9359   0.0000   0.2799
  24.500   1.5141   0.20779   0.20429  -0.1400  0.0242  0.2500  -5.9906   0.0000   0.2829
  25.000   1.5172   0.21356   0.21034  -0.1459  0.0231  0.2500  -6.0956   0.0000   0.2848


