xflr5 v6.47

 Calculated polar for: NACA24018_theta30_Ku4.5_Kl0.5_d0.07_delta1.57

 1 1 Reynolds number fixed          Mach number fixed         

 xtrf =   0.250 (top)        0.250 (bottom)
 Mach =   0.000     Re =     1.500 e 6     Ncrit =   5.000

  alpha     CL        CD       CDp       Cm    Top Xtr Bot Xtr   Cpmin    Chinge    XCp    
 ------- -------- --------- --------- -------- ------- ------- -------- --------- ---------
 -15.000  -0.8871   0.02280   0.01565  -0.1196  0.2500  0.0262  -6.2825   0.0000   0.0897
 -14.500  -0.8598   0.02149   0.01428  -0.1172  0.2500  0.0271  -6.0160   0.0000   0.0891
 -14.000  -0.8314   0.02036   0.01310  -0.1145  0.2500  0.0279  -5.7480   0.0000   0.0884
 -13.500  -0.8020   0.01937   0.01206  -0.1116  0.2500  0.0287  -5.4797   0.0000   0.0878
 -13.000  -0.7717   0.01852   0.01114  -0.1085  0.2500  0.0294  -5.2122   0.0000   0.0870
 -12.500  -0.7438   0.01765   0.01024  -0.1048  0.2500  0.0306  -4.9580   0.0000   0.0874
 -12.000  -0.7150   0.01691   0.00946  -0.1010  0.2500  0.0317  -4.7127   0.0000   0.0877
 -11.500  -0.6856   0.01627   0.00878  -0.0970  0.2500  0.0328  -4.4707   0.0000   0.0881
 -11.000  -0.6565   0.01572   0.00818  -0.0927  0.2500  0.0337  -4.2400   0.0000   0.0889
 -10.500  -0.6321   0.01516   0.00761  -0.0875  0.2500  0.0352  -4.0301   0.0000   0.0925
 -10.000  -0.6133   0.01471   0.00713  -0.0808  0.2500  0.0367  -3.8372   0.0000   0.0998
  -9.500  -0.5811   0.01426   0.00666  -0.0767  0.2500  0.0382  -3.6126   0.0000   0.1001
  -9.000  -0.5436   0.01379   0.00617  -0.0735  0.2500  0.0403  -3.3799   0.0000   0.0972
  -8.500  -0.5013   0.01336   0.00573  -0.0712  0.2500  0.0425  -3.1402   0.0000   0.0906
  -8.000  -0.4561   0.01298   0.00533  -0.0693  0.2500  0.0450  -2.8999   0.0000   0.0806
  -7.500  -0.4091   0.01262   0.00497  -0.0677  0.2500  0.0482  -2.6619   0.0000   0.0668
  -7.000  -0.3604   0.01232   0.00466  -0.0664  0.2500  0.0513  -2.4368   0.0000   0.0477
  -6.500  -0.3104   0.01203   0.00437  -0.0653  0.2500  0.0555  -2.2162   0.0000   0.0208
  -6.000  -0.2591   0.01177   0.00412  -0.0644  0.2500  0.0601  -2.0074   0.0000  -0.0187
  -5.500  -0.2065   0.01155   0.00391  -0.0638  0.2500  0.0657  -1.8054   0.0000  -0.0810
  -5.000  -0.1529   0.01134   0.00372  -0.0633  0.2500  0.0726  -1.6138   0.0000  -0.1900
  -4.500  -0.0985   0.01114   0.00356  -0.0630  0.2500  0.0821  -1.4313   0.0000  -0.4245
  -4.000  -0.0431   0.01096   0.00342  -0.0629  0.2500  0.0951  -1.2536   0.0000  -1.2754
  -3.500   0.0131   0.01079   0.00331  -0.0629  0.2500  0.1106  -1.0897   0.0000   5.2427
  -3.000   0.0703   0.01061   0.00322  -0.0632  0.2500  0.1359  -0.9348   0.0000   1.1739
  -2.500   0.1294   0.01039   0.00314  -0.0639  0.2500  0.1801  -0.7945   0.0000   0.7534
  -2.000   0.1917   0.01009   0.00308  -0.0654  0.2500  0.2500  -0.8505   0.0000   0.5946
  -1.500   0.2485   0.01015   0.00311  -0.0654  0.2500  0.2500  -0.9139   0.0000   0.5135
  -1.000   0.3052   0.01022   0.00315  -0.0653  0.2500  0.2500  -0.9780   0.0000   0.4626
  -0.500   0.3617   0.01029   0.00322  -0.0653  0.2500  0.2500  -1.0468   0.0000   0.4276
   0.000   0.4180   0.01038   0.00330  -0.0652  0.2500  0.2500  -1.1189   0.0000   0.4020
   0.500   0.4741   0.01048   0.00340  -0.0651  0.2500  0.2500  -1.1917   0.0000   0.3824
   1.000   0.5299   0.01059   0.00352  -0.0649  0.2500  0.2500  -1.2653   0.0000   0.3669
   1.500   0.5855   0.01071   0.00366  -0.0647  0.2500  0.2500  -1.3418   0.0000   0.3542
   2.000   0.6403   0.01085   0.00381  -0.0644  0.2500  0.2500  -1.4201   0.0000   0.3436
   2.500   0.6946   0.01100   0.00399  -0.0640  0.2500  0.2500  -1.5006   0.0000   0.3345
   3.000   0.7486   0.01117   0.00420  -0.0636  0.2496  0.2500  -1.5840   0.0000   0.3267
   3.500   0.8006   0.01144   0.00444  -0.0628  0.2421  0.2500  -1.6701   0.0000   0.3197
   4.000   0.8528   0.01169   0.00470  -0.0621  0.2353  0.2500  -1.7608   0.0000   0.3134
   4.500   0.9039   0.01199   0.00499  -0.0613  0.2282  0.2500  -1.8540   0.0000   0.3078
   5.000   0.9550   0.01228   0.00529  -0.0604  0.2218  0.2500  -1.9483   0.0000   0.3027
   5.500   1.0045   0.01263   0.00565  -0.0594  0.2155  0.2500  -2.0428   0.0000   0.2978
   6.000   1.0532   0.01298   0.00602  -0.0582  0.2090  0.2500  -2.1420   0.0000   0.2933
   6.500   1.1003   0.01340   0.00645  -0.0568  0.2023  0.2500  -2.2426   0.0000   0.2890
   7.000   1.1476   0.01382   0.00689  -0.0555  0.1956  0.2500  -2.3518   0.0000   0.2850
   7.500   1.1931   0.01430   0.00739  -0.0539  0.1890  0.2500  -2.4619   0.0000   0.2812
   8.000   1.2373   0.01482   0.00794  -0.0522  0.1825  0.2500  -2.5782   0.0000   0.2774
   8.500   1.2804   0.01540   0.00854  -0.0503  0.1756  0.2500  -2.6999   0.0000   0.2738
   9.000   1.3216   0.01606   0.00923  -0.0483  0.1690  0.2500  -2.8206   0.0000   0.2703
   9.500   1.3617   0.01676   0.00997  -0.0462  0.1624  0.2500  -2.9534   0.0000   0.2669
  10.000   1.3984   0.01764   0.01086  -0.0437  0.1547  0.2500  -3.0879   0.0000   0.2634
  10.500   1.4357   0.01851   0.01178  -0.0414  0.1482  0.2500  -3.2336   0.0000   0.2602
  11.000   1.4685   0.01962   0.01292  -0.0388  0.1407  0.2500  -3.3757   0.0000   0.2568
  11.500   1.4996   0.02087   0.01420  -0.0361  0.1330  0.2500  -3.5342   0.0000   0.2536
  12.000   1.5292   0.02226   0.01564  -0.0334  0.1256  0.2500  -3.6966   0.0000   0.2505
  12.500   1.5544   0.02396   0.01738  -0.0306  0.1184  0.2500  -3.8599   0.0000   0.2473
  13.000   1.5777   0.02589   0.01935  -0.0280  0.1111  0.2500  -4.0265   0.0000   0.2443
  13.500   1.5990   0.02807   0.02159  -0.0255  0.1044  0.2500  -4.1905   0.0000   0.2415
  14.000   1.6147   0.03076   0.02434  -0.0230  0.0976  0.2500  -4.3454   0.0000   0.2388
  14.500   1.6280   0.03383   0.02748  -0.0210  0.0910  0.2500  -4.5036   0.0000   0.2363
  15.000   1.6391   0.03728   0.03102  -0.0194  0.0856  0.2500  -4.6611   0.0000   0.2341
  15.500   1.6410   0.04176   0.03557  -0.0181  0.0794  0.2500  -4.7921   0.0000   0.2320
  16.000   1.6436   0.04650   0.04043  -0.0175  0.0745  0.2500  -4.9241   0.0000   0.2304
  16.500   1.6374   0.05237   0.04642  -0.0175  0.0699  0.2500  -5.0265   0.0000   0.2292
  17.000   1.6290   0.05884   0.05302  -0.0183  0.0660  0.2500  -5.1189   0.0000   0.2283
  17.500   1.6099   0.06677   0.06110  -0.0199  0.0623  0.2500  -5.1721   0.0000   0.2281
  18.000   1.5897   0.07521   0.06971  -0.0223  0.0591  0.2500  -5.2210   0.0000   0.2283
  18.500   1.5571   0.08543   0.08010  -0.0258  0.0559  0.2500  -5.2205   0.0000   0.2293
  19.000   1.5294   0.09533   0.09018  -0.0297  0.0537  0.2500  -5.2304   0.0000   0.2307
  19.500   1.4993   0.10574   0.10076  -0.0344  0.0512  0.2500  -5.2221   0.0000   0.2327
  20.000   1.4688   0.11639   0.11157  -0.0399  0.0486  0.2500  -5.2014   0.0000   0.2354
  20.500   1.4486   0.12575   0.12108  -0.0452  0.0464  0.2500  -5.2154   0.0000   0.2379
  21.000   1.4260   0.13558   0.13102  -0.0513  0.0437  0.2500  -5.2158   0.0000   0.2412
  21.500   1.4124   0.14413   0.13970  -0.0571  0.0413  0.2500  -5.2509   0.0000   0.2441
  22.000   1.4004   0.15253   0.14819  -0.0631  0.0387  0.2500  -5.2867   0.0000   0.2472
  22.500   1.3917   0.16047   0.15623  -0.0691  0.0366  0.2500  -5.3326   0.0000   0.2502
  23.000   1.3866   0.16788   0.16374  -0.0751  0.0346  0.2500  -5.3915   0.0000   0.2531
  23.500   1.3784   0.17578   0.17171  -0.0817  0.0324  0.2500  -5.4264   0.0000   0.2566
  24.000   1.3766   0.18263   0.17867  -0.0877  0.0308  0.2500  -5.4935   0.0000   0.2594
  24.500   1.3720   0.19000   0.18611  -0.0943  0.0289  0.2500  -5.5409   0.0000   0.2627
  25.000   1.3727   0.19644   0.19263  -0.1004  0.0274  0.2500  -5.6194   0.0000   0.2654


