xflr5 v6.47

 Calculated polar for: NACA24018_theta30_Ku4.5_Kl0.5_d0.35_delta13.38

 1 1 Reynolds number fixed          Mach number fixed         

 xtrf =   0.250 (top)        0.250 (bottom)
 Mach =   0.000     Re =     1.000 e 6     Ncrit =   5.000

  alpha     CL        CD       CDp       Cm    Top Xtr Bot Xtr   Cpmin    Chinge    XCp    
 ------- -------- --------- --------- -------- ------- ------- -------- --------- ---------
 -15.000  -0.0399   0.05741   0.05171  -0.1575  0.2500  0.0547  -3.0628   0.0000  -3.9844
 -14.500   0.0335   0.05864   0.05288  -0.1618  0.2500  0.0578  -2.7525   0.0000   5.3827
 -14.000   0.1065   0.06003   0.05423  -0.1659  0.2500  0.0615  -2.4529   0.0000   1.8952
 -13.500   0.1787   0.06154   0.05572  -0.1698  0.2500  0.0658  -2.1869   0.0000   1.2460
 -13.000   0.2504   0.06319   0.05734  -0.1734  0.2500  0.0712  -1.9358   0.0000   0.9712
 -12.500   0.3219   0.06496   0.05909  -0.1769  0.2500  0.0776  -1.6937   0.0000   0.8187
 -12.000   0.3913   0.06676   0.06088  -0.1800  0.2500  0.0853  -1.4645   0.0000   0.7230
 -11.500   0.4602   0.06863   0.06275  -0.1829  0.2500  0.0942  -1.2452   0.0000   0.6563
 -11.000   0.5315   0.07073   0.06486  -0.1861  0.2500  0.1064  -1.0358   0.0000   0.6060
 -10.500   0.6012   0.07287   0.06700  -0.1890  0.2500  0.1211  -1.0020   0.0000   0.5678
 -10.000   0.6728   0.07522   0.06938  -0.1921  0.2500  0.1419  -1.0235   0.0000   0.5371
  -9.500   0.7499   0.07801   0.07224  -0.1961  0.2500  0.1729  -1.0490   0.0000   0.5114
  -9.000   0.8408   0.08184   0.07617  -0.2022  0.2500  0.2302  -1.0855   0.0000   0.4890
  -8.500   0.9050   0.08407   0.07839  -0.2040  0.2500  0.2500  -1.1299   0.0000   0.4726
  -8.000   0.9561   0.08544   0.07973  -0.2036  0.2500  0.2500  -1.1955   0.0000   0.4592
  -7.500   1.0069   0.08682   0.08108  -0.2031  0.2500  0.2500  -1.2634   0.0000   0.4470
  -7.000   1.0571   0.08818   0.08242  -0.2026  0.2500  0.2500  -1.3362   0.0000   0.4360
  -6.500   1.1062   0.08948   0.08371  -0.2018  0.2500  0.2500  -1.4088   0.0000   0.4260
  -6.000   1.1541   0.09076   0.08499  -0.2010  0.2500  0.2500  -1.4814   0.0000   0.4168
  -5.500   1.2012   0.09204   0.08628  -0.1999  0.2500  0.2500  -1.5572   0.0000   0.4084
  -5.000   1.2478   0.09331   0.08756  -0.1989  0.2500  0.2500  -1.6370   0.0000   0.4005
  -4.500   1.2941   0.09455   0.08881  -0.1977  0.2500  0.2500  -1.7173   0.0000   0.3931
  -4.000   1.3398   0.09575   0.09003  -0.1965  0.2500  0.2500  -1.7983   0.0000   0.3862
  -3.500   1.3852   0.09692   0.09124  -0.1952  0.2500  0.2500  -1.8869   0.0000   0.3797
  -3.000   1.4303   0.09809   0.09244  -0.1939  0.2500  0.2500  -1.9761   0.0000   0.3736
  -2.500   1.4749   0.09925   0.09364  -0.1925  0.2500  0.2500  -2.0658   0.0000   0.3678
  -2.000   1.5184   0.10034   0.09477  -0.1910  0.2500  0.2500  -2.1558   0.0000   0.3622
  -1.500   1.5609   0.10141   0.09588  -0.1893  0.2474  0.2500  -2.2528   0.0000   0.3570
  -1.000   1.6019   0.10251   0.09697  -0.1875  0.2384  0.2500  -2.3493   0.0000   0.3519
  -0.500   1.6420   0.10363   0.09808  -0.1856  0.2310  0.2500  -2.4469   0.0000   0.3471
   0.000   1.6817   0.10472   0.09919  -0.1837  0.2240  0.2500  -2.5509   0.0000   0.3424
   0.500   1.7189   0.10593   0.10039  -0.1815  0.2158  0.2500  -2.6576   0.0000   0.3379
   1.000   1.7558   0.10718   0.10165  -0.1793  0.2081  0.2500  -2.7654   0.0000   0.3336
   1.500   1.7914   0.10845   0.10292  -0.1770  0.2008  0.2500  -2.8754   0.0000   0.3293
   2.000   1.8270   0.10962   0.10413  -0.1747  0.1938  0.2500  -2.9966   0.0000   0.3252
   2.500   1.8602   0.11086   0.10536  -0.1722  0.1856  0.2500  -3.1195   0.0000   0.3212
   3.000   1.8933   0.11208   0.10660  -0.1697  0.1784  0.2500  -3.2485   0.0000   0.3173
   3.500   1.9235   0.11347   0.10801  -0.1671  0.1708  0.2500  -3.3868   0.0000   0.3135
   4.000   1.9512   0.11500   0.10956  -0.1642  0.1626  0.2500  -3.5285   0.0000   0.3097
   4.500   1.9794   0.11644   0.11103  -0.1615  0.1547  0.2500  -3.6842   0.0000   0.3061
   5.000   2.0054   0.11801   0.11260  -0.1586  0.1465  0.2500  -3.8473   0.0000   0.3025
   5.500   2.0277   0.11987   0.11449  -0.1556  0.1382  0.2500  -4.0131   0.0000   0.2989
   6.000   2.0504   0.12165   0.11631  -0.1528  0.1303  0.2500  -4.1867   0.0000   0.2955
   6.500   2.0695   0.12369   0.11837  -0.1498  0.1223  0.2500  -4.3686   0.0000   0.2921
   7.000   2.0859   0.12590   0.12062  -0.1469  0.1148  0.2500  -4.5452   0.0000   0.2888
   8.000   2.1099   0.13099   0.12579  -0.1412  0.0987  0.2500  -4.9033   0.0000   0.2826
   8.500   2.1184   0.13385   0.12871  -0.1387  0.0916  0.2500  -5.0743   0.0000   0.2796
   9.000   2.1238   0.13699   0.13192  -0.1365  0.0849  0.2500  -5.2363   0.0000   0.2769
   9.500   2.1270   0.14033   0.13534  -0.1347  0.0788  0.2500  -5.3910   0.0000   0.2743
  10.000   2.1261   0.14407   0.13916  -0.1334  0.0729  0.2500  -5.5316   0.0000   0.2720
  10.500   2.1227   0.14803   0.14321  -0.1327  0.0669  0.2500  -5.6644   0.0000   0.2700
  11.000   2.1177   0.15217   0.14745  -0.1327  0.0617  0.2500  -5.7982   0.0000   0.2683
  11.500   2.1120   0.15636   0.15177  -0.1332  0.0577  0.2500  -5.9270   0.0000   0.2668
  12.000   2.1041   0.16074   0.15628  -0.1345  0.0539  0.2500  -6.0459   0.0000   0.2657
  12.500   2.0914   0.16565   0.16131  -0.1367  0.0503  0.2500  -6.1494   0.0000   0.2651
  13.000   2.0803   0.17035   0.16616  -0.1393  0.0468  0.2500  -6.2562   0.0000   0.2645
  13.500   2.0649   0.17558   0.17153  -0.1430  0.0437  0.2500  -6.3382   0.0000   0.2646
  16.000   1.9870   0.20207   0.19870  -0.1676  0.0317  0.2500  -6.6627   0.0000   0.2677
  16.500   1.9735   0.20708   0.20383  -0.1731  0.0297  0.2500  -6.7238   0.0000   0.2685
  17.000   1.9615   0.21186   0.20873  -0.1785  0.0279  0.2500  -6.7888   0.0000   0.2693
  17.500   1.9495   0.21659   0.21356  -0.1841  0.0260  0.2500  -6.8498   0.0000   0.2702
  18.000   1.9394   0.22099   0.21806  -0.1894  0.0244  0.2500  -6.9186   0.0000   0.2708


