xflr5 v6.47

 Calculated polar for: NACA24018_theta30_Ku4.5_Kl0.5_d0.24_delta7.31

 1 1 Reynolds number fixed          Mach number fixed         

 xtrf =   0.250 (top)        0.250 (bottom)
 Mach =   0.000     Re =     0.700 e 6     Ncrit =   5.000

  alpha     CL        CD       CDp       Cm    Top Xtr Bot Xtr   Cpmin    Chinge    XCp    
 ------- -------- --------- --------- -------- ------- ------- -------- --------- ---------
 -15.000  -0.6790   0.03463   0.02773  -0.1086  0.2500  0.0390  -5.2761   0.0000   0.0639
 -14.500  -0.6308   0.03332   0.02630  -0.1105  0.2500  0.0404  -4.9678   0.0000   0.0485
 -14.000  -0.5743   0.03212   0.02505  -0.1137  0.2500  0.0419  -4.6486   0.0000   0.0252
 -13.500  -0.5134   0.03135   0.02419  -0.1169  0.2500  0.0440  -4.3232   0.0000  -0.0054
 -13.000  -0.4481   0.03073   0.02351  -0.1206  0.2500  0.0461  -3.9937   0.0000  -0.0484
 -12.500  -0.3809   0.03035   0.02306  -0.1242  0.2500  0.0485  -3.6663   0.0000  -0.1080
 -12.000  -0.3114   0.03011   0.02278  -0.1281  0.2500  0.0514  -3.3482   0.0000  -0.1973
 -11.500  -0.2418   0.03004   0.02264  -0.1317  0.2500  0.0547  -3.0468   0.0000  -0.3372
 -11.000  -0.1698   0.03007   0.02264  -0.1357  0.2500  0.0587  -2.7501   0.0000  -0.6042
 -10.500  -0.0978   0.03023   0.02277  -0.1395  0.2500  0.0634  -2.4745   0.0000  -1.2639
 -10.000  -0.0253   0.03049   0.02301  -0.1432  0.2500  0.0686  -2.2073   0.0000  -5.7190
  -9.500   0.0477   0.03085   0.02335  -0.1470  0.2500  0.0755  -1.9510   0.0000   3.4813
  -9.000   0.1207   0.03130   0.02379  -0.1507  0.2500  0.0841  -1.7129   0.0000   1.5512
  -8.500   0.1933   0.03182   0.02431  -0.1542  0.2500  0.0943  -1.4923   0.0000   1.0770
  -8.000   0.2683   0.03245   0.02496  -0.1582  0.2500  0.1085  -1.2789   0.0000   0.8579
  -7.500   0.3445   0.03319   0.02574  -0.1623  0.2500  0.1288  -1.0724   0.0000   0.7334
  -7.000   0.4244   0.03408   0.02671  -0.1670  0.2500  0.1618  -0.8878   0.0000   0.6519
  -6.500   0.5280   0.03561   0.02848  -0.1762  0.2500  0.2485  -0.8912   0.0000   0.5891
  -6.000   0.5884   0.03627   0.02908  -0.1771  0.2500  0.2500  -0.9577   0.0000   0.5544
  -5.500   0.6475   0.03692   0.02967  -0.1777  0.2500  0.2500  -1.0242   0.0000   0.5264
  -5.000   0.7060   0.03759   0.03030  -0.1782  0.2500  0.2500  -1.0916   0.0000   0.5031
  -4.500   0.7638   0.03827   0.03095  -0.1785  0.2500  0.2500  -1.1638   0.0000   0.4834
  -4.000   0.8207   0.03895   0.03161  -0.1787  0.2500  0.2500  -1.2377   0.0000   0.4664
  -3.500   0.8770   0.03965   0.03230  -0.1788  0.2500  0.2500  -1.3120   0.0000   0.4516
  -3.000   0.9327   0.04037   0.03301  -0.1788  0.2500  0.2500  -1.3880   0.0000   0.4385
  -2.500   0.9878   0.04110   0.03375  -0.1786  0.2500  0.2500  -1.4666   0.0000   0.4269
  -2.000   1.0421   0.04184   0.03451  -0.1784  0.2500  0.2500  -1.5459   0.0000   0.4164
  -1.500   1.0957   0.04260   0.03529  -0.1780  0.2500  0.2500  -1.6309   0.0000   0.4069
  -1.000   1.1485   0.04339   0.03612  -0.1774  0.2500  0.2500  -1.7178   0.0000   0.3982
  -0.500   1.2003   0.04423   0.03700  -0.1767  0.2500  0.2500  -1.8048   0.0000   0.3902
   0.000   1.2513   0.04510   0.03792  -0.1759  0.2500  0.2500  -1.8959   0.0000   0.3828
   0.500   1.3016   0.04599   0.03887  -0.1750  0.2500  0.2500  -1.9883   0.0000   0.3759
   1.000   1.3510   0.04690   0.03985  -0.1739  0.2500  0.2500  -2.0840   0.0000   0.3695
   1.500   1.3995   0.04783   0.04086  -0.1727  0.2500  0.2500  -2.1836   0.0000   0.3634
   2.000   1.4464   0.04882   0.04189  -0.1713  0.2445  0.2500  -2.2875   0.0000   0.3577
   2.500   1.4920   0.04989   0.04298  -0.1697  0.2368  0.2500  -2.3911   0.0000   0.3522
   3.000   1.5359   0.05104   0.04416  -0.1679  0.2289  0.2500  -2.4940   0.0000   0.3470
   3.500   1.5782   0.05231   0.04546  -0.1659  0.2217  0.2500  -2.5983   0.0000   0.3419
   4.000   1.6188   0.05368   0.04688  -0.1637  0.2153  0.2500  -2.7122   0.0000   0.3371
   4.500   1.6588   0.05506   0.04832  -0.1614  0.2079  0.2500  -2.8324   0.0000   0.3324
   5.000   1.6969   0.05657   0.04987  -0.1590  0.2005  0.2500  -2.9555   0.0000   0.3279
   5.500   1.7329   0.05824   0.05160  -0.1563  0.1931  0.2500  -3.0830   0.0000   0.3235
   6.000   1.7669   0.06006   0.05349  -0.1534  0.1859  0.2500  -3.2127   0.0000   0.3192
   6.500   1.7996   0.06198   0.05546  -0.1505  0.1785  0.2500  -3.3498   0.0000   0.3151
   7.000   1.8295   0.06413   0.05769  -0.1474  0.1714  0.2500  -3.4999   0.0000   0.3110
   7.500   1.8558   0.06653   0.06014  -0.1440  0.1637  0.2500  -3.6553   0.0000   0.3070
   8.000   1.8815   0.06903   0.06275  -0.1407  0.1560  0.2500  -3.8138   0.0000   0.3031
   8.500   1.9031   0.07191   0.06571  -0.1372  0.1486  0.2500  -3.9743   0.0000   0.2994
   9.000   1.9206   0.07519   0.06906  -0.1337  0.1405  0.2500  -4.1350   0.0000   0.2957
   9.500   1.9378   0.07855   0.07254  -0.1304  0.1335  0.2500  -4.3020   0.0000   0.2922
  10.000   1.9499   0.08247   0.07656  -0.1272  0.1268  0.2500  -4.4688   0.0000   0.2889
  10.500   1.9573   0.08694   0.08113  -0.1243  0.1193  0.2500  -4.6235   0.0000   0.2859
  11.000   1.9638   0.09159   0.08590  -0.1219  0.1117  0.2500  -4.7755   0.0000   0.2831
  11.500   1.9672   0.09663   0.09107  -0.1200  0.1052  0.2500  -4.9177   0.0000   0.2807
  12.000   1.9654   0.10232   0.09688  -0.1189  0.0991  0.2500  -5.0423   0.0000   0.2787
  12.500   1.9610   0.10836   0.10306  -0.1185  0.0927  0.2500  -5.1630   0.0000   0.2771
  13.000   1.9555   0.11461   0.10946  -0.1190  0.0867  0.2500  -5.2850   0.0000   0.2759
  13.500   1.9456   0.12148   0.11648  -0.1204  0.0812  0.2500  -5.3868   0.0000   0.2754
  14.000   1.9319   0.12891   0.12405  -0.1230  0.0761  0.2500  -5.4686   0.0000   0.2754
  14.500   1.9199   0.13615   0.13147  -0.1262  0.0715  0.2500  -5.5516   0.0000   0.2757
  15.000   1.9045   0.14390   0.13938  -0.1304  0.0676  0.2500  -5.6143   0.0000   0.2766
  15.500   1.8877   0.15190   0.14754  -0.1354  0.0636  0.2500  -5.6637   0.0000   0.2780
  16.000   1.8728   0.15968   0.15548  -0.1408  0.0600  0.2500  -5.7145   0.0000   0.2796
  16.500   1.8558   0.16776   0.16370  -0.1470  0.0565  0.2500  -5.7487   0.0000   0.2816
  17.000   1.8428   0.17528   0.17136  -0.1530  0.0528  0.2500  -5.7950   0.0000   0.2835
  17.500   1.8314   0.18254   0.17874  -0.1593  0.0494  0.2500  -5.8431   0.0000   0.2855
  18.000   1.8189   0.18995   0.18625  -0.1660  0.0463  0.2500  -5.8884   0.0000   0.2877
  18.500   1.8122   0.19642   0.19285  -0.1720  0.0433  0.2500  -5.9606   0.0000   0.2894
  19.000   1.8050   0.20293   0.19946  -0.1784  0.0407  0.2500  -6.0284   0.0000   0.2912
  19.500   1.7975   0.20945   0.20608  -0.1850  0.0380  0.2500  -6.0913   0.0000   0.2932
  20.000   1.7935   0.21535   0.21208  -0.1912  0.0357  0.2500  -6.1719   0.0000   0.2948
  20.500   1.7870   0.22163   0.21844  -0.1980  0.0336  0.2500  -6.2309   0.0000   0.2968
  21.000   1.7860   0.22688   0.22380  -0.2038  0.0317  0.2500  -6.3241   0.0000   0.2980
  21.500   1.7822   0.23252   0.22952  -0.2103  0.0299  0.2500  -6.3944   0.0000   0.2996
  22.000   1.7814   0.23756   0.23466  -0.2162  0.0280  0.2500  -6.4830   0.0000   0.3007
  22.500   1.7775   0.24308   0.24025  -0.2229  0.0263  0.2500  -6.5448   0.0000   0.3025
  23.000   1.7770   0.24788   0.24514  -0.2288  0.0247  0.2500  -6.6301   0.0000   0.3035
  23.500   1.7749   0.25289   0.25022  -0.2352  0.0233  0.2500  -6.6989   0.0000   0.3049
  24.000   1.7744   0.25750   0.25493  -0.2412  0.0220  0.2500  -6.7898   0.0000   0.3059
  24.500   1.7726   0.26227   0.25975  -0.2476  0.0208  0.2500  -6.8686   0.0000   0.3072
  25.000   1.7728   0.26653   0.26412  -0.2534  0.0197  0.2500  -6.9635   0.0000   0.3080


