xflr5 v6.47

 Calculated polar for: NACA24018_theta30_Ku4.5_Kl0.5_d0.14_delta3.44

 1 1 Reynolds number fixed          Mach number fixed         

 xtrf =   0.250 (top)        0.250 (bottom)
 Mach =   0.000     Re =     0.400 e 6     Ncrit =   5.000

  alpha     CL        CD       CDp       Cm    Top Xtr Bot Xtr   Cpmin    Chinge    XCp    
 ------- -------- --------- --------- -------- ------- ------- -------- --------- ---------
 -15.000  -0.6982   0.03669   0.02854  -0.1189  0.2500  0.0388  -5.3389   0.0000   0.0512
 -14.500  -0.6831   0.03445   0.02619  -0.1168  0.2500  0.0398  -5.1514   0.0000   0.0516
 -14.000  -0.6668   0.03246   0.02408  -0.1142  0.2500  0.0410  -4.9621   0.0000   0.0523
 -13.500  -0.6501   0.03064   0.02213  -0.1113  0.2500  0.0422  -4.7730   0.0000   0.0534
 -13.000  -0.6349   0.02892   0.02037  -0.1079  0.2500  0.0433  -4.5841   0.0000   0.0557
 -12.500  -0.6176   0.02748   0.01884  -0.1041  0.2500  0.0448  -4.3935   0.0000   0.0579
 -12.000  -0.6011   0.02619   0.01744  -0.0998  0.2500  0.0464  -4.2144   0.0000   0.0614
 -11.500  -0.5939   0.02491   0.01612  -0.0938  0.2500  0.0477  -4.0601   0.0000   0.0707
 -11.000  -0.5743   0.02377   0.01492  -0.0895  0.2500  0.0493  -3.8715   0.0000   0.0736
 -10.500  -0.5416   0.02276   0.01381  -0.0871  0.2500  0.0516  -3.6517   0.0000   0.0690
 -10.000  -0.5027   0.02176   0.01278  -0.0857  0.2500  0.0542  -3.4165   0.0000   0.0595
  -9.500  -0.4571   0.02093   0.01188  -0.0851  0.2500  0.0573  -3.1717   0.0000   0.0436
  -9.000  -0.4071   0.02017   0.01109  -0.0852  0.2500  0.0610  -2.9291   0.0000   0.0199
  -8.500  -0.3534   0.01951   0.01039  -0.0859  0.2500  0.0653  -2.6864   0.0000  -0.0148
  -8.000  -0.2967   0.01896   0.00980  -0.0869  0.2500  0.0707  -2.4488   0.0000  -0.0663
  -7.500  -0.2377   0.01849   0.00930  -0.0882  0.2500  0.0771  -2.2189   0.0000  -0.1474
  -7.000  -0.1768   0.01809   0.00889  -0.0898  0.2500  0.0852  -1.9916   0.0000  -0.2900
  -6.500  -0.1139   0.01775   0.00856  -0.0918  0.2500  0.0960  -1.7760   0.0000  -0.5995
  -6.000  -0.0498   0.01749   0.00831  -0.0938  0.2500  0.1104  -1.5675   0.0000  -1.7232
  -5.500   0.0166   0.01725   0.00813  -0.0963  0.2500  0.1320  -1.3706   0.0000   6.2990
  -5.000   0.0870   0.01700   0.00802  -0.0997  0.2500  0.1715  -1.1815   0.0000   1.4330
  -4.500   0.1667   0.01673   0.00800  -0.1051  0.2500  0.2500  -0.9902   0.0000   0.8962
  -4.000   0.2268   0.01688   0.00805  -0.1058  0.2500  0.2500  -0.8400   0.0000   0.7259
  -3.500   0.2864   0.01705   0.00813  -0.1065  0.2500  0.2500  -0.8492   0.0000   0.6272
  -3.000   0.3455   0.01724   0.00826  -0.1071  0.2500  0.2500  -0.9116   0.0000   0.5626
  -2.500   0.4042   0.01746   0.00843  -0.1076  0.2500  0.2500  -0.9791   0.0000   0.5169
  -2.000   0.4624   0.01770   0.00864  -0.1080  0.2500  0.2500  -1.0477   0.0000   0.4829
  -1.500   0.5201   0.01797   0.00888  -0.1083  0.2500  0.2500  -1.1167   0.0000   0.4564
  -1.000   0.5772   0.01826   0.00916  -0.1085  0.2500  0.2500  -1.1874   0.0000   0.4352
  -0.500   0.6338   0.01858   0.00947  -0.1086  0.2500  0.2500  -1.2613   0.0000   0.4177
   0.000   0.6898   0.01892   0.00983  -0.1086  0.2500  0.2500  -1.3383   0.0000   0.4030
   0.500   0.7450   0.01929   0.01022  -0.1085  0.2500  0.2500  -1.4156   0.0000   0.3904
   1.000   0.7994   0.01970   0.01066  -0.1083  0.2500  0.2500  -1.4962   0.0000   0.3795
   1.500   0.8529   0.02014   0.01115  -0.1079  0.2500  0.2500  -1.5775   0.0000   0.3699
   2.000   0.9057   0.02061   0.01168  -0.1074  0.2500  0.2500  -1.6614   0.0000   0.3613
   2.500   0.9577   0.02112   0.01225  -0.1068  0.2500  0.2500  -1.7496   0.0000   0.3535
   3.000   1.0090   0.02166   0.01287  -0.1061  0.2500  0.2500  -1.8394   0.0000   0.3465
   3.500   1.0594   0.02225   0.01354  -0.1052  0.2500  0.2500  -1.9308   0.0000   0.3400
   4.000   1.1086   0.02289   0.01428  -0.1042  0.2500  0.2500  -2.0246   0.0000   0.3340
   4.500   1.1565   0.02359   0.01509  -0.1030  0.2500  0.2500  -2.1206   0.0000   0.3284
   5.000   1.2034   0.02436   0.01597  -0.1017  0.2500  0.2500  -2.2196   0.0000   0.3231
   5.500   1.2489   0.02519   0.01688  -0.1002  0.2433  0.2500  -2.3244   0.0000   0.3181
   6.000   1.2896   0.02625   0.01798  -0.0981  0.2363  0.2500  -2.4264   0.0000   0.3132
   6.500   1.3322   0.02722   0.01907  -0.0964  0.2293  0.2500  -2.5320   0.0000   0.3087
   7.000   1.3695   0.02849   0.02037  -0.0940  0.2224  0.2500  -2.6428   0.0000   0.3041
   7.500   1.4092   0.02965   0.02167  -0.0920  0.2157  0.2500  -2.7612   0.0000   0.2999
   8.000   1.4424   0.03119   0.02327  -0.0893  0.2089  0.2500  -2.8715   0.0000   0.2957
   8.500   1.4786   0.03262   0.02484  -0.0871  0.2024  0.2500  -2.9954   0.0000   0.2918
   9.000   1.5070   0.03455   0.02684  -0.0841  0.1952  0.2500  -3.1190   0.0000   0.2879
   9.500   1.5389   0.03635   0.02880  -0.0818  0.1886  0.2500  -3.2519   0.0000   0.2843
  10.000   1.5630   0.03875   0.03129  -0.0790  0.1823  0.2500  -3.3858   0.0000   0.2807
  10.500   1.5895   0.04111   0.03381  -0.0767  0.1752  0.2500  -3.5257   0.0000   0.2774
  11.000   1.6089   0.04410   0.03692  -0.0742  0.1684  0.2500  -3.6673   0.0000   0.2742
  11.500   1.6281   0.04725   0.04023  -0.0720  0.1616  0.2500  -3.8101   0.0000   0.2713
  12.000   1.6424   0.05099   0.04412  -0.0701  0.1549  0.2500  -3.9519   0.0000   0.2686
  12.500   1.6512   0.05542   0.04868  -0.0684  0.1478  0.2500  -4.0810   0.0000   0.2662
  13.000   1.6601   0.06001   0.05346  -0.0673  0.1414  0.2500  -4.2144   0.0000   0.2641
  13.500   1.6587   0.06588   0.05948  -0.0666  0.1352  0.2500  -4.3192   0.0000   0.2625
  14.000   1.6594   0.07177   0.06556  -0.0667  0.1285  0.2500  -4.4327   0.0000   0.2612
  14.500   1.6516   0.07882   0.07279  -0.0674  0.1224  0.2500  -4.5226   0.0000   0.2605
  15.000   1.6392   0.08665   0.08081  -0.0690  0.1164  0.2500  -4.5962   0.0000   0.2603
  15.500   1.6275   0.09458   0.08893  -0.0713  0.1108  0.2500  -4.6689   0.0000   0.2606
  16.000   1.6073   0.10374   0.09825  -0.0747  0.1053  0.2500  -4.7063   0.0000   0.2618
  16.500   1.5940   0.11213   0.10684  -0.0785  0.0995  0.2500  -4.7613   0.0000   0.2631
  17.000   1.5771   0.12107   0.11594  -0.0831  0.0943  0.2500  -4.7963   0.0000   0.2650
  17.500   1.5604   0.13006   0.12507  -0.0884  0.0889  0.2500  -4.8243   0.0000   0.2674
  18.000   1.5491   0.13835   0.13352  -0.0937  0.0838  0.2500  -4.8712   0.0000   0.2697
  18.500   1.5374   0.14674   0.14202  -0.0995  0.0789  0.2500  -4.9098   0.0000   0.2723
  19.000   1.5273   0.15490   0.15030  -0.1056  0.0738  0.2500  -4.9492   0.0000   0.2751
  19.500   1.5209   0.16248   0.15801  -0.1115  0.0692  0.2500  -4.9999   0.0000   0.2777
  20.000   1.5142   0.17012   0.16574  -0.1178  0.0649  0.2500  -5.0482   0.0000   0.2805
  20.500   1.5093   0.17750   0.17321  -0.1242  0.0606  0.2500  -5.1002   0.0000   0.2833
  21.000   1.5079   0.18431   0.18014  -0.1303  0.0567  0.2500  -5.1747   0.0000   0.2857
  21.500   1.5059   0.19119   0.18710  -0.1367  0.0531  0.2500  -5.2428   0.0000   0.2884
  22.000   1.5048   0.19791   0.19391  -0.1432  0.0496  0.2500  -5.3113   0.0000   0.2910
  22.500   1.5050   0.20436   0.20046  -0.1496  0.0465  0.2500  -5.3837   0.0000   0.2934
  23.000   1.5054   0.21073   0.20688  -0.1562  0.0437  0.2500  -5.4537   0.0000   0.2959
  23.500   1.5075   0.21675   0.21304  -0.1625  0.0410  0.2500  -5.5296   0.0000   0.2981
  24.000   1.5092   0.22276   0.21911  -0.1690  0.0386  0.2500  -5.6015   0.0000   0.3004
  24.500   1.5107   0.22880   0.22525  -0.1757  0.0362  0.2500  -5.6655   0.0000   0.3028
  25.000   1.5138   0.23446   0.23100  -0.1821  0.0341  0.2500  -5.7422   0.0000   0.3049


