xflr5 v6.47

 Calculated polar for: NACA24018_theta30_Ku4.5_Kl0.5_d0.31_delta11.03

 1 1 Reynolds number fixed          Mach number fixed         

 xtrf =   0.250 (top)        0.250 (bottom)
 Mach =   0.000     Re =     4.000 e 6     Ncrit =   5.000

  alpha     CL        CD       CDp       Cm    Top Xtr Bot Xtr   Cpmin    Chinge    XCp    
 ------- -------- --------- --------- -------- ------- ------- -------- --------- ---------
 -15.000  -0.0787   0.04457   0.03955  -0.1809  0.2500  0.0398  -3.3638   0.0000  -2.2252
 -14.500  -0.0064   0.04553   0.04051  -0.1846  0.2500  0.0423  -3.0363   0.0000  -30.4752
 -14.000   0.0624   0.04652   0.04148  -0.1877  0.2500  0.0442  -2.7479   0.0000   3.4480
 -13.500   0.1321   0.04762   0.04257  -0.1908  0.2500  0.0473  -2.4673   0.0000   1.7772
 -13.000   0.1999   0.04873   0.04368  -0.1935  0.2500  0.0502  -2.2007   0.0000   1.2684
 -12.500   0.2684   0.04994   0.04488  -0.1963  0.2500  0.0536  -1.9486   0.0000   1.0153
 -12.000   0.3380   0.05124   0.04618  -0.1992  0.2500  0.0582  -1.7089   0.0000   0.8638
 -11.500   0.4051   0.05253   0.04748  -0.2017  0.2500  0.0638  -1.4831   0.0000   0.7659
 -11.000   0.4715   0.05386   0.04881  -0.2039  0.2500  0.0699  -1.2741   0.0000   0.6961
 -10.500   0.5375   0.05523   0.05019  -0.2060  0.2500  0.0765  -1.0863   0.0000   0.6437
 -10.000   0.6045   0.05670   0.05168  -0.2083  0.2500  0.0853  -1.0904   0.0000   0.6024
  -9.500   0.6714   0.05824   0.05324  -0.2105  0.2500  0.0965  -1.1094   0.0000   0.5692
  -9.000   0.7375   0.05979   0.05482  -0.2125  0.2500  0.1106  -1.1274   0.0000   0.5421
  -8.500   0.8042   0.06143   0.05649  -0.2146  0.2500  0.1289  -1.1453   0.0000   0.5193
  -8.000   0.8743   0.06332   0.05844  -0.2172  0.2500  0.1554  -1.1654   0.0000   0.4995
  -7.500   0.9487   0.06553   0.06072  -0.2205  0.2500  0.1964  -1.1886   0.0000   0.4823
  -7.000   1.0259   0.06801   0.06329  -0.2241  0.2500  0.2500  -1.2811   0.0000   0.4673
  -6.500   1.0754   0.06912   0.06440  -0.2232  0.2500  0.2500  -1.3516   0.0000   0.4555
  -6.000   1.1250   0.07020   0.06548  -0.2223  0.2500  0.2500  -1.4229   0.0000   0.4446
  -5.500   1.1749   0.07126   0.06653  -0.2214  0.2500  0.2500  -1.4954   0.0000   0.4346
  -5.000   1.2248   0.07229   0.06756  -0.2205  0.2500  0.2500  -1.5740   0.0000   0.4254
  -4.500   1.2737   0.07325   0.06852  -0.2194  0.2500  0.2500  -1.6545   0.0000   0.4168
  -4.000   1.3218   0.07417   0.06942  -0.2182  0.2462  0.2500  -1.7382   0.0000   0.4089
  -3.500   1.3691   0.07507   0.07028  -0.2169  0.2373  0.2500  -1.8229   0.0000   0.4014
  -3.000   1.4158   0.07597   0.07113  -0.2155  0.2281  0.2500  -1.9078   0.0000   0.3944
  -2.500   1.4623   0.07686   0.07200  -0.2140  0.2224  0.2500  -1.9961   0.0000   0.3878
  -2.000   1.5081   0.07775   0.07286  -0.2125  0.2153  0.2500  -2.0902   0.0000   0.3816
  -1.500   1.5535   0.07864   0.07372  -0.2108  0.2082  0.2500  -2.1848   0.0000   0.3757
  -1.000   1.5981   0.07953   0.07458  -0.2091  0.2007  0.2500  -2.2824   0.0000   0.3700
  -0.500   1.6424   0.08044   0.07546  -0.2074  0.1930  0.2500  -2.3824   0.0000   0.3646
   0.000   1.6862   0.08137   0.07636  -0.2055  0.1863  0.2500  -2.4835   0.0000   0.3595
   0.500   1.7290   0.08230   0.07727  -0.2036  0.1783  0.2500  -2.5931   0.0000   0.3545
   1.000   1.7705   0.08323   0.07816  -0.2014  0.1715  0.2500  -2.7021   0.0000   0.3497
   1.500   1.8112   0.08416   0.07908  -0.1992  0.1642  0.2500  -2.8196   0.0000   0.3451
   2.000   1.8490   0.08525   0.08013  -0.1966  0.1543  0.2500  -2.9356   0.0000   0.3406
   2.500   1.8853   0.08646   0.08132  -0.1939  0.1476  0.2500  -3.0571   0.0000   0.3362
   3.000   1.9212   0.08762   0.08246  -0.1911  0.1390  0.2500  -3.1876   0.0000   0.3319
   3.500   1.9563   0.08878   0.08359  -0.1882  0.1305  0.2500  -3.3200   0.0000   0.3277
   4.000   1.9897   0.09001   0.08477  -0.1852  0.1200  0.2500  -3.4702   0.0000   0.3236
   4.500   2.0214   0.09133   0.08604  -0.1820  0.1096  0.2500  -3.6300   0.0000   0.3196
   5.000   2.0522   0.09272   0.08741  -0.1788  0.1021  0.2500  -3.7967   0.0000   0.3157
   5.500   2.0785   0.09454   0.08923  -0.1752  0.0945  0.2500  -3.9675   0.0000   0.3118
   6.000   2.1045   0.09630   0.09096  -0.1717  0.0856  0.2500  -4.1461   0.0000   0.3080
   6.500   2.1312   0.09794   0.09259  -0.1683  0.0793  0.2500  -4.3294   0.0000   0.3043
   7.000   2.1499   0.10022   0.09486  -0.1642  0.0714  0.2500  -4.5140   0.0000   0.3006
   7.500   2.1692   0.10238   0.09701  -0.1603  0.0639  0.2500  -4.7020   0.0000   0.2969
   8.000   2.1847   0.10489   0.09952  -0.1563  0.0576  0.2500  -4.8905   0.0000   0.2933
   8.500   2.1995   0.10741   0.10206  -0.1525  0.0518  0.2500  -5.0898   0.0000   0.2898
   9.000   2.2109   0.11030   0.10498  -0.1486  0.0471  0.2500  -5.2816   0.0000   0.2864
   9.500   2.2210   0.11329   0.10801  -0.1450  0.0432  0.2500  -5.4713   0.0000   0.2830
  10.000   2.2287   0.11653   0.11130  -0.1416  0.0396  0.2500  -5.6544   0.0000   0.2799
  10.500   2.2354   0.11989   0.11472  -0.1386  0.0368  0.2500  -5.8356   0.0000   0.2768
  11.000   2.2394   0.12351   0.11841  -0.1359  0.0340  0.2500  -6.0089   0.0000   0.2740
  11.500   2.2380   0.12771   0.12268  -0.1337  0.0311  0.2500  -6.1746   0.0000   0.2714
  12.000   2.2364   0.13191   0.12696  -0.1320  0.0283  0.2500  -6.3460   0.0000   0.2691
  12.500   2.2318   0.13644   0.13158  -0.1310  0.0261  0.2500  -6.5083   0.0000   0.2670
  13.000   2.2261   0.14101   0.13625  -0.1307  0.0242  0.2500  -6.6642   0.0000   0.2652
  13.500   2.2195   0.14570   0.14105  -0.1310  0.0228  0.2500  -6.8141   0.0000   0.2637
  14.000   2.2094   0.15075   0.14621  -0.1321  0.0214  0.2500  -6.9462   0.0000   0.2625
  14.500   2.2014   0.15554   0.15111  -0.1336  0.0202  0.2500  -7.0844   0.0000   0.2615
  15.000   2.1856   0.16127   0.15697  -0.1365  0.0188  0.2500  -7.1822   0.0000   0.2612
  15.500   2.1726   0.16665   0.16248  -0.1395  0.0180  0.2500  -7.2894   0.0000   0.2608
  16.000   2.1581   0.17221   0.16816  -0.1432  0.0171  0.2500  -7.3846   0.0000   0.2608
  16.500   2.1387   0.17840   0.17449  -0.1480  0.0163  0.2500  -7.4492   0.0000   0.2614
  17.000   2.1257   0.18380   0.18001  -0.1524  0.0158  0.2500  -7.5423   0.0000   0.2616
  17.500   2.1086   0.18973   0.18608  -0.1576  0.0152  0.2500  -7.6084   0.0000   0.2623
  18.000   2.0906   0.19579   0.19226  -0.1634  0.0145  0.2500  -7.6637   0.0000   0.2633
  18.500   2.0756   0.20142   0.19800  -0.1690  0.0139  0.2500  -7.7306   0.0000   0.2641
  19.000   2.0627   0.20669   0.20338  -0.1744  0.0133  0.2500  -7.8061   0.0000   0.2648
  19.500   2.0489   0.21203   0.20883  -0.1802  0.0127  0.2500  -7.8710   0.0000   0.2657
  20.000   2.0339   0.21748   0.21438  -0.1864  0.0120  0.2500  -7.9236   0.0000   0.2668
  20.500   2.0227   0.22234   0.21934  -0.1921  0.0115  0.2500  -7.9960   0.0000   0.2676
  21.000   2.0154   0.22651   0.22359  -0.1970  0.0110  0.2500  -8.0935   0.0000   0.2679
  21.500   2.0026   0.23148   0.22865  -0.2033  0.0104  0.2500  -8.1470   0.0000   0.2689
  22.000   1.9906   0.23627   0.23354  -0.2096  0.0099  0.2500  -8.2006   0.0000   0.2700
  22.500   1.9800   0.24078   0.23815  -0.2156  0.0095  0.2500  -8.2610   0.0000   0.2708


