xflr5 v6.47

 Calculated polar for: NACA24018_theta30_Ku4.5_Kl0.5_d0.31_delta11.03

 1 1 Reynolds number fixed          Mach number fixed         

 xtrf =   0.250 (top)        0.250 (bottom)
 Mach =   0.000     Re =     1.500 e 6     Ncrit =   5.000

  alpha     CL        CD       CDp       Cm    Top Xtr Bot Xtr   Cpmin    Chinge    XCp    
 ------- -------- --------- --------- -------- ------- ------- -------- --------- ---------
 -15.000  -0.2142   0.04479   0.03904  -0.1565  0.2500  0.0442  -3.7231   0.0000  -0.5465
 -14.500  -0.1399   0.04544   0.03967  -0.1611  0.2500  0.0467  -3.3735   0.0000  -0.9945
 -14.000  -0.0690   0.04620   0.04038  -0.1648  0.2500  0.0490  -3.0521   0.0000  -2.3131
 -13.500   0.0039   0.04712   0.04128  -0.1688  0.2500  0.0524  -2.7556   0.0000  46.2080
 -13.000   0.0753   0.04813   0.04226  -0.1724  0.2500  0.0557  -2.4727   0.0000   2.6724
 -12.500   0.1462   0.04922   0.04333  -0.1758  0.2500  0.0596  -2.2003   0.0000   1.5148
 -12.000   0.2170   0.05040   0.04451  -0.1791  0.2500  0.0648  -1.9455   0.0000   1.1129
 -11.500   0.2871   0.05166   0.04576  -0.1822  0.2500  0.0709  -1.7059   0.0000   0.9100
 -11.000   0.3570   0.05300   0.04710  -0.1852  0.2500  0.0776  -1.4758   0.0000   0.7867
 -10.500   0.4274   0.05444   0.04854  -0.1883  0.2500  0.0863  -1.2629   0.0000   0.7034
 -10.000   0.4981   0.05598   0.05010  -0.1913  0.2500  0.0976  -1.0684   0.0000   0.6433
  -9.500   0.5672   0.05754   0.05168  -0.1939  0.2500  0.1109  -0.9680   0.0000   0.5986
  -9.000   0.6391   0.05930   0.05347  -0.1971  0.2500  0.1301  -0.9886   0.0000   0.5628
  -8.500   0.7143   0.06131   0.05554  -0.2007  0.2500  0.1583  -1.0114   0.0000   0.5336
  -8.000   0.7968   0.06380   0.05813  -0.2055  0.2500  0.2078  -1.0446   0.0000   0.5090
  -7.500   0.8742   0.06618   0.06058  -0.2093  0.2500  0.2500  -1.1268   0.0000   0.4892
  -7.000   0.9276   0.06733   0.06170  -0.2091  0.2500  0.2500  -1.1977   0.0000   0.4741
  -6.500   0.9802   0.06845   0.06280  -0.2087  0.2500  0.2500  -1.2694   0.0000   0.4606
  -6.000   1.0319   0.06954   0.06388  -0.2081  0.2500  0.2500  -1.3411   0.0000   0.4485
  -5.500   1.0830   0.07061   0.06494  -0.2075  0.2500  0.2500  -1.4133   0.0000   0.4375
  -5.000   1.1335   0.07166   0.06599  -0.2067  0.2500  0.2500  -1.4868   0.0000   0.4275
  -4.500   1.1835   0.07272   0.06705  -0.2059  0.2500  0.2500  -1.5668   0.0000   0.4183
  -4.000   1.2331   0.07377   0.06811  -0.2050  0.2500  0.2500  -1.6475   0.0000   0.4097
  -3.500   1.2821   0.07482   0.06918  -0.2040  0.2500  0.2500  -1.7323   0.0000   0.4018
  -3.000   1.3308   0.07587   0.07025  -0.2029  0.2500  0.2500  -1.8177   0.0000   0.3944
  -2.500   1.3789   0.07692   0.07134  -0.2018  0.2500  0.2500  -1.9037   0.0000   0.3875
  -2.000   1.4263   0.07797   0.07241  -0.2005  0.2500  0.2500  -1.9955   0.0000   0.3810
  -1.500   1.4718   0.07901   0.07344  -0.1990  0.2436  0.2500  -2.0888   0.0000   0.3749
  -1.000   1.5162   0.08009   0.07452  -0.1973  0.2371  0.2500  -2.1820   0.0000   0.3690
  -0.500   1.5593   0.08122   0.07563  -0.1955  0.2294  0.2500  -2.2787   0.0000   0.3635
   0.000   1.6017   0.08234   0.07675  -0.1936  0.2222  0.2500  -2.3760   0.0000   0.3582
   0.500   1.6436   0.08346   0.07786  -0.1916  0.2144  0.2500  -2.4779   0.0000   0.3531
   1.000   1.6847   0.08459   0.07898  -0.1896  0.2068  0.2500  -2.5847   0.0000   0.3482
   1.500   1.7254   0.08572   0.08012  -0.1875  0.2000  0.2500  -2.6942   0.0000   0.3435
   2.000   1.7650   0.08690   0.08129  -0.1853  0.1922  0.2500  -2.8107   0.0000   0.3389
   2.500   1.8037   0.08810   0.08251  -0.1830  0.1851  0.2500  -2.9277   0.0000   0.3345
   3.000   1.8410   0.08934   0.08375  -0.1805  0.1775  0.2500  -3.0544   0.0000   0.3302
   3.500   1.8744   0.09081   0.08520  -0.1777  0.1688  0.2500  -3.1807   0.0000   0.3260
   4.000   1.9082   0.09224   0.08667  -0.1749  0.1623  0.2500  -3.3164   0.0000   0.3219
   4.500   1.9398   0.09375   0.08817  -0.1720  0.1532  0.2500  -3.4630   0.0000   0.3179
   5.000   1.9708   0.09526   0.08969  -0.1690  0.1453  0.2500  -3.6227   0.0000   0.3140
   5.500   1.9996   0.09694   0.09139  -0.1659  0.1377  0.2500  -3.7842   0.0000   0.3102
   6.000   2.0242   0.09894   0.09339  -0.1625  0.1286  0.2500  -3.9533   0.0000   0.3064
   6.500   2.0485   0.10089   0.09534  -0.1592  0.1195  0.2500  -4.1267   0.0000   0.3027
   7.000   2.0699   0.10311   0.09759  -0.1558  0.1121  0.2500  -4.2992   0.0000   0.2991
   7.500   2.0904   0.10537   0.09989  -0.1525  0.1044  0.2500  -4.4861   0.0000   0.2956
   8.000   2.1063   0.10806   0.10260  -0.1490  0.0967  0.2500  -4.6633   0.0000   0.2921
   8.500   2.1204   0.11087   0.10544  -0.1457  0.0892  0.2500  -4.8444   0.0000   0.2888
   9.000   2.1306   0.11403   0.10864  -0.1424  0.0822  0.2500  -5.0264   0.0000   0.2855
   9.500   2.1374   0.11754   0.11221  -0.1394  0.0756  0.2500  -5.1992   0.0000   0.2825
  10.000   2.1422   0.12124   0.11598  -0.1368  0.0693  0.2500  -5.3664   0.0000   0.2796
  10.500   2.1445   0.12521   0.12002  -0.1346  0.0636  0.2500  -5.5253   0.0000   0.2770
  11.000   2.1443   0.12946   0.12435  -0.1330  0.0587  0.2500  -5.6749   0.0000   0.2746
  11.500   2.1409   0.13404   0.12903  -0.1320  0.0542  0.2500  -5.8125   0.0000   0.2726
  12.000   2.1361   0.13878   0.13387  -0.1318  0.0502  0.2500  -5.9490   0.0000   0.2708
  12.500   2.1308   0.14359   0.13882  -0.1321  0.0470  0.2500  -6.0853   0.0000   0.2694
  13.000   2.1216   0.14885   0.14419  -0.1334  0.0439  0.2500  -6.2050   0.0000   0.2683
  13.500   2.1123   0.15413   0.14961  -0.1353  0.0411  0.2500  -6.3282   0.0000   0.2676
  14.000   2.0997   0.15982   0.15544  -0.1382  0.0386  0.2500  -6.4324   0.0000   0.2673
  14.500   2.0845   0.16584   0.16160  -0.1419  0.0362  0.2500  -6.5195   0.0000   0.2675
  15.000   2.0692   0.17185   0.16776  -0.1461  0.0341  0.2500  -6.6011   0.0000   0.2679
  15.500   2.0525   0.17804   0.17409  -0.1509  0.0321  0.2500  -6.6700   0.0000   0.2686
  16.000   2.0356   0.18432   0.18052  -0.1562  0.0303  0.2500  -6.7313   0.0000   0.2695
  16.500   2.0196   0.19045   0.18678  -0.1617  0.0285  0.2500  -6.7919   0.0000   0.2706
  17.000   2.0044   0.19649   0.19295  -0.1675  0.0270  0.2500  -6.8513   0.0000   0.2717
  17.500   1.9889   0.20256   0.19914  -0.1736  0.0253  0.2500  -6.9024   0.0000   0.2730
  18.000   1.9754   0.20829   0.20499  -0.1796  0.0239  0.2500  -6.9604   0.0000   0.2743
  18.500   1.9633   0.21379   0.21060  -0.1856  0.0224  0.2500  -7.0214   0.0000   0.2755
  19.000   1.9519   0.21912   0.21604  -0.1916  0.0211  0.2500  -7.0825   0.0000   0.2766
  19.500   1.9444   0.22380   0.22082  -0.1970  0.0199  0.2500  -7.1657   0.0000   0.2773
  20.000   1.9331   0.22902   0.22613  -0.2034  0.0187  0.2500  -7.2175   0.0000   0.2786
  20.500   1.9250   0.23368   0.23089  -0.2092  0.0178  0.2500  -7.2875   0.0000   0.2796
  21.000   1.9156   0.23848   0.23579  -0.2154  0.0169  0.2500  -7.3429   0.0000   0.2807
  21.500   1.9080   0.24295   0.24035  -0.2213  0.0160  0.2500  -7.4090   0.0000   0.2816


