xflr5 v6.47

 Calculated polar for: NACA24018_theta30_Ku4.5_Kl0.5_d0.00_delta0.00

 1 1 Reynolds number fixed          Mach number fixed         

 xtrf =   0.250 (top)        0.250 (bottom)
 Mach =   0.000     Re =     0.800 e 6     Ncrit =   5.000

  alpha     CL        CD       CDp       Cm    Top Xtr Bot Xtr   Cpmin    Chinge    XCp    
 ------- -------- --------- --------- -------- ------- ------- -------- --------- ---------
 -15.000  -0.9994   0.02841   0.02063  -0.0957  0.2500  0.0274  -6.6471   0.0000   0.1297
 -14.500  -0.9797   0.02651   0.01864  -0.0932  0.2500  0.0281  -6.4041   0.0000   0.1313
 -14.000  -0.9577   0.02486   0.01689  -0.0904  0.2500  0.0289  -6.1547   0.0000   0.1329
 -13.500  -0.9338   0.02343   0.01534  -0.0873  0.2500  0.0296  -5.9008   0.0000   0.1346
 -13.000  -0.9106   0.02205   0.01389  -0.0839  0.2500  0.0305  -5.6606   0.0000   0.1368
 -12.500  -0.8842   0.02089   0.01268  -0.0804  0.2500  0.0314  -5.4106   0.0000   0.1387
 -12.000  -0.8555   0.01992   0.01163  -0.0770  0.2500  0.0326  -5.1558   0.0000   0.1404
 -11.500  -0.8255   0.01904   0.01066  -0.0734  0.2500  0.0337  -4.9018   0.0000   0.1421
 -11.000  -0.7957   0.01818   0.00977  -0.0696  0.2500  0.0349  -4.6511   0.0000   0.1441
 -10.500  -0.7632   0.01747   0.00899  -0.0660  0.2500  0.0363  -4.4002   0.0000   0.1457
 -10.000  -0.7293   0.01683   0.00829  -0.0624  0.2500  0.0377  -4.1566   0.0000   0.1472
  -9.500  -0.6956   0.01620   0.00763  -0.0586  0.2500  0.0395  -3.9165   0.0000   0.1490
  -9.000  -0.6597   0.01567   0.00704  -0.0550  0.2500  0.0414  -3.6761   0.0000   0.1503
  -8.500  -0.6242   0.01514   0.00649  -0.0512  0.2500  0.0434  -3.4427   0.0000   0.1520
  -8.000  -0.5876   0.01471   0.00603  -0.0475  0.2500  0.0459  -3.2196   0.0000   0.1536
  -7.500  -0.5521   0.01435   0.00564  -0.0435  0.2500  0.0485  -3.0042   0.0000   0.1561
  -7.000  -0.5148   0.01405   0.00531  -0.0397  0.2500  0.0515  -2.7893   0.0000   0.1581
  -6.500  -0.4740   0.01371   0.00496  -0.0366  0.2500  0.0554  -2.5722   0.0000   0.1583
  -6.000  -0.4312   0.01340   0.00464  -0.0338  0.2500  0.0594  -2.3649   0.0000   0.1572
  -5.500  -0.3871   0.01312   0.00435  -0.0313  0.2500  0.0646  -2.1610   0.0000   0.1548
  -5.000  -0.3422   0.01285   0.00409  -0.0289  0.2500  0.0705  -1.9649   0.0000   0.1512
  -4.500  -0.2967   0.01259   0.00384  -0.0266  0.2500  0.0782  -1.7784   0.0000   0.1458
  -4.000  -0.2506   0.01235   0.00362  -0.0244  0.2500  0.0879  -1.6034   0.0000   0.1377
  -3.500  -0.2043   0.01210   0.00342  -0.0223  0.2500  0.1009  -1.4344   0.0000   0.1256
  -3.000  -0.1577   0.01186   0.00324  -0.0202  0.2500  0.1189  -1.2755   0.0000   0.1056
  -2.500  -0.1119   0.01157   0.00306  -0.0180  0.2500  0.1476  -1.1250   0.0000   0.0711
  -2.000  -0.0687   0.01115   0.00286  -0.0153  0.2500  0.2057  -0.9885   0.0000   0.0051
  -1.500  -0.0227   0.01087   0.00272  -0.0131  0.2500  0.2500  -0.8570   0.0000  -0.3706
  -1.000   0.0288   0.01088   0.00267  -0.0119  0.2500  0.2500  -0.7894   0.0000   0.6776
  -0.500   0.0802   0.01090   0.00265  -0.0106  0.2500  0.2500  -0.8478   0.0000   0.3812
   0.000   0.1315   0.01093   0.00265  -0.0094  0.2500  0.2500  -0.9084   0.0000   0.3164
   0.500   0.1827   0.01096   0.00266  -0.0082  0.2500  0.2500  -0.9702   0.0000   0.2879
   1.000   0.2338   0.01101   0.00269  -0.0069  0.2500  0.2500  -1.0349   0.0000   0.2717
   1.500   0.2846   0.01106   0.00274  -0.0056  0.2500  0.2500  -1.1001   0.0000   0.2612
   2.000   0.3351   0.01112   0.00280  -0.0043  0.2500  0.2500  -1.1677   0.0000   0.2537
   2.500   0.3853   0.01120   0.00289  -0.0030  0.2500  0.2500  -1.2379   0.0000   0.2480
   3.000   0.4351   0.01128   0.00299  -0.0016  0.2500  0.2500  -1.3110   0.0000   0.2433
   3.500   0.4843   0.01137   0.00311  -0.0001  0.2500  0.2500  -1.3850   0.0000   0.2394
   4.000   0.5329   0.01148   0.00325   0.0015  0.2500  0.2500  -1.4623   0.0000   0.2359
   4.500   0.5808   0.01160   0.00341   0.0033  0.2500  0.2500  -1.5397   0.0000   0.2327
   5.000   0.6277   0.01173   0.00359   0.0051  0.2500  0.2500  -1.6203   0.0000   0.2296
   5.500   0.6716   0.01188   0.00377   0.0076  0.2488  0.2500  -1.6994   0.0000   0.2260
   6.000   0.7125   0.01208   0.00398   0.0106  0.2424  0.2500  -1.7787   0.0000   0.2219
   6.500   0.7539   0.01229   0.00421   0.0134  0.2358  0.2500  -1.8651   0.0000   0.2184
   7.000   0.7946   0.01258   0.00451   0.0162  0.2295  0.2500  -1.9519   0.0000   0.2151
   7.500   0.8357   0.01290   0.00484   0.0189  0.2228  0.2500  -2.0411   0.0000   0.2123
   8.000   0.8757   0.01326   0.00522   0.0217  0.2169  0.2500  -2.1345   0.0000   0.2095
   8.500   0.9157   0.01362   0.00562   0.0244  0.2107  0.2500  -2.2320   0.0000   0.2070
   9.000   0.9538   0.01405   0.00608   0.0273  0.2046  0.2500  -2.3304   0.0000   0.2044
   9.500   0.9918   0.01450   0.00657   0.0301  0.1982  0.2500  -2.4320   0.0000   0.2019
  10.000   1.0278   0.01502   0.00712   0.0330  0.1925  0.2500  -2.5358   0.0000   0.1993
  10.500   1.0635   0.01557   0.00772   0.0359  0.1862  0.2500  -2.6510   0.0000   0.1969
  11.000   1.0969   0.01622   0.00841   0.0390  0.1800  0.2500  -2.7641   0.0000   0.1944
  11.500   1.1287   0.01696   0.00919   0.0421  0.1730  0.2500  -2.8903   0.0000   0.1918
  12.000   1.1598   0.01776   0.01006   0.0451  0.1673  0.2500  -3.0176   0.0000   0.1893
  12.500   1.1871   0.01878   0.01111   0.0484  0.1603  0.2500  -3.1397   0.0000   0.1866
  13.000   1.2148   0.01985   0.01224   0.0513  0.1532  0.2500  -3.2756   0.0000   0.1842
  13.500   1.2385   0.02118   0.01362   0.0544  0.1475  0.2500  -3.4142   0.0000   0.1816
  14.000   1.2620   0.02262   0.01513   0.0571  0.1414  0.2500  -3.5577   0.0000   0.1793
  14.500   1.2810   0.02442   0.01700   0.0598  0.1344  0.2500  -3.7028   0.0000   0.1767
  15.500   1.3112   0.02901   0.02173   0.0645  0.1213  0.2500  -3.9847   0.0000   0.1720
  16.000   1.3207   0.03201   0.02480   0.0663  0.1153  0.2500  -4.1157   0.0000   0.1698
  16.500   1.3248   0.03569   0.02856   0.0677  0.1088  0.2500  -4.2348   0.0000   0.1676
  17.000   1.3283   0.03970   0.03268   0.0685  0.1031  0.2500  -4.3536   0.0000   0.1659
  17.500   1.3233   0.04479   0.03786   0.0688  0.0978  0.2500  -4.4471   0.0000   0.1641
  18.000   1.3156   0.05046   0.04366   0.0684  0.0926  0.2500  -4.5315   0.0000   0.1626
  18.500   1.3014   0.05714   0.05046   0.0674  0.0880  0.2500  -4.5930   0.0000   0.1614
  19.000   1.2795   0.06500   0.05845   0.0657  0.0833  0.2500  -4.6270   0.0000   0.1603
  19.500   1.2587   0.07307   0.06666   0.0634  0.0793  0.2500  -4.6588   0.0000   0.1597
  20.000   1.2283   0.08264   0.07636   0.0603  0.0751  0.2500  -4.6485   0.0000   0.1594
  20.500   1.2060   0.09145   0.08531   0.0571  0.0712  0.2500  -4.6639   0.0000   0.1597
  21.000   1.1775   0.10136   0.09533   0.0532  0.0673  0.2500  -4.6488   0.0000   0.1603
  21.500   1.1602   0.10990   0.10399   0.0495  0.0636  0.2500  -4.6718   0.0000   0.1614
  22.000   1.1393   0.11915   0.11334   0.0453  0.0601  0.2500  -4.6729   0.0000   0.1628
  22.500   1.1255   0.12745   0.12174   0.0412  0.0565  0.2500  -4.6981   0.0000   0.1645
  23.000   1.1141   0.13552   0.12991   0.0369  0.0533  0.2500  -4.7276   0.0000   0.1665
  23.500   1.1030   0.14357   0.13803   0.0324  0.0499  0.2500  -4.7524   0.0000   0.1688
  24.000   1.0974   0.15081   0.14536   0.0282  0.0470  0.2500  -4.8021   0.0000   0.1710
  24.500   1.0889   0.15856   0.15317   0.0234  0.0442  0.2500  -4.8321   0.0000   0.1737
  25.000   1.0870   0.16523   0.15993   0.0191  0.0416  0.2500  -4.8939   0.0000   0.1761


