xflr5 v6.47

 Calculated polar for: NACA24018_theta30_Ku4.5_Kl0.5_d0.17_delta4.56

 1 1 Reynolds number fixed          Mach number fixed         

 xtrf =   0.250 (top)        0.250 (bottom)
 Mach =   0.000     Re =     0.800 e 6     Ncrit =   5.000

  alpha     CL        CD       CDp       Cm    Top Xtr Bot Xtr   Cpmin    Chinge    XCp    
 ------- -------- --------- --------- -------- ------- ------- -------- --------- ---------
 -15.000  -0.7562   0.03022   0.02299  -0.1141  0.2500  0.0340  -5.6546   0.0000   0.0730
 -14.500  -0.7461   0.02853   0.02123  -0.1101  0.2500  0.0349  -5.4637   0.0000   0.0775
 -14.000  -0.7427   0.02701   0.01964  -0.1045  0.2500  0.0357  -5.2954   0.0000   0.0856
 -13.500  -0.7315   0.02561   0.01814  -0.0999  0.2500  0.0366  -5.1036   0.0000   0.0910
 -13.000  -0.7005   0.02427   0.01675  -0.0982  0.2500  0.0377  -4.8583   0.0000   0.0878
 -12.500  -0.6580   0.02319   0.01561  -0.0980  0.2500  0.0392  -4.5801   0.0000   0.0794
 -12.000  -0.6083   0.02230   0.01464  -0.0986  0.2500  0.0409  -4.2864   0.0000   0.0662
 -11.500  -0.5539   0.02151   0.01381  -0.0999  0.2500  0.0430  -3.9845   0.0000   0.0476
 -11.000  -0.4955   0.02088   0.01312  -0.1017  0.2500  0.0451  -3.6867   0.0000   0.0223
 -10.500  -0.4344   0.02034   0.01254  -0.1037  0.2500  0.0478  -3.3951   0.0000  -0.0124
 -10.000  -0.3711   0.01991   0.01207  -0.1061  0.2500  0.0509  -3.1064   0.0000  -0.0611
  -9.500  -0.3064   0.01957   0.01170  -0.1085  0.2500  0.0544  -2.8240   0.0000  -0.1320
  -9.000  -0.2406   0.01932   0.01142  -0.1110  0.2500  0.0588  -2.5592   0.0000  -0.2437
  -8.500  -0.1736   0.01913   0.01121  -0.1137  0.2500  0.0639  -2.3003   0.0000  -0.4457
  -8.000  -0.1055   0.01900   0.01108  -0.1165  0.2500  0.0699  -2.0483   0.0000  -0.9141
  -7.500  -0.0370   0.01894   0.01102  -0.1193  0.2500  0.0774  -1.8138   0.0000  -3.1299
  -7.000   0.0319   0.01893   0.01102  -0.1221  0.2500  0.0872  -1.5918   0.0000   4.2341
  -6.500   0.1020   0.01898   0.01110  -0.1251  0.2500  0.1003  -1.3866   0.0000   1.5210
  -6.000   0.1729   0.01907   0.01124  -0.1283  0.2500  0.1181  -1.1941   0.0000   1.0143
  -5.500   0.2459   0.01922   0.01146  -0.1318  0.2500  0.1455  -1.0060   0.0000   0.7994
  -5.000   0.3298   0.01942   0.01187  -0.1376  0.2500  0.2098  -0.8195   0.0000   0.6752
  -4.500   0.4042   0.01971   0.01224  -0.1413  0.2500  0.2500  -0.8860   0.0000   0.6046
  -4.000   0.4649   0.02000   0.01248  -0.1421  0.2500  0.2500  -0.9534   0.0000   0.5587
  -3.500   0.5251   0.02031   0.01275  -0.1429  0.2500  0.2500  -1.0213   0.0000   0.5235
  -3.000   0.5847   0.02064   0.01304  -0.1435  0.2500  0.2500  -1.0898   0.0000   0.4955
  -2.500   0.6439   0.02098   0.01336  -0.1440  0.2500  0.2500  -1.1588   0.0000   0.4727
  -2.000   0.7025   0.02134   0.01371  -0.1445  0.2500  0.2500  -1.2343   0.0000   0.4537
  -1.500   0.7605   0.02171   0.01409  -0.1448  0.2500  0.2500  -1.3103   0.0000   0.4375
  -1.000   0.8178   0.02211   0.01449  -0.1450  0.2500  0.2500  -1.3896   0.0000   0.4236
  -0.500   0.8746   0.02252   0.01492  -0.1451  0.2500  0.2500  -1.4723   0.0000   0.4115
   0.000   0.9308   0.02296   0.01538  -0.1450  0.2500  0.2500  -1.5563   0.0000   0.4007
   0.500   0.9863   0.02342   0.01588  -0.1449  0.2500  0.2500  -1.6408   0.0000   0.3911
   1.000   1.0410   0.02391   0.01641  -0.1447  0.2500  0.2500  -1.7273   0.0000   0.3824
   1.500   1.0947   0.02444   0.01699  -0.1442  0.2500  0.2500  -1.8191   0.0000   0.3745
   2.000   1.1475   0.02500   0.01761  -0.1436  0.2500  0.2500  -1.9111   0.0000   0.3672
   2.500   1.1995   0.02560   0.01827  -0.1429  0.2500  0.2500  -2.0081   0.0000   0.3605
   3.000   1.2501   0.02626   0.01897  -0.1420  0.2447  0.2500  -2.1077   0.0000   0.3543
   3.500   1.2994   0.02699   0.01972  -0.1409  0.2368  0.2500  -2.2072   0.0000   0.3484
   4.000   1.3476   0.02777   0.02052  -0.1397  0.2298  0.2500  -2.3109   0.0000   0.3429
   4.500   1.3948   0.02859   0.02138  -0.1383  0.2228  0.2500  -2.4182   0.0000   0.3376
   5.000   1.4395   0.02953   0.02235  -0.1365  0.2157  0.2500  -2.5287   0.0000   0.3325
   5.500   1.4834   0.03053   0.02339  -0.1347  0.2085  0.2500  -2.6439   0.0000   0.3277
   6.000   1.5263   0.03158   0.02449  -0.1327  0.2017  0.2500  -2.7638   0.0000   0.3231
   6.500   1.5668   0.03277   0.02572  -0.1305  0.1945  0.2500  -2.8846   0.0000   0.3186
   7.000   1.6061   0.03404   0.02706  -0.1282  0.1881  0.2500  -3.0113   0.0000   0.3142
   7.500   1.6429   0.03546   0.02852  -0.1256  0.1808  0.2500  -3.1445   0.0000   0.3100
   8.000   1.6785   0.03698   0.03012  -0.1229  0.1736  0.2500  -3.2869   0.0000   0.3058
   8.500   1.7110   0.03873   0.03192  -0.1199  0.1662  0.2500  -3.4366   0.0000   0.3018
   9.000   1.7409   0.04069   0.03395  -0.1168  0.1587  0.2500  -3.5905   0.0000   0.2978
   9.500   1.7689   0.04282   0.03616  -0.1136  0.1513  0.2500  -3.7593   0.0000   0.2940
  10.000   1.7928   0.04533   0.03874  -0.1102  0.1439  0.2500  -3.9213   0.0000   0.2902
  10.500   1.8133   0.04820   0.04170  -0.1068  0.1366  0.2500  -4.0774   0.0000   0.2866
  11.000   1.8315   0.05140   0.04499  -0.1036  0.1287  0.2500  -4.2388   0.0000   0.2831
  11.500   1.8450   0.05512   0.04882  -0.1005  0.1212  0.2500  -4.3979   0.0000   0.2799
  12.000   1.8551   0.05933   0.05314  -0.0977  0.1150  0.2500  -4.5543   0.0000   0.2768
  12.500   1.8600   0.06423   0.05816  -0.0952  0.1088  0.2500  -4.6965   0.0000   0.2741
  13.000   1.8621   0.06960   0.06367  -0.0933  0.1023  0.2500  -4.8313   0.0000   0.2718
  13.500   1.8579   0.07582   0.07003  -0.0920  0.0958  0.2500  -4.9502   0.0000   0.2698
  14.000   1.8488   0.08284   0.07720  -0.0916  0.0901  0.2500  -5.0519   0.0000   0.2684
  14.500   1.8348   0.09064   0.08517  -0.0922  0.0851  0.2500  -5.1385   0.0000   0.2677
  15.000   1.8183   0.09892   0.09362  -0.0937  0.0803  0.2500  -5.2136   0.0000   0.2675
  15.500   1.8008   0.10748   0.10237  -0.0963  0.0758  0.2500  -5.2786   0.0000   0.2678
  16.000   1.7795   0.11669   0.11175  -0.1000  0.0718  0.2500  -5.3208   0.0000   0.2690
  16.500   1.7568   0.12617   0.12141  -0.1047  0.0678  0.2500  -5.3489   0.0000   0.2707
  17.000   1.7386   0.13511   0.13052  -0.1098  0.0640  0.2500  -5.3867   0.0000   0.2726
  17.500   1.7190   0.14432   0.13987  -0.1157  0.0604  0.2500  -5.4100   0.0000   0.2750
  18.000   1.6999   0.15348   0.14917  -0.1221  0.0567  0.2500  -5.4268   0.0000   0.2778
  18.500   1.6877   0.16163   0.15745  -0.1282  0.0533  0.2500  -5.4681   0.0000   0.2802
  19.000   1.6772   0.16953   0.16547  -0.1345  0.0501  0.2500  -5.5150   0.0000   0.2827
  19.500   1.6671   0.17739   0.17342  -0.1412  0.0470  0.2500  -5.5584   0.0000   0.2853
  20.000   1.6610   0.18461   0.18076  -0.1475  0.0440  0.2500  -5.6171   0.0000   0.2877
  20.500   1.6562   0.19159   0.18783  -0.1539  0.0413  0.2500  -5.6784   0.0000   0.2899
  21.000   1.6508   0.19866   0.19499  -0.1607  0.0388  0.2500  -5.7408   0.0000   0.2925
  21.500   1.6484   0.20517   0.20160  -0.1671  0.0364  0.2500  -5.8181   0.0000   0.2946
  22.000   1.6467   0.21151   0.20803  -0.1736  0.0343  0.2500  -5.8953   0.0000   0.2967
  22.500   1.6442   0.21792   0.21453  -0.1803  0.0323  0.2500  -5.9633   0.0000   0.2990
  23.000   1.6454   0.22361   0.22031  -0.1865  0.0304  0.2500  -6.0538   0.0000   0.3007
  23.500   1.6438   0.22978   0.22655  -0.1934  0.0286  0.2500  -6.1198   0.0000   0.3030
  24.000   1.6455   0.23527   0.23213  -0.1996  0.0270  0.2500  -6.2071   0.0000   0.3046
  24.500   1.6449   0.24114   0.23807  -0.2064  0.0255  0.2500  -6.2723   0.0000   0.3067
  25.000   1.6474   0.24630   0.24333  -0.2126  0.0240  0.2500  -6.3609   0.0000   0.3081


