xflr5 v6.47

 Calculated polar for: NACA24018_theta30_Ku4.5_Kl0.5_d0.10_delta2.45

 1 1 Reynolds number fixed          Mach number fixed         

 xtrf =   0.250 (top)        0.250 (bottom)
 Mach =   0.000     Re =     0.500 e 6     Ncrit =   5.000

  alpha     CL        CD       CDp       Cm    Top Xtr Bot Xtr   Cpmin    Chinge    XCp    
 ------- -------- --------- --------- -------- ------- ------- -------- --------- ---------
 -15.000  -0.7462   0.03363   0.02557  -0.1210  0.2500  0.0352  -5.6026   0.0000   0.0598
 -14.500  -0.7264   0.03153   0.02334  -0.1192  0.2500  0.0363  -5.3914   0.0000   0.0589
 -14.000  -0.7083   0.02951   0.02123  -0.1168  0.2500  0.0372  -5.1863   0.0000   0.0590
 -13.500  -0.6886   0.02776   0.01941  -0.1142  0.2500  0.0383  -4.9730   0.0000   0.0591
 -13.000  -0.6667   0.02628   0.01784  -0.1112  0.2500  0.0395  -4.7536   0.0000   0.0589
 -12.500  -0.6435   0.02499   0.01644  -0.1080  0.2500  0.0409  -4.5428   0.0000   0.0587
 -12.000  -0.6236   0.02368   0.01508  -0.1041  0.2500  0.0423  -4.3432   0.0000   0.0604
 -11.500  -0.6022   0.02258   0.01393  -0.0999  0.2500  0.0438  -4.1400   0.0000   0.0622
 -11.000  -0.5814   0.02163   0.01289  -0.0953  0.2500  0.0454  -3.9418   0.0000   0.0650
 -10.500  -0.5666   0.02073   0.01194  -0.0894  0.2500  0.0468  -3.7623   0.0000   0.0721
 -10.000  -0.5480   0.01991   0.01109  -0.0839  0.2500  0.0488  -3.5735   0.0000   0.0776
  -9.500  -0.5154   0.01917   0.01027  -0.0806  0.2500  0.0512  -3.3610   0.0000   0.0746
  -9.000  -0.4781   0.01840   0.00948  -0.0782  0.2500  0.0540  -3.1405   0.0000   0.0677
  -8.500  -0.4347   0.01780   0.00881  -0.0766  0.2500  0.0574  -2.9104   0.0000   0.0549
  -8.000  -0.3883   0.01717   0.00818  -0.0756  0.2500  0.0614  -2.6875   0.0000   0.0361
  -7.500  -0.3383   0.01664   0.00763  -0.0751  0.2500  0.0662  -2.4645   0.0000   0.0081
  -7.000  -0.2858   0.01620   0.00715  -0.0749  0.2500  0.0717  -2.2423   0.0000  -0.0334
  -6.500  -0.2315   0.01580   0.00674  -0.0751  0.2500  0.0790  -2.0225   0.0000  -0.0978
  -6.000  -0.1755   0.01544   0.00639  -0.0755  0.2500  0.0877  -1.8083   0.0000  -0.2074
  -5.500  -0.1181   0.01512   0.00610  -0.0761  0.2500  0.0997  -1.6130   0.0000  -0.4299
  -5.000  -0.0595   0.01484   0.00586  -0.0770  0.2500  0.1165  -1.4271   0.0000  -1.1057
  -4.500   0.0010   0.01455   0.00566  -0.0782  0.2500  0.1437  -1.2516   0.0000  79.6665
  -4.000   0.0658   0.01418   0.00549  -0.0804  0.2500  0.1980  -1.0776   0.0000   1.5119
  -3.500   0.1309   0.01395   0.00540  -0.0826  0.2500  0.2500  -0.9165   0.0000   0.8962
  -3.000   0.1887   0.01403   0.00540  -0.0829  0.2500  0.2500  -0.8039   0.0000   0.6968
  -2.500   0.2462   0.01414   0.00544  -0.0831  0.2500  0.2500  -0.8663   0.0000   0.5910
  -2.000   0.3034   0.01426   0.00552  -0.0833  0.2500  0.2500  -0.9294   0.0000   0.5254
  -1.500   0.3603   0.01441   0.00563  -0.0834  0.2500  0.2500  -0.9942   0.0000   0.4806
  -1.000   0.4168   0.01457   0.00577  -0.0834  0.2500  0.2500  -1.0626   0.0000   0.4480
  -0.500   0.4729   0.01476   0.00594  -0.0834  0.2500  0.2500  -1.1335   0.0000   0.4231
   0.000   0.5286   0.01496   0.00614  -0.0833  0.2500  0.2500  -1.2050   0.0000   0.4035
   0.500   0.5835   0.01519   0.00638  -0.0831  0.2500  0.2500  -1.2785   0.0000   0.3875
   1.000   0.6379   0.01545   0.00665  -0.0828  0.2500  0.2500  -1.3542   0.0000   0.3741
   1.500   0.6917   0.01572   0.00696  -0.0824  0.2500  0.2500  -1.4303   0.0000   0.3628
   2.000   0.7450   0.01603   0.00730  -0.0819  0.2500  0.2500  -1.5111   0.0000   0.3530
   2.500   0.7978   0.01635   0.00768  -0.0814  0.2500  0.2500  -1.5958   0.0000   0.3444
   3.000   0.8499   0.01671   0.00809  -0.0808  0.2500  0.2500  -1.6809   0.0000   0.3367
   3.500   0.9012   0.01710   0.00855  -0.0800  0.2500  0.2500  -1.7660   0.0000   0.3299
   4.000   0.9512   0.01754   0.00906  -0.0791  0.2500  0.2500  -1.8561   0.0000   0.3236
   4.500   1.0003   0.01802   0.00962  -0.0780  0.2500  0.2500  -1.9495   0.0000   0.3178
   5.000   1.0486   0.01855   0.01025  -0.0769  0.2500  0.2500  -2.0430   0.0000   0.3124
   5.500   1.0963   0.01910   0.01088  -0.0757  0.2440  0.2500  -2.1396   0.0000   0.3075
   6.000   1.1397   0.01983   0.01163  -0.0739  0.2366  0.2500  -2.2399   0.0000   0.3025
   6.500   1.1844   0.02052   0.01240  -0.0723  0.2303  0.2500  -2.3427   0.0000   0.2981
   7.000   1.2256   0.02137   0.01330  -0.0704  0.2233  0.2500  -2.4451   0.0000   0.2937
   7.500   1.2671   0.02221   0.01423  -0.0685  0.2165  0.2500  -2.5539   0.0000   0.2895
   8.000   1.3051   0.02325   0.01532  -0.0662  0.2098  0.2500  -2.6667   0.0000   0.2855
   8.500   1.3437   0.02428   0.01646  -0.0642  0.2037  0.2500  -2.7816   0.0000   0.2817
   9.000   1.3778   0.02557   0.01781  -0.0617  0.1967  0.2500  -2.8985   0.0000   0.2778
   9.500   1.4125   0.02688   0.01924  -0.0595  0.1902  0.2500  -3.0240   0.0000   0.2743
  10.000   1.4423   0.02853   0.02096  -0.0569  0.1835  0.2500  -3.1552   0.0000   0.2707
  10.500   1.4734   0.03019   0.02275  -0.0547  0.1771  0.2500  -3.2937   0.0000   0.2675
  11.500   1.5240   0.03450   0.02728  -0.0501  0.1632  0.2500  -3.5731   0.0000   0.2613
  12.000   1.5432   0.03728   0.03016  -0.0478  0.1565  0.2500  -3.7151   0.0000   0.2584
  12.500   1.5629   0.04018   0.03319  -0.0460  0.1496  0.2500  -3.8603   0.0000   0.2558
  13.000   1.5770   0.04369   0.03683  -0.0444  0.1434  0.2500  -4.0009   0.0000   0.2534
  13.500   1.5866   0.04779   0.04106  -0.0431  0.1365  0.2500  -4.1367   0.0000   0.2512
  14.000   1.5940   0.05233   0.04576  -0.0423  0.1300  0.2500  -4.2673   0.0000   0.2494
  14.500   1.5918   0.05807   0.05163  -0.0421  0.1237  0.2500  -4.3728   0.0000   0.2481
  15.000   1.5915   0.06390   0.05764  -0.0425  0.1175  0.2500  -4.4834   0.0000   0.2470
  15.500   1.5812   0.07108   0.06499  -0.0436  0.1120  0.2500  -4.5606   0.0000   0.2466
  16.000   1.5678   0.07891   0.07300  -0.0455  0.1062  0.2500  -4.6239   0.0000   0.2467
  16.500   1.5499   0.08751   0.08179  -0.0481  0.1012  0.2500  -4.6686   0.0000   0.2473
  17.000   1.5275   0.09690   0.09135  -0.0517  0.0957  0.2500  -4.6939   0.0000   0.2486
  17.500   1.5083   0.10602   0.10065  -0.0557  0.0908  0.2500  -4.7231   0.0000   0.2503
  18.000   1.4836   0.11604   0.11081  -0.0608  0.0859  0.2500  -4.7234   0.0000   0.2528
  18.500   1.4710   0.12446   0.11939  -0.0655  0.0810  0.2500  -4.7670   0.0000   0.2549
  19.000   1.4536   0.13363   0.12867  -0.0712  0.0763  0.2500  -4.7886   0.0000   0.2578
  19.500   1.4429   0.14187   0.13704  -0.0767  0.0716  0.2500  -4.8355   0.0000   0.2605
  20.000   1.4343   0.14986   0.14515  -0.0824  0.0673  0.2500  -4.8853   0.0000   0.2633
  20.500   1.4241   0.15814   0.15351  -0.0887  0.0630  0.2500  -4.9212   0.0000   0.2665
  21.000   1.4215   0.16521   0.16071  -0.0944  0.0590  0.2500  -4.9893   0.0000   0.2691
  21.500   1.4164   0.17269   0.16826  -0.1007  0.0554  0.2500  -5.0393   0.0000   0.2721
  22.000   1.4152   0.17955   0.17522  -0.1066  0.0518  0.2500  -5.1056   0.0000   0.2748
  22.500   1.4139   0.18644   0.18220  -0.1129  0.0486  0.2500  -5.1661   0.0000   0.2776
  23.000   1.4126   0.19331   0.18915  -0.1193  0.0455  0.2500  -5.2218   0.0000   0.2805
  23.500   1.4139   0.19971   0.19565  -0.1255  0.0427  0.2500  -5.2885   0.0000   0.2831
  24.000   1.4141   0.20627   0.20226  -0.1320  0.0400  0.2500  -5.3450   0.0000   0.2860
  24.500   1.4172   0.21230   0.20840  -0.1382  0.0375  0.2500  -5.4204   0.0000   0.2884
  25.000   1.4182   0.21863   0.21478  -0.1449  0.0353  0.2500  -5.4798   0.0000   0.2912


