xflr5 v6.47

 Calculated polar for: NACA24018_theta30_Ku4.5_Kl0.5_d0.17_delta4.56

 1 1 Reynolds number fixed          Mach number fixed         

 xtrf =   0.250 (top)        0.250 (bottom)
 Mach =   0.000     Re =     2.500 e 6     Ncrit =   5.000

  alpha     CL        CD       CDp       Cm    Top Xtr Bot Xtr   Cpmin    Chinge    XCp    
 ------- -------- --------- --------- -------- ------- ------- -------- --------- ---------
 -15.000  -0.8797   0.02189   0.01559  -0.1071  0.2500  0.0268  -6.2120   0.0000   0.1047
 -14.500  -0.8369   0.02088   0.01454  -0.1069  0.2500  0.0277  -5.8881   0.0000   0.0992
 -14.000  -0.7867   0.02007   0.01369  -0.1076  0.2500  0.0287  -5.5442   0.0000   0.0904
 -13.500  -0.7314   0.01942   0.01300  -0.1088  0.2500  0.0295  -5.1910   0.0000   0.0784
 -13.000  -0.6725   0.01882   0.01237  -0.1107  0.2500  0.0309  -4.8486   0.0000   0.0625
 -12.500  -0.6109   0.01834   0.01187  -0.1128  0.2500  0.0324  -4.5060   0.0000   0.0421
 -12.000  -0.5475   0.01796   0.01146  -0.1151  0.2500  0.0338  -4.1676   0.0000   0.0160
 -11.500  -0.4822   0.01764   0.01112  -0.1176  0.2500  0.0357  -3.8359   0.0000  -0.0188
 -11.000  -0.4163   0.01740   0.01086  -0.1201  0.2500  0.0377  -3.5234   0.0000  -0.0651
 -10.500  -0.3493   0.01721   0.01066  -0.1227  0.2500  0.0400  -3.2177   0.0000  -0.1304
 -10.000  -0.2815   0.01708   0.01052  -0.1255  0.2500  0.0424  -2.9199   0.0000  -0.2287
  -9.500  -0.2136   0.01700   0.01043  -0.1281  0.2500  0.0451  -2.6420   0.0000  -0.3895
  -9.000  -0.1453   0.01697   0.01039  -0.1308  0.2500  0.0488  -2.3748   0.0000  -0.7036
  -8.500  -0.0765   0.01697   0.01040  -0.1335  0.2500  0.0530  -2.1163   0.0000  -1.5868
  -8.000  -0.0077   0.01702   0.01046  -0.1362  0.2500  0.0582  -1.8720   0.0000  -18.2003
  -7.000   0.1300   0.01722   0.01068  -0.1415  0.2500  0.0705  -1.4358   0.0000   1.3774
  -6.500   0.1993   0.01736   0.01085  -0.1442  0.2500  0.0800  -1.2428   0.0000   0.9959
  -6.000   0.2687   0.01754   0.01107  -0.1469  0.2500  0.0922  -1.0570   0.0000   0.8108
  -5.500   0.3385   0.01775   0.01132  -0.1496  0.2500  0.1075  -0.8798   0.0000   0.7015
  -5.000   0.4096   0.01800   0.01163  -0.1526  0.2500  0.1298  -0.8648   0.0000   0.6289
  -4.500   0.4852   0.01830   0.01204  -0.1564  0.2500  0.1689  -0.9425   0.0000   0.5765
  -4.000   0.5737   0.01873   0.01269  -0.1629  0.2500  0.2500  -1.0305   0.0000   0.5362
  -3.500   0.6337   0.01901   0.01295  -0.1635  0.2500  0.2500  -1.0998   0.0000   0.5090
  -3.000   0.6933   0.01930   0.01322  -0.1641  0.2500  0.2500  -1.1697   0.0000   0.4866
  -2.500   0.7524   0.01961   0.01352  -0.1645  0.2500  0.2500  -1.2439   0.0000   0.4676
  -2.000   0.8109   0.01993   0.01383  -0.1649  0.2500  0.2500  -1.3211   0.0000   0.4514
  -1.500   0.8690   0.02025   0.01416  -0.1652  0.2500  0.2500  -1.4009   0.0000   0.4372
  -1.000   0.9267   0.02059   0.01451  -0.1653  0.2500  0.2500  -1.4851   0.0000   0.4248
  -0.500   0.9840   0.02094   0.01487  -0.1654  0.2500  0.2500  -1.5709   0.0000   0.4138
   0.000   1.0406   0.02130   0.01523  -0.1654  0.2472  0.2500  -1.6572   0.0000   0.4040
   0.500   1.0964   0.02168   0.01560  -0.1653  0.2400  0.2500  -1.7440   0.0000   0.3950
   1.000   1.1512   0.02210   0.01598  -0.1650  0.2320  0.2500  -1.8376   0.0000   0.3869
   1.500   1.2058   0.02253   0.01641  -0.1646  0.2257  0.2500  -1.9327   0.0000   0.3794
   2.000   1.2592   0.02301   0.01685  -0.1640  0.2174  0.2500  -2.0310   0.0000   0.3725
   2.500   1.3123   0.02349   0.01734  -0.1634  0.2113  0.2500  -2.1346   0.0000   0.3660
   3.000   1.3642   0.02402   0.01785  -0.1626  0.2040  0.2500  -2.2382   0.0000   0.3600
   3.500   1.4154   0.02457   0.01839  -0.1617  0.1970  0.2500  -2.3443   0.0000   0.3543
   4.000   1.4655   0.02517   0.01899  -0.1606  0.1902  0.2500  -2.4564   0.0000   0.3489
   4.500   1.5141   0.02584   0.01964  -0.1593  0.1826  0.2500  -2.5715   0.0000   0.3437
   5.000   1.5614   0.02656   0.02039  -0.1577  0.1766  0.2500  -2.6926   0.0000   0.3388
   5.500   1.6065   0.02740   0.02121  -0.1558  0.1683  0.2500  -2.8176   0.0000   0.3340
   6.000   1.6516   0.02823   0.02204  -0.1540  0.1612  0.2500  -2.9466   0.0000   0.3294
   6.500   1.6950   0.02913   0.02295  -0.1519  0.1536  0.2500  -3.0804   0.0000   0.3250
   7.000   1.7360   0.03017   0.02398  -0.1495  0.1453  0.2500  -3.2230   0.0000   0.3206
   7.500   1.7733   0.03142   0.02523  -0.1465  0.1362  0.2500  -3.3717   0.0000   0.3162
   8.000   1.8115   0.03264   0.02645  -0.1438  0.1290  0.2500  -3.5366   0.0000   0.3121
   8.500   1.8453   0.03410   0.02791  -0.1405  0.1197  0.2500  -3.7095   0.0000   0.3079
   9.000   1.8760   0.03578   0.02959  -0.1369  0.1109  0.2500  -3.8883   0.0000   0.3038
   9.500   1.9067   0.03750   0.03134  -0.1334  0.1041  0.2500  -4.0697   0.0000   0.2998
  10.000   1.9344   0.03945   0.03332  -0.1296  0.0977  0.2500  -4.2473   0.0000   0.2958
  10.500   1.9557   0.04187   0.03576  -0.1252  0.0891  0.2500  -4.4285   0.0000   0.2918
  11.000   1.9740   0.04461   0.03852  -0.1208  0.0813  0.2500  -4.6123   0.0000   0.2879
  11.500   1.9910   0.04757   0.04153  -0.1166  0.0753  0.2500  -4.7961   0.0000   0.2842
  12.000   2.0035   0.05106   0.04508  -0.1125  0.0694  0.2500  -4.9697   0.0000   0.2806
  12.500   2.0128   0.05499   0.04908  -0.1086  0.0643  0.2500  -5.1415   0.0000   0.2772
  13.000   2.0173   0.05957   0.05375  -0.1050  0.0592  0.2500  -5.3057   0.0000   0.2740
  13.500   2.0175   0.06480   0.05907  -0.1019  0.0546  0.2500  -5.4630   0.0000   0.2712
  14.000   2.0138   0.07064   0.06502  -0.0994  0.0507  0.2500  -5.6068   0.0000   0.2687
  14.500   2.0049   0.07724   0.07175  -0.0977  0.0472  0.2500  -5.7316   0.0000   0.2666
  15.000   1.9945   0.08427   0.07892  -0.0970  0.0441  0.2500  -5.8478   0.0000   0.2651
  15.500   1.9804   0.09190   0.08669  -0.0972  0.0415  0.2500  -5.9470   0.0000   0.2640
  16.000   1.9600   0.10049   0.09544  -0.0987  0.0391  0.2500  -6.0170   0.0000   0.2637
  16.500   1.9424   0.10888   0.10400  -0.1009  0.0373  0.2500  -6.0906   0.0000   0.2637
  17.000   1.9186   0.11816   0.11344  -0.1045  0.0354  0.2500  -6.1319   0.0000   0.2645
  17.500   1.8987   0.12700   0.12244  -0.1086  0.0339  0.2500  -6.1849   0.0000   0.2655
  18.000   1.8746   0.13648   0.13208  -0.1138  0.0323  0.2500  -6.2117   0.0000   0.2673
  18.500   1.8567   0.14512   0.14087  -0.1192  0.0309  0.2500  -6.2578   0.0000   0.2690
  19.000   1.8352   0.15429   0.15019  -0.1255  0.0294  0.2500  -6.2811   0.0000   0.2713
  19.500   1.8201   0.16254   0.15856  -0.1316  0.0280  0.2500  -6.3352   0.0000   0.2734
  20.000   1.8037   0.17104   0.16719  -0.1383  0.0267  0.2500  -6.3747   0.0000   0.2759
  20.500   1.7908   0.17898   0.17525  -0.1450  0.0254  0.2500  -6.4265   0.0000   0.2783
  21.000   1.7818   0.18630   0.18268  -0.1515  0.0240  0.2500  -6.4943   0.0000   0.2804
  21.500   1.7720   0.19374   0.19022  -0.1584  0.0227  0.2500  -6.5510   0.0000   0.2828
  22.000   1.7656   0.20059   0.19716  -0.1649  0.0215  0.2500  -6.6236   0.0000   0.2849
  22.500   1.7576   0.20765   0.20432  -0.1720  0.0203  0.2500  -6.6807   0.0000   0.2873
  23.000   1.7545   0.21382   0.21058  -0.1784  0.0195  0.2500  -6.7656   0.0000   0.2891
  23.500   1.7524   0.21975   0.21659  -0.1847  0.0185  0.2500  -6.8537   0.0000   0.2908
  24.000   1.7474   0.22614   0.22307  -0.1917  0.0176  0.2500  -6.9174   0.0000   0.2930
  24.500   1.7449   0.23205   0.22907  -0.1983  0.0169  0.2500  -6.9944   0.0000   0.2948
  25.000   1.7408   0.23819   0.23530  -0.2054  0.0160  0.2500  -7.0546   0.0000   0.2970


