xflr5 v6.47

 Calculated polar for: NACA24018_theta30_Ku4.5_Kl0.5_d0.24_delta7.31

 1 1 Reynolds number fixed          Mach number fixed         

 xtrf =   0.250 (top)        0.250 (bottom)
 Mach =   0.000     Re =     0.600 e 6     Ncrit =   5.000

  alpha     CL        CD       CDp       Cm    Top Xtr Bot Xtr   Cpmin    Chinge    XCp    
 ------- -------- --------- --------- -------- ------- ------- -------- --------- ---------
 -15.000  -0.6780   0.03620   0.02914  -0.1062  0.2500  0.0403  -5.2449   0.0000   0.0673
 -14.500  -0.6365   0.03442   0.02728  -0.1079  0.2500  0.0415  -4.9637   0.0000   0.0545
 -14.000  -0.5848   0.03314   0.02592  -0.1103  0.2500  0.0432  -4.6595   0.0000   0.0350
 -13.500  -0.5272   0.03220   0.02487  -0.1132  0.2500  0.0451  -4.3475   0.0000   0.0083
 -13.000  -0.4638   0.03142   0.02404  -0.1168  0.2500  0.0473  -4.0233   0.0000  -0.0303
 -12.500  -0.3984   0.03092   0.02345  -0.1203  0.2500  0.0497  -3.7033   0.0000  -0.0824
 -12.000  -0.3297   0.03057   0.02306  -0.1242  0.2500  0.0528  -3.3848   0.0000  -0.1606
 -11.500  -0.2597   0.03039   0.02282  -0.1281  0.2500  0.0561  -3.0826   0.0000  -0.2828
 -11.000  -0.1894   0.03036   0.02274  -0.1317  0.2500  0.0601  -2.7887   0.0000  -0.4953
 -10.500  -0.1175   0.03045   0.02279  -0.1356  0.2500  0.0648  -2.5122   0.0000  -0.9778
 -10.000  -0.0447   0.03066   0.02297  -0.1395  0.2500  0.0702  -2.2438   0.0000  -3.0461
  -9.500   0.0284   0.03097   0.02327  -0.1434  0.2500  0.0773  -1.9850   0.0000   5.5498
  -9.000   0.1015   0.03138   0.02366  -0.1471  0.2500  0.0858  -1.7463   0.0000   1.7624
  -8.500   0.1762   0.03189   0.02418  -0.1511  0.2500  0.0968  -1.5196   0.0000   1.1399
  -8.000   0.2505   0.03249   0.02479  -0.1549  0.2500  0.1114  -1.3068   0.0000   0.8884
  -7.500   0.3277   0.03322   0.02556  -0.1593  0.2500  0.1329  -1.0975   0.0000   0.7490
  -7.000   0.4110   0.03415   0.02659  -0.1647  0.2500  0.1703  -0.9055   0.0000   0.6594
  -6.500   0.5117   0.03560   0.02825  -0.1734  0.2500  0.2500  -0.8800   0.0000   0.5943
  -6.000   0.5718   0.03625   0.02882  -0.1742  0.2500  0.2500  -0.9460   0.0000   0.5583
  -5.500   0.6311   0.03691   0.02942  -0.1748  0.2500  0.2500  -1.0123   0.0000   0.5291
  -5.000   0.6896   0.03758   0.03004  -0.1753  0.2500  0.2500  -1.0793   0.0000   0.5051
  -4.500   0.7475   0.03826   0.03070  -0.1757  0.2500  0.2500  -1.1508   0.0000   0.4847
  -4.000   0.8046   0.03896   0.03137  -0.1760  0.2500  0.2500  -1.2246   0.0000   0.4673
  -3.500   0.8609   0.03968   0.03207  -0.1761  0.2500  0.2500  -1.2986   0.0000   0.4522
  -3.000   0.9166   0.04040   0.03280  -0.1761  0.2500  0.2500  -1.3740   0.0000   0.4389
  -2.500   0.9718   0.04115   0.03355  -0.1759  0.2500  0.2500  -1.4524   0.0000   0.4271
  -2.000   1.0260   0.04190   0.03432  -0.1757  0.2500  0.2500  -1.5311   0.0000   0.4164
  -1.500   1.0797   0.04269   0.03513  -0.1753  0.2500  0.2500  -1.6153   0.0000   0.4068
  -1.000   1.1324   0.04351   0.03599  -0.1748  0.2500  0.2500  -1.7018   0.0000   0.3980
  -0.500   1.1841   0.04437   0.03690  -0.1741  0.2500  0.2500  -1.7883   0.0000   0.3900
   0.000   1.2351   0.04526   0.03784  -0.1733  0.2500  0.2500  -1.8787   0.0000   0.3825
   0.500   1.2854   0.04617   0.03882  -0.1724  0.2500  0.2500  -1.9702   0.0000   0.3756
   1.000   1.3346   0.04710   0.03981  -0.1713  0.2500  0.2500  -2.0653   0.0000   0.3691
   1.500   1.3831   0.04806   0.04085  -0.1701  0.2500  0.2500  -2.1635   0.0000   0.3630
   2.000   1.4305   0.04906   0.04194  -0.1688  0.2500  0.2500  -2.2671   0.0000   0.3572
   2.500   1.4761   0.05014   0.04307  -0.1672  0.2431  0.2500  -2.3702   0.0000   0.3517
   3.000   1.5193   0.05138   0.04432  -0.1653  0.2348  0.2500  -2.4718   0.0000   0.3465
   3.500   1.5614   0.05269   0.04569  -0.1633  0.2276  0.2500  -2.5752   0.0000   0.3414
   4.000   1.6018   0.05409   0.04713  -0.1611  0.2206  0.2500  -2.6875   0.0000   0.3366
   4.500   1.6416   0.05553   0.04864  -0.1589  0.2140  0.2500  -2.8052   0.0000   0.3319
   5.000   1.6791   0.05711   0.05027  -0.1564  0.2061  0.2500  -2.9272   0.0000   0.3274
   5.500   1.7144   0.05887   0.05210  -0.1537  0.1992  0.2500  -3.0515   0.0000   0.3230
   6.000   1.7479   0.06077   0.05406  -0.1509  0.1915  0.2500  -3.1798   0.0000   0.3187
   6.500   1.7806   0.06273   0.05611  -0.1480  0.1847  0.2500  -3.3140   0.0000   0.3145
   7.000   1.8083   0.06507   0.05851  -0.1447  0.1770  0.2500  -3.4562   0.0000   0.3104
   7.500   1.8370   0.06735   0.06090  -0.1417  0.1702  0.2500  -3.6140   0.0000   0.3065
   8.000   1.8596   0.07014   0.06377  -0.1382  0.1626  0.2500  -3.7651   0.0000   0.3026
   8.500   1.8819   0.07303   0.06676  -0.1349  0.1547  0.2500  -3.9222   0.0000   0.2989
   9.000   1.9005   0.07628   0.07011  -0.1316  0.1474  0.2500  -4.0841   0.0000   0.2953
   9.500   1.9134   0.08011   0.07403  -0.1283  0.1398  0.2500  -4.2338   0.0000   0.2919
  10.000   1.9275   0.08391   0.07797  -0.1254  0.1329  0.2500  -4.4043   0.0000   0.2887
  10.500   1.9364   0.08830   0.08248  -0.1228  0.1263  0.2500  -4.5613   0.0000   0.2857
  11.000   1.9401   0.09331   0.08760  -0.1206  0.1189  0.2500  -4.7031   0.0000   0.2831
  11.500   1.9438   0.09838   0.09282  -0.1191  0.1115  0.2500  -4.8440   0.0000   0.2808
  12.000   1.9437   0.10392   0.09850  -0.1182  0.1053  0.2500  -4.9718   0.0000   0.2789
  12.500   1.9388   0.11010   0.10481  -0.1182  0.0993  0.2500  -5.0823   0.0000   0.2775
  13.000   1.9327   0.11648   0.11135  -0.1190  0.0931  0.2500  -5.1995   0.0000   0.2765
  13.500   1.9245   0.12320   0.11823  -0.1206  0.0874  0.2500  -5.3044   0.0000   0.2760
  14.000   1.9118   0.13053   0.12572  -0.1234  0.0820  0.2500  -5.3875   0.0000   0.2762
  14.500   1.8968   0.13822   0.13356  -0.1271  0.0769  0.2500  -5.4554   0.0000   0.2768
  15.000   1.8835   0.14576   0.14127  -0.1313  0.0724  0.2500  -5.5235   0.0000   0.2778
  15.500   1.8672   0.15376   0.14942  -0.1365  0.0682  0.2500  -5.5719   0.0000   0.2793
  16.000   1.8531   0.16146   0.15728  -0.1420  0.0641  0.2500  -5.6235   0.0000   0.2809
  16.500   1.8400   0.16905   0.16501  -0.1478  0.0604  0.2500  -5.6729   0.0000   0.2827
  17.000   1.8260   0.17676   0.17285  -0.1542  0.0567  0.2500  -5.7114   0.0000   0.2848
  17.500   1.8168   0.18374   0.17995  -0.1602  0.0529  0.2500  -5.7679   0.0000   0.2866
  18.000   1.8071   0.19074   0.18706  -0.1666  0.0495  0.2500  -5.8241   0.0000   0.2886
  18.500   1.7969   0.19781   0.19423  -0.1734  0.0464  0.2500  -5.8735   0.0000   0.2908
  19.000   1.7929   0.20384   0.20038  -0.1793  0.0433  0.2500  -5.9554   0.0000   0.2923
  19.500   1.7877   0.21003   0.20666  -0.1856  0.0406  0.2500  -6.0302   0.0000   0.2940
  20.000   1.7818   0.21627   0.21298  -0.1922  0.0379  0.2500  -6.0961   0.0000   0.2960
  20.500   1.7791   0.22192   0.21874  -0.1983  0.0356  0.2500  -6.1785   0.0000   0.2974
  21.000   1.7744   0.22784   0.22473  -0.2049  0.0336  0.2500  -6.2431   0.0000   0.2993
  21.500   1.7748   0.23275   0.22976  -0.2106  0.0316  0.2500  -6.3418   0.0000   0.3002
  22.000   1.7717   0.23823   0.23530  -0.2171  0.0298  0.2500  -6.4107   0.0000   0.3018
  22.500   1.7708   0.24321   0.24039  -0.2231  0.0280  0.2500  -6.4936   0.0000   0.3030
  23.000   1.7688   0.24830   0.24555  -0.2294  0.0263  0.2500  -6.5651   0.0000   0.3044
  23.500   1.7683   0.25303   0.25037  -0.2355  0.0247  0.2500  -6.6454   0.0000   0.3055
  24.000   1.7664   0.25794   0.25534  -0.2419  0.0233  0.2500  -6.7206   0.0000   0.3069
  24.500   1.7673   0.26218   0.25969  -0.2476  0.0220  0.2500  -6.8220   0.0000   0.3076
  25.000   1.7654   0.26688   0.26444  -0.2540  0.0209  0.2500  -6.8954   0.0000   0.3089


