xflr5 v6.47

 Calculated polar for: NACA24018_theta30_Ku4.5_Kl0.5_d0.28_delta9.02

 1 1 Reynolds number fixed          Mach number fixed         

 xtrf =   0.250 (top)        0.250 (bottom)
 Mach =   0.000     Re =     0.400 e 6     Ncrit =   5.000

  alpha     CL        CD       CDp       Cm    Top Xtr Bot Xtr   Cpmin    Chinge    XCp    
 ------- -------- --------- --------- -------- ------- ------- -------- --------- ---------
 -15.000  -0.5679   0.04260   0.03541  -0.1073  0.2500  0.0475  -4.7303   0.0000   0.0327
 -14.500  -0.5168   0.04112   0.03382  -0.1104  0.2500  0.0494  -4.4420   0.0000   0.0074
 -14.000  -0.4580   0.03998   0.03257  -0.1142  0.2500  0.0516  -4.1395   0.0000  -0.0296
 -13.500  -0.3945   0.03922   0.03172  -0.1182  0.2500  0.0543  -3.8354   0.0000  -0.0822
 -13.000  -0.3273   0.03873   0.03114  -0.1224  0.2500  0.0570  -3.5309   0.0000  -0.1603
 -12.500  -0.2584   0.03851   0.03083  -0.1266  0.2500  0.0605  -3.2263   0.0000  -0.2820
 -12.000  -0.1865   0.03848   0.03075  -0.1310  0.2500  0.0645  -2.9222   0.0000  -0.5059
 -11.500  -0.1141   0.03865   0.03086  -0.1353  0.2500  0.0692  -2.6267   0.0000  -1.0158
 -11.000  -0.0411   0.03900   0.03115  -0.1395  0.2500  0.0749  -2.3530   0.0000  -3.3421
 -10.500   0.0328   0.03950   0.03161  -0.1437  0.2500  0.0819  -2.0977   0.0000   4.8620
 -10.000   0.1084   0.04015   0.03225  -0.1481  0.2500  0.0903  -1.8472   0.0000   1.6778
  -9.500   0.1855   0.04096   0.03305  -0.1526  0.2500  0.1014  -1.6024   0.0000   1.1047
  -9.000   0.2621   0.04190   0.03399  -0.1570  0.2500  0.1161  -1.3789   0.0000   0.8685
  -8.500   0.3430   0.04307   0.03520  -0.1621  0.2500  0.1376  -1.1603   0.0000   0.7352
  -8.000   0.4321   0.04461   0.03682  -0.1686  0.2500  0.1754  -0.9492   0.0000   0.6484
  -7.500   0.5400   0.04696   0.03932  -0.1784  0.2500  0.2500  -0.8658   0.0000   0.5853
  -7.000   0.5997   0.04791   0.04017  -0.1792  0.2500  0.2500  -0.9306   0.0000   0.5520
  -6.500   0.6583   0.04886   0.04105  -0.1798  0.2500  0.2500  -0.9964   0.0000   0.5248
  -6.000   0.7160   0.04982   0.04195  -0.1803  0.2500  0.2500  -1.0626   0.0000   0.5021
  -5.500   0.7727   0.05078   0.04286  -0.1806  0.2500  0.2500  -1.1313   0.0000   0.4828
  -5.000   0.8286   0.05176   0.04381  -0.1807  0.2500  0.2500  -1.2016   0.0000   0.4662
  -4.500   0.8838   0.05274   0.04477  -0.1807  0.2500  0.2500  -1.2748   0.0000   0.4516
  -4.000   0.9383   0.05373   0.04575  -0.1806  0.2500  0.2500  -1.3492   0.0000   0.4387
  -3.500   0.9919   0.05474   0.04676  -0.1804  0.2500  0.2500  -1.4264   0.0000   0.4272
  -3.000   1.0448   0.05577   0.04781  -0.1800  0.2500  0.2500  -1.5040   0.0000   0.4168
  -2.500   1.0969   0.05681   0.04887  -0.1795  0.2500  0.2500  -1.5837   0.0000   0.4074
  -2.000   1.1481   0.05787   0.04997  -0.1788  0.2500  0.2500  -1.6667   0.0000   0.3987
  -1.500   1.1981   0.05896   0.05110  -0.1780  0.2500  0.2500  -1.7519   0.0000   0.3908
  -1.000   1.2470   0.06009   0.05228  -0.1769  0.2500  0.2500  -1.8396   0.0000   0.3834
  -0.500   1.2950   0.06124   0.05350  -0.1758  0.2500  0.2500  -1.9286   0.0000   0.3765
   0.000   1.3422   0.06240   0.05474  -0.1745  0.2500  0.2500  -2.0177   0.0000   0.3700
   0.500   1.3885   0.06358   0.05600  -0.1732  0.2500  0.2500  -2.1116   0.0000   0.3639
   1.000   1.4340   0.06479   0.05730  -0.1717  0.2500  0.2500  -2.2092   0.0000   0.3581
   1.500   1.4785   0.06602   0.05864  -0.1701  0.2500  0.2500  -2.3066   0.0000   0.3527
   2.000   1.5220   0.06728   0.06000  -0.1684  0.2500  0.2500  -2.4083   0.0000   0.3474
   2.500   1.5642   0.06857   0.06141  -0.1665  0.2480  0.2500  -2.5141   0.0000   0.3424
   3.000   1.6028   0.07012   0.06304  -0.1642  0.2401  0.2500  -2.6189   0.0000   0.3376
   3.500   1.6385   0.07185   0.06482  -0.1617  0.2330  0.2500  -2.7244   0.0000   0.3329
   4.000   1.6749   0.07350   0.06656  -0.1592  0.2251  0.2500  -2.8393   0.0000   0.3284
   4.500   1.7072   0.07545   0.06857  -0.1564  0.2180  0.2500  -2.9517   0.0000   0.3240
   5.000   1.7397   0.07737   0.07062  -0.1537  0.2107  0.2500  -3.0746   0.0000   0.3198
   5.500   1.7680   0.07959   0.07289  -0.1507  0.2036  0.2500  -3.1981   0.0000   0.3157
   6.000   1.7969   0.08177   0.07521  -0.1478  0.1962  0.2500  -3.3319   0.0000   0.3117
   6.500   1.8210   0.08432   0.07784  -0.1447  0.1892  0.2500  -3.4701   0.0000   0.3078
   7.000   1.8453   0.08688   0.08053  -0.1417  0.1816  0.2500  -3.6189   0.0000   0.3040
   7.500   1.8656   0.08978   0.08354  -0.1387  0.1746  0.2500  -3.7642   0.0000   0.3004
   8.000   1.8844   0.09286   0.08673  -0.1358  0.1670  0.2500  -3.9123   0.0000   0.2970
   8.500   1.9006   0.09618   0.09019  -0.1331  0.1600  0.2500  -4.0646   0.0000   0.2937
   9.000   1.9115   0.10005   0.09417  -0.1305  0.1524  0.2500  -4.2136   0.0000   0.2906
   9.500   1.9242   0.10377   0.09805  -0.1284  0.1448  0.2500  -4.3677   0.0000   0.2878
  10.000   1.9311   0.10814   0.10254  -0.1267  0.1380  0.2500  -4.5112   0.0000   0.2852
  10.500   1.9373   0.11257   0.10712  -0.1254  0.1312  0.2500  -4.6574   0.0000   0.2829
  11.000   1.9408   0.11731   0.11202  -0.1247  0.1246  0.2500  -4.7984   0.0000   0.2810
  11.500   1.9378   0.12285   0.11768  -0.1248  0.1178  0.2500  -4.9177   0.0000   0.2795
  12.000   1.9376   0.12805   0.12306  -0.1255  0.1109  0.2500  -5.0454   0.0000   0.2782
  12.500   1.9325   0.13385   0.12902  -0.1270  0.1048  0.2500  -5.1613   0.0000   0.2775
  13.000   1.9219   0.14042   0.13573  -0.1296  0.0986  0.2500  -5.2517   0.0000   0.2774
  13.500   1.9156   0.14646   0.14194  -0.1325  0.0926  0.2500  -5.3546   0.0000   0.2774
  14.000   1.9045   0.15315   0.14880  -0.1364  0.0872  0.2500  -5.4332   0.0000   0.2779
  14.500   1.8902   0.16031   0.15609  -0.1413  0.0819  0.2500  -5.4924   0.0000   0.2791
  15.000   1.8805   0.16683   0.16277  -0.1460  0.0766  0.2500  -5.5661   0.0000   0.2801
  15.500   1.8684   0.17369   0.16978  -0.1515  0.0718  0.2500  -5.6231   0.0000   0.2815
  16.000   1.8546   0.18079   0.17698  -0.1577  0.0672  0.2500  -5.6664   0.0000   0.2833
  16.500   1.8462   0.18707   0.18341  -0.1633  0.0627  0.2500  -5.7305   0.0000   0.2847
  17.000   1.8369   0.19346   0.18991  -0.1693  0.0586  0.2500  -5.7853   0.0000   0.2863
  17.500   1.8269   0.19990   0.19645  -0.1757  0.0547  0.2500  -5.8334   0.0000   0.2882
  18.000   1.8216   0.20556   0.20223  -0.1814  0.0510  0.2500  -5.9083   0.0000   0.2895
  18.500   1.8153   0.21132   0.20809  -0.1875  0.0478  0.2500  -5.9758   0.0000   0.2910
  19.000   1.8096   0.21694   0.21379  -0.1937  0.0446  0.2500  -6.0426   0.0000   0.2925
  19.500   1.8064   0.22205   0.21901  -0.1994  0.0417  0.2500  -6.1220   0.0000   0.2936
  20.000   1.8012   0.22742   0.22446  -0.2056  0.0390  0.2500  -6.1846   0.0000   0.2951
  20.500   1.7979   0.23240   0.22955  -0.2116  0.0365  0.2500  -6.2560   0.0000   0.2963
  21.000   1.7952   0.23718   0.23441  -0.2174  0.0343  0.2500  -6.3363   0.0000   0.2974
  21.500   1.7927   0.24183   0.23916  -0.2233  0.0322  0.2500  -6.4192   0.0000   0.2985
  22.000   1.7906   0.24634   0.24376  -0.2291  0.0304  0.2500  -6.5014   0.0000   0.2994
  22.500   1.7888   0.25069   0.24820  -0.2349  0.0286  0.2500  -6.5847   0.0000   0.3003
  23.000   1.7869   0.25499   0.25257  -0.2408  0.0270  0.2500  -6.6631   0.0000   0.3012


