xflr5 v6.47

 Calculated polar for: NACA24018_theta30_Ku4.5_Kl0.5_d0.14_delta3.44

 1 1 Reynolds number fixed          Mach number fixed         

 xtrf =   0.250 (top)        0.250 (bottom)
 Mach =   0.000     Re =     0.700 e 6     Ncrit =   5.000

  alpha     CL        CD       CDp       Cm    Top Xtr Bot Xtr   Cpmin    Chinge    XCp    
 ------- -------- --------- --------- -------- ------- ------- -------- --------- ---------
 -15.000  -0.7597   0.03070   0.02313  -0.1179  0.2500  0.0337  -5.6632   0.0000   0.0678
 -14.500  -0.7453   0.02874   0.02109  -0.1150  0.2500  0.0345  -5.4668   0.0000   0.0699
 -14.000  -0.7286   0.02708   0.01937  -0.1118  0.2500  0.0354  -5.2604   0.0000   0.0718
 -13.500  -0.7106   0.02565   0.01786  -0.1082  0.2500  0.0365  -5.0503   0.0000   0.0739
 -13.000  -0.6930   0.02439   0.01651  -0.1041  0.2500  0.0376  -4.8435   0.0000   0.0769
 -12.500  -0.6837   0.02313   0.01520  -0.0985  0.2500  0.0386  -4.6668   0.0000   0.0842
 -12.000  -0.6709   0.02203   0.01406  -0.0930  0.2500  0.0397  -4.4850   0.0000   0.0906
 -11.500  -0.6389   0.02106   0.01301  -0.0905  0.2500  0.0413  -4.2502   0.0000   0.0881
 -11.000  -0.5987   0.02015   0.01205  -0.0892  0.2500  0.0431  -3.9960   0.0000   0.0810
 -10.500  -0.5519   0.01937   0.01123  -0.0888  0.2500  0.0453  -3.7285   0.0000   0.0691
 -10.000  -0.5007   0.01868   0.01048  -0.0891  0.2500  0.0475  -3.4564   0.0000   0.0519
  -9.500  -0.4459   0.01810   0.00986  -0.0898  0.2500  0.0506  -3.1811   0.0000   0.0278
  -9.000  -0.3884   0.01758   0.00931  -0.0910  0.2500  0.0539  -2.9175   0.0000  -0.0059
  -8.500  -0.3289   0.01716   0.00885  -0.0923  0.2500  0.0577  -2.6584   0.0000  -0.0539
  -8.000  -0.2678   0.01680   0.00846  -0.0939  0.2500  0.0626  -2.4113   0.0000  -0.1264
  -7.500  -0.2051   0.01648   0.00814  -0.0957  0.2500  0.0684  -2.1718   0.0000  -0.2469
  -7.000  -0.1415   0.01624   0.00789  -0.0976  0.2500  0.0755  -1.9386   0.0000  -0.4792
  -6.000  -0.0111   0.01588   0.00758  -0.1019  0.2500  0.0965  -1.5111   0.0000  -9.3029
  -5.500   0.0550   0.01577   0.00750  -0.1041  0.2500  0.1121  -1.3164   0.0000   2.2124
  -5.000   0.1234   0.01568   0.00749  -0.1068  0.2500  0.1368  -1.1335   0.0000   1.1415
  -4.500   0.1975   0.01557   0.00755  -0.1108  0.2500  0.1874  -0.9506   0.0000   0.8240
  -4.000   0.2737   0.01552   0.00768  -0.1151  0.2500  0.2500  -0.8181   0.0000   0.6778
  -3.500   0.3341   0.01570   0.00779  -0.1159  0.2500  0.2500  -0.8803   0.0000   0.6011
  -3.000   0.3940   0.01589   0.00794  -0.1165  0.2500  0.2500  -0.9455   0.0000   0.5479
  -2.500   0.4535   0.01610   0.00811  -0.1171  0.2500  0.2500  -1.0148   0.0000   0.5088
  -2.000   0.5125   0.01633   0.00831  -0.1177  0.2500  0.2500  -1.0847   0.0000   0.4787
  -1.500   0.5710   0.01658   0.00855  -0.1181  0.2500  0.2500  -1.1551   0.0000   0.4549
  -1.000   0.6290   0.01684   0.00881  -0.1184  0.2500  0.2500  -1.2282   0.0000   0.4354
  -0.500   0.6865   0.01713   0.00910  -0.1186  0.2500  0.2500  -1.3051   0.0000   0.4191
   0.000   0.7434   0.01743   0.00942  -0.1188  0.2500  0.2500  -1.3839   0.0000   0.4053
   0.500   0.7998   0.01776   0.00977  -0.1188  0.2500  0.2500  -1.4640   0.0000   0.3933
   1.000   0.8555   0.01811   0.01015  -0.1187  0.2500  0.2500  -1.5473   0.0000   0.3829
   1.500   0.9105   0.01849   0.01057  -0.1185  0.2500  0.2500  -1.6311   0.0000   0.3736
   2.000   0.9645   0.01890   0.01103  -0.1181  0.2500  0.2500  -1.7190   0.0000   0.3652
   2.500   1.0175   0.01935   0.01154  -0.1176  0.2500  0.2500  -1.8109   0.0000   0.3577
   3.000   1.0698   0.01983   0.01208  -0.1170  0.2500  0.2500  -1.9031   0.0000   0.3508
   3.500   1.1214   0.02034   0.01267  -0.1162  0.2500  0.2500  -1.9987   0.0000   0.3444
   4.000   1.1716   0.02092   0.01329  -0.1153  0.2434  0.2500  -2.0958   0.0000   0.3385
   4.500   1.2195   0.02161   0.01399  -0.1140  0.2361  0.2500  -2.1956   0.0000   0.3329
   5.000   1.2675   0.02229   0.01473  -0.1128  0.2294  0.2500  -2.3012   0.0000   0.3276
   5.500   1.3119   0.02313   0.01558  -0.1110  0.2221  0.2500  -2.4085   0.0000   0.3225
   6.000   1.3577   0.02391   0.01643  -0.1095  0.2155  0.2500  -2.5188   0.0000   0.3178
   6.500   1.4000   0.02488   0.01742  -0.1075  0.2084  0.2500  -2.6302   0.0000   0.3132
   7.000   1.4423   0.02583   0.01846  -0.1056  0.2020  0.2500  -2.7534   0.0000   0.3088
   7.500   1.4809   0.02700   0.01967  -0.1032  0.1951  0.2500  -2.8727   0.0000   0.3045
   8.000   1.5202   0.02814   0.02089  -0.1010  0.1879  0.2500  -2.9959   0.0000   0.3004
   8.500   1.5555   0.02953   0.02234  -0.0984  0.1813  0.2500  -3.1315   0.0000   0.2963
   9.000   1.5904   0.03097   0.02388  -0.0958  0.1749  0.2500  -3.2701   0.0000   0.2924
   9.500   1.6214   0.03270   0.02567  -0.0930  0.1674  0.2500  -3.4171   0.0000   0.2885
  10.000   1.6501   0.03463   0.02768  -0.0900  0.1600  0.2500  -3.5643   0.0000   0.2848
  10.500   1.6772   0.03675   0.02990  -0.0872  0.1532  0.2500  -3.7234   0.0000   0.2812
  11.000   1.6986   0.03938   0.03260  -0.0841  0.1456  0.2500  -3.8754   0.0000   0.2778
  11.500   1.7200   0.04215   0.03549  -0.0814  0.1385  0.2500  -4.0397   0.0000   0.2745
  12.000   1.7369   0.04540   0.03885  -0.0788  0.1320  0.2500  -4.1957   0.0000   0.2714
  12.500   1.7472   0.04940   0.04294  -0.0763  0.1244  0.2500  -4.3405   0.0000   0.2686
  13.000   1.7571   0.05364   0.04732  -0.0743  0.1177  0.2500  -4.4854   0.0000   0.2660
  13.500   1.7614   0.05862   0.05243  -0.0727  0.1117  0.2500  -4.6219   0.0000   0.2638
  14.000   1.7573   0.06469   0.05863  -0.0717  0.1053  0.2500  -4.7368   0.0000   0.2620
  14.500   1.7529   0.07109   0.06521  -0.0714  0.0994  0.2500  -4.8512   0.0000   0.2606
  15.000   1.7406   0.07863   0.07292  -0.0720  0.0942  0.2500  -4.9369   0.0000   0.2599
  15.500   1.7218   0.08723   0.08169  -0.0736  0.0891  0.2500  -4.9960   0.0000   0.2598
  16.000   1.7029   0.09604   0.09069  -0.0761  0.0845  0.2500  -5.0485   0.0000   0.2602
  16.500   1.6760   0.10607   0.10090  -0.0798  0.0800  0.2500  -5.0641   0.0000   0.2616
  17.000   1.6558   0.11536   0.11037  -0.0840  0.0756  0.2500  -5.0983   0.0000   0.2632
  17.500   1.6315   0.12530   0.12048  -0.0892  0.0716  0.2500  -5.1089   0.0000   0.2656
  18.000   1.6112   0.13476   0.13008  -0.0948  0.0673  0.2500  -5.1267   0.0000   0.2681
  18.500   1.5955   0.14364   0.13911  -0.1006  0.0636  0.2500  -5.1556   0.0000   0.2707
  19.000   1.5797   0.15258   0.14815  -0.1070  0.0598  0.2500  -5.1763   0.0000   0.2737
  19.500   1.5713   0.16040   0.15610  -0.1129  0.0560  0.2500  -5.2273   0.0000   0.2762
  20.000   1.5622   0.16834   0.16414  -0.1192  0.0526  0.2500  -5.2722   0.0000   0.2790
  20.500   1.5539   0.17620   0.17210  -0.1258  0.0492  0.2500  -5.3221   0.0000   0.2820
  21.000   1.5515   0.18309   0.17909  -0.1318  0.0462  0.2500  -5.3999   0.0000   0.2843
  21.500   1.5468   0.19036   0.18644  -0.1385  0.0435  0.2500  -5.4589   0.0000   0.2871
  22.000   1.5470   0.19677   0.19295  -0.1446  0.0407  0.2500  -5.5429   0.0000   0.2892
  22.500   1.5453   0.20347   0.19974  -0.1511  0.0382  0.2500  -5.6111   0.0000   0.2917
  23.000   1.5442   0.21005   0.20641  -0.1577  0.0358  0.2500  -5.6786   0.0000   0.2942
  23.500   1.5454   0.21615   0.21260  -0.1641  0.0337  0.2500  -5.7574   0.0000   0.2964
  24.000   1.5457   0.22237   0.21887  -0.1707  0.0317  0.2500  -5.8262   0.0000   0.2988
  24.500   1.5478   0.22818   0.22479  -0.1771  0.0299  0.2500  -5.9043   0.0000   0.3008
  25.000   1.5479   0.23435   0.23102  -0.1840  0.0281  0.2500  -5.9694   0.0000   0.3033


