xflr5 v6.47

 Calculated polar for: NACA24018_theta30_Ku4.5_Kl0.5_d0.35_delta13.38

 1 1 Reynolds number fixed          Mach number fixed         

 xtrf =   0.250 (top)        0.250 (bottom)
 Mach =   0.000     Re =     0.300 e 6     Ncrit =   5.000

  alpha     CL        CD       CDp       Cm    Top Xtr Bot Xtr   Cpmin    Chinge    XCp    
 ------- -------- --------- --------- -------- ------- ------- -------- --------- ---------
 -15.000  -0.2051   0.05726   0.05033  -0.1280  0.2500  0.0646  -3.3976   0.0000  -0.4312
 -14.500  -0.1316   0.05762   0.05054  -0.1332  0.2500  0.0683  -3.0931   0.0000  -0.8435
 -14.000  -0.0563   0.05834   0.05119  -0.1385  0.2500  0.0729  -2.7884   0.0000  -2.3790
 -13.500   0.0178   0.05933   0.05212  -0.1433  0.2500  0.0778  -2.4953   0.0000   8.7890
 -13.000   0.0920   0.06056   0.05328  -0.1478  0.2500  0.0839  -2.2188   0.0000   1.9386
 -12.500   0.1663   0.06200   0.05468  -0.1522  0.2500  0.0911  -1.9681   0.0000   1.2039
 -12.000   0.2404   0.06364   0.05627  -0.1564  0.2500  0.0999  -1.7273   0.0000   0.9230
 -11.500   0.3137   0.06540   0.05800  -0.1602  0.2500  0.1110  -1.4959   0.0000   0.7750
 -11.000   0.3923   0.06756   0.06017  -0.1650  0.2500  0.1254  -1.2619   0.0000   0.6793
 -10.500   0.4714   0.06996   0.06257  -0.1697  0.2500  0.1458  -1.0462   0.0000   0.6149
 -10.000   0.5564   0.07285   0.06552  -0.1753  0.2500  0.1774  -0.8496   0.0000   0.5672
  -9.500   0.6581   0.07696   0.06976  -0.1835  0.2500  0.2389  -0.8941   0.0000   0.5288
  -9.000   0.7190   0.07884   0.07157  -0.1848  0.2500  0.2500  -0.9605   0.0000   0.5055
  -8.500   0.7720   0.08028   0.07293  -0.1848  0.2500  0.2500  -1.0233   0.0000   0.4866
  -8.000   0.8243   0.08172   0.07429  -0.1847  0.2500  0.2500  -1.0880   0.0000   0.4702
  -7.500   0.8758   0.08313   0.07565  -0.1844  0.2500  0.2500  -1.1528   0.0000   0.4557
  -7.000   0.9264   0.08452   0.07700  -0.1841  0.2500  0.2500  -1.2197   0.0000   0.4428
  -6.500   0.9764   0.08589   0.07834  -0.1836  0.2500  0.2500  -1.2900   0.0000   0.4313
  -6.000   1.0254   0.08724   0.07968  -0.1830  0.2500  0.2500  -1.3614   0.0000   0.4208
  -5.500   1.0737   0.08859   0.08103  -0.1822  0.2500  0.2500  -1.4330   0.0000   0.4113
  -5.000   1.1210   0.08991   0.08236  -0.1814  0.2500  0.2500  -1.5077   0.0000   0.4026
  -4.500   1.1676   0.09121   0.08368  -0.1804  0.2500  0.2500  -1.5852   0.0000   0.3945
  -4.000   1.2133   0.09248   0.08498  -0.1793  0.2500  0.2500  -1.6635   0.0000   0.3870
  -3.500   1.2582   0.09373   0.08627  -0.1781  0.2500  0.2500  -1.7418   0.0000   0.3800
  -3.000   1.3026   0.09495   0.08753  -0.1768  0.2500  0.2500  -1.8268   0.0000   0.3734
  -2.500   1.3464   0.09616   0.08880  -0.1755  0.2500  0.2500  -1.9127   0.0000   0.3673
  -2.000   1.3895   0.09735   0.09007  -0.1741  0.2500  0.2500  -1.9989   0.0000   0.3614
  -1.500   1.4319   0.09854   0.09133  -0.1726  0.2500  0.2500  -2.0858   0.0000   0.3559
  -1.000   1.4738   0.09970   0.09258  -0.1710  0.2500  0.2500  -2.1798   0.0000   0.3506
  -0.500   1.5150   0.10085   0.09382  -0.1694  0.2500  0.2500  -2.2739   0.0000   0.3456
   0.000   1.5554   0.10199   0.09506  -0.1677  0.2500  0.2500  -2.3697   0.0000   0.3407
   0.500   1.5949   0.10311   0.09629  -0.1659  0.2500  0.2500  -2.4693   0.0000   0.3361
   1.000   1.6340   0.10416   0.09745  -0.1641  0.2500  0.2500  -2.5754   0.0000   0.3316
   1.500   1.6730   0.10509   0.09849  -0.1623  0.2500  0.2500  -2.6822   0.0000   0.3273
   2.000   1.7084   0.10637   0.09990  -0.1602  0.2432  0.2500  -2.7902   0.0000   0.3232
   2.500   1.7396   0.10795   0.10152  -0.1578  0.2351  0.2500  -2.9018   0.0000   0.3191
   3.000   1.7709   0.10947   0.10314  -0.1555  0.2275  0.2500  -3.0179   0.0000   0.3152
   3.500   1.7986   0.11127   0.10501  -0.1530  0.2197  0.2500  -3.1347   0.0000   0.3114
   4.000   1.8266   0.11297   0.10682  -0.1505  0.2126  0.2500  -3.2609   0.0000   0.3077
   4.500   1.8514   0.11496   0.10888  -0.1480  0.2045  0.2500  -3.3931   0.0000   0.3041
   5.000   1.8752   0.11697   0.11101  -0.1455  0.1973  0.2500  -3.5306   0.0000   0.3006
   5.500   1.8964   0.11917   0.11332  -0.1430  0.1897  0.2500  -3.6733   0.0000   0.2972
   6.000   1.9163   0.12146   0.11573  -0.1406  0.1825  0.2500  -3.8243   0.0000   0.2938
   6.500   1.9318   0.12414   0.11851  -0.1382  0.1748  0.2500  -3.9714   0.0000   0.2907
   7.000   1.9483   0.12669   0.12122  -0.1360  0.1672  0.2500  -4.1278   0.0000   0.2876
   7.500   1.9582   0.12986   0.12447  -0.1340  0.1600  0.2500  -4.2791   0.0000   0.2848
   8.000   1.9700   0.13284   0.12763  -0.1323  0.1522  0.2500  -4.4360   0.0000   0.2820
   8.500   1.9773   0.13624   0.13116  -0.1309  0.1451  0.2500  -4.5858   0.0000   0.2795
   9.000   1.9814   0.13995   0.13499  -0.1300  0.1378  0.2500  -4.7314   0.0000   0.2773
   9.500   1.9856   0.14362   0.13884  -0.1295  0.1305  0.2500  -4.8767   0.0000   0.2752
  10.000   1.9853   0.14773   0.14309  -0.1297  0.1236  0.2500  -5.0060   0.0000   0.2735
  10.500   1.9826   0.15208   0.14758  -0.1304  0.1168  0.2500  -5.1252   0.0000   0.2721
  11.000   1.9800   0.15639   0.15207  -0.1317  0.1101  0.2500  -5.2421   0.0000   0.2710
  11.500   1.9732   0.16115   0.15697  -0.1338  0.1035  0.2500  -5.3410   0.0000   0.2703
  12.000   1.9623   0.16636   0.16232  -0.1369  0.0973  0.2500  -5.4289   0.0000   0.2701
  12.500   1.9544   0.17121   0.16735  -0.1401  0.0909  0.2500  -5.5251   0.0000   0.2699
  13.000   1.9442   0.17633   0.17262  -0.1440  0.0852  0.2500  -5.6068   0.0000   0.2701
  13.500   1.9321   0.18169   0.17811  -0.1487  0.0799  0.2500  -5.6751   0.0000   0.2707
  14.000   1.9201   0.18703   0.18358  -0.1537  0.0746  0.2500  -5.7421   0.0000   0.2715
  14.500   1.9103   0.19206   0.18877  -0.1586  0.0695  0.2500  -5.8218   0.0000   0.2721
  15.000   1.8996   0.19722   0.19405  -0.1639  0.0649  0.2500  -5.8917   0.0000   0.2730
  15.500   1.8887   0.20238   0.19931  -0.1696  0.0604  0.2500  -5.9561   0.0000   0.2741
  16.000   1.8791   0.20732   0.20436  -0.1753  0.0561  0.2500  -6.0233   0.0000   0.2751
  16.500   1.8715   0.21192   0.20909  -0.1806  0.0522  0.2500  -6.0984   0.0000   0.2759
  17.000   1.8637   0.21645   0.21372  -0.1861  0.0487  0.2500  -6.1688   0.0000   0.2767


