xflr5 v6.47

 Calculated polar for: NACA24018_theta30_Ku4.5_Kl0.5_d0.10_delta2.45

 1 1 Reynolds number fixed          Mach number fixed         

 xtrf =   0.250 (top)        0.250 (bottom)
 Mach =   0.000     Re =     1.250 e 6     Ncrit =   5.000

  alpha     CL        CD       CDp       Cm    Top Xtr Bot Xtr   Cpmin    Chinge    XCp    
 ------- -------- --------- --------- -------- ------- ------- -------- --------- ---------
 -15.000  -0.8466   0.02464   0.01747  -0.1184  0.2500  0.0284  -6.1053   0.0000   0.0845
 -14.500  -0.8231   0.02328   0.01603  -0.1156  0.2500  0.0290  -5.8580   0.0000   0.0848
 -14.000  -0.8004   0.02198   0.01468  -0.1123  0.2500  0.0299  -5.6154   0.0000   0.0858
 -13.500  -0.7762   0.02087   0.01352  -0.1089  0.2500  0.0309  -5.3695   0.0000   0.0867
 -13.000  -0.7516   0.01991   0.01249  -0.1051  0.2500  0.0319  -5.1245   0.0000   0.0879
 -12.500  -0.7275   0.01905   0.01158  -0.1010  0.2500  0.0327  -4.8881   0.0000   0.0897
 -12.000  -0.7092   0.01821   0.01070  -0.0956  0.2500  0.0339  -4.6787   0.0000   0.0945
 -11.500  -0.6952   0.01749   0.00995  -0.0892  0.2500  0.0349  -4.4840   0.0000   0.1021
 -11.000  -0.6626   0.01682   0.00923  -0.0859  0.2500  0.0362  -4.2380   0.0000   0.1013
 -10.500  -0.6232   0.01616   0.00854  -0.0837  0.2500  0.0378  -3.9780   0.0000   0.0970
 -10.000  -0.5785   0.01558   0.00793  -0.0823  0.2500  0.0397  -3.7088   0.0000   0.0891
  -9.500  -0.5295   0.01509   0.00740  -0.0816  0.2500  0.0415  -3.4452   0.0000   0.0772
  -9.000  -0.4779   0.01460   0.00690  -0.0814  0.2500  0.0441  -3.1829   0.0000   0.0609
  -8.500  -0.4237   0.01421   0.00647  -0.0815  0.2500  0.0466  -2.9233   0.0000   0.0383
  -8.000  -0.3676   0.01383   0.00609  -0.0819  0.2500  0.0503  -2.6763   0.0000   0.0070
  -7.500  -0.3101   0.01350   0.00576  -0.0825  0.2500  0.0544  -2.4335   0.0000  -0.0378
  -7.000  -0.2514   0.01323   0.00548  -0.0833  0.2500  0.0589  -2.1961   0.0000  -0.1053
  -6.500  -0.1919   0.01300   0.00525  -0.0842  0.2500  0.0645  -1.9647   0.0000  -0.2168
  -6.000  -0.1316   0.01279   0.00506  -0.0852  0.2500  0.0710  -1.7429   0.0000  -0.4335
  -5.500  -0.0707   0.01261   0.00490  -0.0864  0.2500  0.0797  -1.5448   0.0000  -1.0308
  -5.000  -0.0090   0.01246   0.00478  -0.0876  0.2500  0.0903  -1.3591   0.0000  -9.8380
  -4.500   0.0534   0.01232   0.00470  -0.0890  0.2500  0.1059  -1.1815   0.0000   1.9731
  -4.000   0.1171   0.01219   0.00465  -0.0907  0.2500  0.1291  -1.0123   0.0000   1.0449
  -3.500   0.1832   0.01205   0.00463  -0.0928  0.2500  0.1669  -0.8512   0.0000   0.7670
  -3.000   0.2574   0.01180   0.00465  -0.0969  0.2500  0.2500  -0.8488   0.0000   0.6313
  -2.500   0.3167   0.01191   0.00472  -0.0974  0.2500  0.2500  -0.9133   0.0000   0.5597
  -2.000   0.3757   0.01202   0.00480  -0.0978  0.2500  0.2500  -0.9785   0.0000   0.5107
  -1.500   0.4343   0.01215   0.00491  -0.0982  0.2500  0.2500  -1.0472   0.0000   0.4750
  -1.000   0.4927   0.01229   0.00504  -0.0985  0.2500  0.2500  -1.1200   0.0000   0.4478
  -0.500   0.5507   0.01245   0.00519  -0.0988  0.2500  0.2500  -1.1936   0.0000   0.4262
   0.000   0.6083   0.01261   0.00536  -0.0990  0.2500  0.2500  -1.2682   0.0000   0.4087
   0.500   0.6655   0.01280   0.00556  -0.0991  0.2500  0.2500  -1.3466   0.0000   0.3942
   1.000   0.7223   0.01300   0.00577  -0.0992  0.2500  0.2500  -1.4257   0.0000   0.3818
   1.500   0.7786   0.01321   0.00601  -0.0992  0.2500  0.2500  -1.5068   0.0000   0.3712
   2.000   0.8343   0.01344   0.00627  -0.0991  0.2500  0.2500  -1.5949   0.0000   0.3619
   2.500   0.8892   0.01370   0.00657  -0.0988  0.2500  0.2500  -1.6833   0.0000   0.3536
   3.000   0.9430   0.01399   0.00689  -0.0984  0.2461  0.2500  -1.7719   0.0000   0.3462
   3.500   0.9954   0.01436   0.00726  -0.0977  0.2391  0.2500  -1.8625   0.0000   0.3394
   4.000   1.0472   0.01475   0.00765  -0.0970  0.2321  0.2500  -1.9602   0.0000   0.3332
   4.500   1.0979   0.01518   0.00809  -0.0961  0.2244  0.2500  -2.0582   0.0000   0.3274
   5.000   1.1484   0.01561   0.00854  -0.0952  0.2185  0.2500  -2.1570   0.0000   0.3221
   5.500   1.1975   0.01611   0.00905  -0.0941  0.2115  0.2500  -2.2642   0.0000   0.3171
   6.000   1.2451   0.01665   0.00961  -0.0927  0.2045  0.2500  -2.3720   0.0000   0.3123
   6.500   1.2911   0.01724   0.01023  -0.0911  0.1979  0.2500  -2.4803   0.0000   0.3077
   7.000   1.3370   0.01785   0.01088  -0.0896  0.1918  0.2500  -2.5954   0.0000   0.3034
   7.500   1.3807   0.01857   0.01162  -0.0878  0.1842  0.2500  -2.7182   0.0000   0.2992
   8.000   1.4232   0.01932   0.01241  -0.0858  0.1778  0.2500  -2.8411   0.0000   0.2951
   8.500   1.4634   0.02020   0.01331  -0.0836  0.1707  0.2500  -2.9681   0.0000   0.2911
   9.000   1.5028   0.02111   0.01428  -0.0813  0.1639  0.2500  -3.1049   0.0000   0.2873
   9.500   1.5393   0.02221   0.01540  -0.0787  0.1565  0.2500  -3.2520   0.0000   0.2835
  10.000   1.5735   0.02343   0.01666  -0.0760  0.1486  0.2500  -3.4017   0.0000   0.2797
  10.500   1.6065   0.02475   0.01804  -0.0732  0.1419  0.2500  -3.5554   0.0000   0.2761
  11.000   1.6349   0.02640   0.01973  -0.0701  0.1344  0.2500  -3.7189   0.0000   0.2725
  11.500   1.6621   0.02819   0.02158  -0.0672  0.1269  0.2500  -3.8867   0.0000   0.2690
  12.000   1.6863   0.03027   0.02372  -0.0642  0.1195  0.2500  -4.0529   0.0000   0.2657
  12.500   1.7059   0.03278   0.02628  -0.0611  0.1123  0.2500  -4.2222   0.0000   0.2624
  13.000   1.7229   0.03563   0.02920  -0.0583  0.1053  0.2500  -4.3889   0.0000   0.2593
  13.500   1.7377   0.03881   0.03247  -0.0558  0.0987  0.2500  -4.5558   0.0000   0.2565
  14.000   1.7460   0.04273   0.03647  -0.0536  0.0922  0.2500  -4.7061   0.0000   0.2539
  14.500   1.7489   0.04739   0.04122  -0.0517  0.0859  0.2500  -4.8406   0.0000   0.2516
  15.000   1.7516   0.05234   0.04630  -0.0506  0.0807  0.2500  -4.9734   0.0000   0.2496
  15.500   1.7458   0.05844   0.05253  -0.0501  0.0759  0.2500  -5.0837   0.0000   0.2481
  16.000   1.7342   0.06552   0.05975  -0.0505  0.0712  0.2500  -5.1722   0.0000   0.2472
  16.500   1.7180   0.07343   0.06783  -0.0516  0.0674  0.2500  -5.2413   0.0000   0.2467
  17.000   1.6929   0.08273   0.07730  -0.0539  0.0636  0.2500  -5.2848   0.0000   0.2470
  17.500   1.6675   0.09232   0.08708  -0.0569  0.0608  0.2500  -5.3204   0.0000   0.2478
  18.000   1.6370   0.10279   0.09774  -0.0610  0.0577  0.2500  -5.3278   0.0000   0.2494
  18.500   1.6065   0.11343   0.10856  -0.0659  0.0550  0.2500  -5.3246   0.0000   0.2516
  19.000   1.5801   0.12367   0.11896  -0.0713  0.0521  0.2500  -5.3278   0.0000   0.2542
  19.500   1.5559   0.13368   0.12912  -0.0772  0.0494  0.2500  -5.3301   0.0000   0.2571
  20.000   1.5401   0.14254   0.13810  -0.0830  0.0467  0.2500  -5.3623   0.0000   0.2598
  20.500   1.5223   0.15180   0.14749  -0.0895  0.0441  0.2500  -5.3758   0.0000   0.2631
  21.000   1.5115   0.16004   0.15584  -0.0957  0.0413  0.2500  -5.4162   0.0000   0.2660
  21.500   1.5021   0.16805   0.16394  -0.1021  0.0389  0.2500  -5.4571   0.0000   0.2690
  22.000   1.4961   0.17555   0.17155  -0.1083  0.0367  0.2500  -5.5098   0.0000   0.2717
  22.500   1.4904   0.18302   0.17911  -0.1149  0.0347  0.2500  -5.5580   0.0000   0.2747
  23.000   1.4876   0.19002   0.18620  -0.1212  0.0326  0.2500  -5.6178   0.0000   0.2774
  23.500   1.4844   0.19708   0.19334  -0.1278  0.0307  0.2500  -5.6695   0.0000   0.2803
  24.000   1.4855   0.20336   0.19970  -0.1340  0.0289  0.2500  -5.7456   0.0000   0.2826
  24.500   1.4824   0.21037   0.20679  -0.1409  0.0273  0.2500  -5.7937   0.0000   0.2856
  25.000   1.4837   0.21657   0.21308  -0.1473  0.0259  0.2500  -5.8778   0.0000   0.2880


