xflr5 v6.47

 Calculated polar for: NACA24018_theta30_Ku4.5_Kl0.5_d0.00_delta0.00

 1 1 Reynolds number fixed          Mach number fixed         

 xtrf =   0.250 (top)        0.250 (bottom)
 Mach =   0.000     Re =     0.900 e 6     Ncrit =   5.000

  alpha     CL        CD       CDp       Cm    Top Xtr Bot Xtr   Cpmin    Chinge    XCp    
 ------- -------- --------- --------- -------- ------- ------- -------- --------- ---------
 -15.000  -1.0122   0.02726   0.01956  -0.0954  0.2500  0.0266  -6.7147   0.0000   0.1315
 -14.500  -0.9934   0.02537   0.01760  -0.0925  0.2500  0.0273  -6.4732   0.0000   0.1334
 -14.000  -0.9710   0.02381   0.01596  -0.0896  0.2500  0.0281  -6.2187   0.0000   0.1352
 -13.500  -0.9465   0.02246   0.01452  -0.0864  0.2500  0.0289  -5.9592   0.0000   0.1370
 -13.000  -0.9200   0.02129   0.01325  -0.0832  0.2500  0.0296  -5.7045   0.0000   0.1387
 -12.500  -0.8941   0.02015   0.01205  -0.0795  0.2500  0.0305  -5.4553   0.0000   0.1408
 -12.000  -0.8654   0.01920   0.01105  -0.0760  0.2500  0.0316  -5.1983   0.0000   0.1427
 -11.500  -0.8345   0.01838   0.01016  -0.0724  0.2500  0.0328  -4.9387   0.0000   0.1443
 -11.000  -0.8031   0.01762   0.00933  -0.0687  0.2500  0.0339  -4.6824   0.0000   0.1461
 -10.500  -0.7708   0.01691   0.00858  -0.0650  0.2500  0.0352  -4.4301   0.0000   0.1480
 -10.000  -0.7364   0.01630   0.00792  -0.0614  0.2500  0.0367  -4.1832   0.0000   0.1494
  -9.500  -0.7016   0.01572   0.00730  -0.0578  0.2500  0.0383  -3.9397   0.0000   0.1510
  -9.000  -0.6659   0.01519   0.00673  -0.0541  0.2500  0.0403  -3.6981   0.0000   0.1525
  -8.500  -0.6290   0.01473   0.00622  -0.0505  0.2500  0.0421  -3.4600   0.0000   0.1539
  -8.000  -0.5931   0.01430   0.00578  -0.0466  0.2500  0.0445  -3.2376   0.0000   0.1560
  -7.500  -0.5565   0.01398   0.00543  -0.0427  0.2500  0.0470  -3.0188   0.0000   0.1582
  -7.000  -0.5191   0.01366   0.00510  -0.0389  0.2500  0.0501  -2.8029   0.0000   0.1603
  -6.500  -0.4772   0.01335   0.00477  -0.0360  0.2500  0.0537  -2.5824   0.0000   0.1600
  -6.000  -0.4335   0.01307   0.00447  -0.0334  0.2500  0.0575  -2.3722   0.0000   0.1585
  -5.500  -0.3894   0.01278   0.00419  -0.0309  0.2500  0.0627  -2.1678   0.0000   0.1564
  -5.000  -0.3442   0.01251   0.00393  -0.0286  0.2500  0.0685  -1.9703   0.0000   0.1527
  -4.500  -0.2982   0.01227   0.00370  -0.0264  0.2500  0.0757  -1.7825   0.0000   0.1472
  -4.000  -0.2516   0.01204   0.00349  -0.0243  0.2500  0.0848  -1.6063   0.0000   0.1388
  -3.000  -0.1577   0.01158   0.00313  -0.0202  0.2500  0.1135  -1.2763   0.0000   0.1056
  -2.500  -0.1110   0.01133   0.00297  -0.0181  0.2500  0.1382  -1.1243   0.0000   0.0683
  -2.000  -0.0660   0.01098   0.00279  -0.0157  0.2500  0.1834  -0.9852   0.0000  -0.0112
  -1.500  -0.0226   0.01057   0.00261  -0.0131  0.2500  0.2500  -0.8572   0.0000  -0.3738
  -1.000   0.0291   0.01058   0.00257  -0.0119  0.2500  0.2500  -0.7896   0.0000   0.6739
  -0.500   0.0808   0.01060   0.00255  -0.0107  0.2500  0.2500  -0.8483   0.0000   0.3814
   0.000   0.1325   0.01062   0.00255  -0.0096  0.2500  0.2500  -0.9091   0.0000   0.3171
   0.500   0.1840   0.01066   0.00256  -0.0084  0.2500  0.2500  -0.9712   0.0000   0.2888
   1.000   0.2353   0.01070   0.00259  -0.0072  0.2500  0.2500  -1.0361   0.0000   0.2727
   1.500   0.2864   0.01075   0.00264  -0.0060  0.2500  0.2500  -1.1015   0.0000   0.2622
   2.000   0.3372   0.01081   0.00270  -0.0047  0.2500  0.2500  -1.1694   0.0000   0.2547
   2.500   0.3877   0.01088   0.00278  -0.0034  0.2500  0.2500  -1.2401   0.0000   0.2490
   3.000   0.4377   0.01096   0.00288  -0.0020  0.2500  0.2500  -1.3135   0.0000   0.2444
   3.500   0.4873   0.01105   0.00299  -0.0006  0.2500  0.2500  -1.3879   0.0000   0.2405
   4.000   0.5363   0.01115   0.00312   0.0009  0.2500  0.2500  -1.4656   0.0000   0.2371
   4.500   0.5846   0.01126   0.00328   0.0026  0.2500  0.2500  -1.5434   0.0000   0.2339
   5.000   0.6319   0.01139   0.00345   0.0044  0.2500  0.2500  -1.6246   0.0000   0.2309
   5.500   0.6752   0.01158   0.00364   0.0069  0.2448  0.2500  -1.7035   0.0000   0.2270
   6.000   0.7176   0.01174   0.00382   0.0097  0.2385  0.2500  -1.7844   0.0000   0.2233
   6.500   0.7578   0.01197   0.00405   0.0127  0.2319  0.2500  -1.8699   0.0000   0.2194
   7.000   0.8000   0.01221   0.00431   0.0153  0.2258  0.2500  -1.9584   0.0000   0.2164
   7.500   0.8398   0.01256   0.00465   0.0182  0.2189  0.2500  -2.0464   0.0000   0.2132
   8.000   0.8816   0.01285   0.00499   0.0207  0.2135  0.2500  -2.1423   0.0000   0.2108
   8.500   0.9203   0.01325   0.00540   0.0236  0.2069  0.2500  -2.2384   0.0000   0.2080
   9.000   0.9603   0.01361   0.00581   0.0263  0.2011  0.2500  -2.3395   0.0000   0.2056
   9.500   0.9969   0.01410   0.00631   0.0293  0.1945  0.2500  -2.4396   0.0000   0.2029
  10.000   1.0351   0.01454   0.00681   0.0320  0.1890  0.2500  -2.5472   0.0000   0.2006
  11.000   1.1045   0.01570   0.00804   0.0381  0.1761  0.2500  -2.7767   0.0000   0.1955
  11.500   1.1360   0.01644   0.00881   0.0413  0.1696  0.2500  -2.9037   0.0000   0.1928
  12.000   1.1679   0.01719   0.00962   0.0443  0.1635  0.2500  -3.0328   0.0000   0.1904
  12.500   1.1963   0.01813   0.01060   0.0475  0.1564  0.2500  -3.1572   0.0000   0.1878
  13.000   1.2221   0.01925   0.01175   0.0507  0.1494  0.2500  -3.2917   0.0000   0.1850
  13.500   1.2490   0.02039   0.01297   0.0535  0.1441  0.2500  -3.4373   0.0000   0.1827
  14.000   1.2699   0.02193   0.01454   0.0566  0.1372  0.2500  -3.5767   0.0000   0.1800
  14.500   1.2902   0.02361   0.01628   0.0594  0.1300  0.2500  -3.7261   0.0000   0.1775
  15.000   1.3079   0.02559   0.01833   0.0619  0.1238  0.2500  -3.8720   0.0000   0.1751
  15.500   1.3199   0.02811   0.02090   0.0643  0.1173  0.2500  -4.0091   0.0000   0.1725
  16.000   1.3317   0.03088   0.02375   0.0662  0.1108  0.2500  -4.1479   0.0000   0.1704
  16.500   1.3384   0.03426   0.02721   0.0677  0.1049  0.2500  -4.2753   0.0000   0.1683
  17.500   1.3385   0.04301   0.03616   0.0692  0.0938  0.2500  -4.4963   0.0000   0.1645
  18.000   1.3295   0.04871   0.04196   0.0690  0.0889  0.2500  -4.5794   0.0000   0.1629
  18.500   1.3156   0.05525   0.04862   0.0682  0.0840  0.2500  -4.6447   0.0000   0.1615
  19.000   1.2974   0.06261   0.05612   0.0666  0.0799  0.2500  -4.6932   0.0000   0.1604
  19.500   1.2709   0.07125   0.06489   0.0644  0.0756  0.2500  -4.7065   0.0000   0.1596
  20.000   1.2470   0.07989   0.07367   0.0617  0.0719  0.2500  -4.7231   0.0000   0.1593
  20.500   1.2152   0.08986   0.08377   0.0581  0.0681  0.2500  -4.7048   0.0000   0.1593
  21.000   1.1934   0.09878   0.09282   0.0547  0.0645  0.2500  -4.7183   0.0000   0.1598
  21.500   1.1658   0.10870   0.10285   0.0505  0.0610  0.2500  -4.7005   0.0000   0.1608
  22.000   1.1507   0.11707   0.11134   0.0466  0.0577  0.2500  -4.7283   0.0000   0.1621
  22.500   1.1313   0.12615   0.12051   0.0422  0.0544  0.2500  -4.7302   0.0000   0.1638
  23.000   1.1205   0.13410   0.12856   0.0381  0.0511  0.2500  -4.7640   0.0000   0.1657
  23.500   1.1096   0.14209   0.13663   0.0337  0.0482  0.2500  -4.7910   0.0000   0.1678
  24.000   1.1008   0.14983   0.14445   0.0292  0.0452  0.2500  -4.8267   0.0000   0.1702
  24.500   1.0953   0.15707   0.15177   0.0247  0.0427  0.2500  -4.8738   0.0000   0.1726
  25.000   1.0891   0.16443   0.15920   0.0200  0.0402  0.2500  -4.9139   0.0000   0.1753


