xflr5 v6.47

 Calculated polar for: NACA24018_theta30_Ku4.5_Kl0.5_d0.14_delta3.44

 1 1 Reynolds number fixed          Mach number fixed         

 xtrf =   0.250 (top)        0.250 (bottom)
 Mach =   0.000     Re =     0.200 e 6     Ncrit =   5.000

  alpha     CL        CD       CDp       Cm    Top Xtr Bot Xtr   Cpmin    Chinge    XCp    
 ------- -------- --------- --------- -------- ------- ------- -------- --------- ---------
 -15.000  -0.6524   0.04440   0.03530  -0.1191  0.2500  0.0469  -4.9771   0.0000   0.0380
 -14.500  -0.6386   0.04187   0.03271  -0.1175  0.2500  0.0480  -4.8060   0.0000   0.0376
 -14.000  -0.6262   0.03934   0.03003  -0.1154  0.2500  0.0494  -4.6481   0.0000   0.0384
 -13.500  -0.6127   0.03692   0.02734  -0.1129  0.2500  0.0512  -4.4965   0.0000   0.0396
 -13.000  -0.5941   0.03501   0.02535  -0.1101  0.2500  0.0526  -4.3140   0.0000   0.0394
 -12.500  -0.5758   0.03332   0.02357  -0.1069  0.2500  0.0543  -4.1302   0.0000   0.0398
 -12.000  -0.5574   0.03173   0.02179  -0.1032  0.2500  0.0566  -3.9640   0.0000   0.0411
 -11.500  -0.5406   0.03034   0.02036  -0.0990  0.2500  0.0584  -3.7941   0.0000   0.0441
 -11.000  -0.5258   0.02908   0.01904  -0.0940  0.2500  0.0605  -3.6324   0.0000   0.0494
 -10.500  -0.5014   0.02783   0.01765  -0.0904  0.2500  0.0633  -3.4504   0.0000   0.0485
 -10.000  -0.4720   0.02664   0.01644  -0.0876  0.2500  0.0663  -3.2511   0.0000   0.0436
  -9.500  -0.4373   0.02553   0.01523  -0.0853  0.2500  0.0700  -3.0468   0.0000   0.0341
  -9.000  -0.3982   0.02451   0.01417  -0.0838  0.2500  0.0744  -2.8417   0.0000   0.0187
  -8.500  -0.3553   0.02353   0.01316  -0.0828  0.2500  0.0793  -2.6339   0.0000  -0.0045
  -8.000  -0.3083   0.02266   0.01225  -0.0824  0.2500  0.0856  -2.4241   0.0000  -0.0398
  -7.500  -0.2574   0.02189   0.01144  -0.0826  0.2500  0.0936  -2.2181   0.0000  -0.0953
  -7.000  -0.2027   0.02119   0.01073  -0.0834  0.2500  0.1035  -2.0095   0.0000  -0.1893
  -6.500  -0.1444   0.02056   0.01011  -0.0849  0.2500  0.1171  -1.8053   0.0000  -0.3728
  -6.000  -0.0825   0.02002   0.00960  -0.0869  0.2500  0.1373  -1.6047   0.0000  -0.8577
  -5.500  -0.0150   0.01947   0.00918  -0.0902  0.2500  0.1747  -1.4073   0.0000  -6.0304
  -5.000   0.0616   0.01890   0.00887  -0.0953  0.2500  0.2500  -1.2098   0.0000   1.8491
  -4.500   0.1205   0.01898   0.00877  -0.0959  0.2500  0.2500  -1.0483   0.0000   1.0681
  -4.000   0.1788   0.01910   0.00875  -0.0964  0.2500  0.2500  -0.8956   0.0000   0.8009
  -3.500   0.2366   0.01926   0.00879  -0.0967  0.2500  0.2500  -0.8165   0.0000   0.6655
  -3.000   0.2940   0.01945   0.00889  -0.0971  0.2500  0.2500  -0.8763   0.0000   0.5835
  -2.500   0.3508   0.01968   0.00904  -0.0973  0.2500  0.2500  -0.9400   0.0000   0.5284
  -2.000   0.4072   0.01993   0.00924  -0.0974  0.2500  0.2500  -1.0063   0.0000   0.4887
  -1.500   0.4629   0.02022   0.00949  -0.0974  0.2500  0.2500  -1.0730   0.0000   0.4587
  -1.000   0.5182   0.02054   0.00979  -0.0973  0.2500  0.2500  -1.1403   0.0000   0.4350
  -0.500   0.5727   0.02089   0.01013  -0.0972  0.2500  0.2500  -1.2108   0.0000   0.4159
   0.000   0.6266   0.02127   0.01052  -0.0969  0.2500  0.2500  -1.2839   0.0000   0.4000
   0.500   0.6798   0.02169   0.01097  -0.0965  0.2500  0.2500  -1.3584   0.0000   0.3866
   1.000   0.7321   0.02215   0.01146  -0.0959  0.2500  0.2500  -1.4342   0.0000   0.3750
   1.500   0.7836   0.02264   0.01202  -0.0953  0.2500  0.2500  -1.5123   0.0000   0.3649
   2.000   0.8341   0.02318   0.01262  -0.0945  0.2500  0.2500  -1.5910   0.0000   0.3559
   2.500   0.8839   0.02376   0.01328  -0.0936  0.2500  0.2500  -1.6731   0.0000   0.3478
   3.000   0.9328   0.02438   0.01400  -0.0926  0.2500  0.2500  -1.7589   0.0000   0.3405
   3.500   0.9808   0.02506   0.01478  -0.0915  0.2500  0.2500  -1.8445   0.0000   0.3339
   4.000   1.0275   0.02580   0.01563  -0.0902  0.2500  0.2500  -1.9330   0.0000   0.3277
   4.500   1.0734   0.02659   0.01655  -0.0889  0.2500  0.2500  -2.0225   0.0000   0.3220
   5.000   1.1184   0.02743   0.01753  -0.0874  0.2500  0.2500  -2.1156   0.0000   0.3167
   5.500   1.1625   0.02835   0.01859  -0.0859  0.2500  0.2500  -2.2118   0.0000   0.3117
   6.000   1.2060   0.02933   0.01971  -0.0843  0.2500  0.2500  -2.3125   0.0000   0.3070
   6.500   1.2496   0.03035   0.02089  -0.0828  0.2500  0.2500  -2.4149   0.0000   0.3026
   7.000   1.2939   0.03142   0.02211  -0.0815  0.2500  0.2500  -2.5220   0.0000   0.2986
   7.500   1.3304   0.03272   0.02360  -0.0792  0.2437  0.2500  -2.6320   0.0000   0.2943
   8.000   1.3612   0.03429   0.02523  -0.0764  0.2371  0.2500  -2.7360   0.0000   0.2901
   8.500   1.3920   0.03592   0.02710  -0.0737  0.2299  0.2500  -2.8395   0.0000   0.2860
   9.000   1.4181   0.03785   0.02911  -0.0707  0.2234  0.2500  -2.9513   0.0000   0.2821
   9.500   1.4440   0.03992   0.03142  -0.0680  0.2166  0.2500  -3.0674   0.0000   0.2784
  10.000   1.4650   0.04236   0.03399  -0.0652  0.2100  0.2500  -3.1792   0.0000   0.2748
  10.500   1.4848   0.04505   0.03691  -0.0626  0.2030  0.2500  -3.3004   0.0000   0.2715
  11.000   1.5004   0.04816   0.04017  -0.0602  0.1967  0.2500  -3.4142   0.0000   0.2684
  11.500   1.5151   0.05158   0.04384  -0.0582  0.1902  0.2500  -3.5364   0.0000   0.2656
  12.000   1.5244   0.05557   0.04799  -0.0564  0.1837  0.2500  -3.6506   0.0000   0.2630
  12.500   1.5312   0.06006   0.05274  -0.0552  0.1769  0.2500  -3.7613   0.0000   0.2609
  13.000   1.5336   0.06514   0.05796  -0.0545  0.1706  0.2500  -3.8660   0.0000   0.2591
  13.500   1.5333   0.07085   0.06397  -0.0544  0.1640  0.2500  -3.9606   0.0000   0.2579
  14.000   1.5293   0.07709   0.07034  -0.0550  0.1579  0.2500  -4.0477   0.0000   0.2570
  14.500   1.5204   0.08433   0.07790  -0.0566  0.1510  0.2500  -4.1146   0.0000   0.2569
  15.000   1.5101   0.09184   0.08558  -0.0589  0.1448  0.2500  -4.1784   0.0000   0.2573
  15.500   1.4954   0.10022   0.09422  -0.0623  0.1382  0.2500  -4.2236   0.0000   0.2585
  16.000   1.4809   0.10871   0.10292  -0.0663  0.1320  0.2500  -4.2643   0.0000   0.2601
  16.500   1.4679   0.11710   0.11146  -0.0709  0.1257  0.2500  -4.3066   0.0000   0.2622
  17.000   1.4477   0.12679   0.12140  -0.0768  0.1190  0.2500  -4.3122   0.0000   0.2654
  17.500   1.4359   0.13521   0.12996  -0.0824  0.1128  0.2500  -4.3454   0.0000   0.2682
  18.000   1.4246   0.14367   0.13855  -0.0885  0.1064  0.2500  -4.3730   0.0000   0.2714
  18.500   1.4066   0.15337   0.14845  -0.0960  0.0999  0.2500  -4.3588   0.0000   0.2760
  19.000   1.4003   0.16110   0.15630  -0.1022  0.0940  0.2500  -4.3956   0.0000   0.2791
  19.500   1.4021   0.16741   0.16266  -0.1075  0.0884  0.2500  -4.4725   0.0000   0.2812
  20.000   1.3849   0.17729   0.17274  -0.1162  0.0822  0.2500  -4.4350   0.0000   0.2868
  20.500   1.3783   0.18526   0.18084  -0.1234  0.0767  0.2500  -4.4469   0.0000   0.2908
  21.000   1.3869   0.19032   0.18593  -0.1282  0.0723  0.2500  -4.5532   0.0000   0.2921
  21.500   1.3801   0.19842   0.19416  -0.1359  0.0672  0.2500  -4.5537   0.0000   0.2965
  22.000   1.3698   0.20729   0.20318  -0.1447  0.0621  0.2500  -4.5203   0.0000   0.3019
  22.500   1.3677   0.21454   0.21053  -0.1520  0.0579  0.2500  -4.5411   0.0000   0.3058
  23.000   1.3793   0.21884   0.21487  -0.1567  0.0545  0.2500  -4.6665   0.0000   0.3065
  23.500   1.3622   0.22943   0.22562  -0.1675  0.0497  0.2500  -4.5401   0.0000   0.3142
  24.500   1.3749   0.24019   0.23651  -0.1796  0.0439  0.2500  -4.6708   0.0000   0.3181
  25.000   1.3565   0.25173   0.24819  -0.1915  0.0393  0.2500  -4.4538   0.0000   0.3271


