xflr5 v6.47

 Calculated polar for: NACA24018_theta30_Ku4.5_Kl0.5_d0.00_delta0.00

 1 1 Reynolds number fixed          Mach number fixed         

 xtrf =   0.250 (top)        0.250 (bottom)
 Mach =   0.000     Re =     2.000 e 6     Ncrit =   5.000

  alpha     CL        CD       CDp       Cm    Top Xtr Bot Xtr   Cpmin    Chinge    XCp    
 ------- -------- --------- --------- -------- ------- ------- -------- --------- ---------
 -15.000  -1.0937   0.02087   0.01386  -0.0911  0.2500  0.0225  -7.1142   0.0000   0.1434
 -14.500  -1.0673   0.01974   0.01266  -0.0878  0.2500  0.0230  -6.8286   0.0000   0.1452
 -14.000  -1.0396   0.01873   0.01158  -0.0844  0.2500  0.0234  -6.5417   0.0000   0.1471
 -13.500  -1.0119   0.01776   0.01058  -0.0808  0.2500  0.0242  -6.2585   0.0000   0.1492
 -13.000  -0.9823   0.01694   0.00971  -0.0772  0.2500  0.0250  -5.9758   0.0000   0.1512
 -12.500  -0.9506   0.01622   0.00895  -0.0736  0.2500  0.0259  -5.6956   0.0000   0.1531
 -12.000  -0.9173   0.01560   0.00827  -0.0701  0.2500  0.0265  -5.4151   0.0000   0.1547
 -11.500  -0.8843   0.01497   0.00761  -0.0663  0.2500  0.0276  -5.1406   0.0000   0.1567
 -11.000  -0.8495   0.01442   0.00703  -0.0627  0.2500  0.0286  -4.8648   0.0000   0.1585
 -10.500  -0.8130   0.01394   0.00652  -0.0593  0.2500  0.0296  -4.5897   0.0000   0.1600
 -10.000  -0.7766   0.01346   0.00602  -0.0557  0.2500  0.0310  -4.3302   0.0000   0.1617
  -9.500  -0.7392   0.01303   0.00557  -0.0521  0.2500  0.0323  -4.0728   0.0000   0.1633
  -9.000  -0.7005   0.01267   0.00517  -0.0487  0.2500  0.0335  -3.8177   0.0000   0.1648
  -8.500  -0.6636   0.01233   0.00482  -0.0448  0.2500  0.0353  -3.5730   0.0000   0.1672
  -8.000  -0.6260   0.01208   0.00456  -0.0410  0.2500  0.0371  -3.3398   0.0000   0.1696
  -7.500  -0.5853   0.01181   0.00428  -0.0378  0.2500  0.0392  -3.1068   0.0000   0.1709
  -7.000  -0.5410   0.01155   0.00401  -0.0353  0.2500  0.0414  -2.8708   0.0000   0.1706
  -6.500  -0.4959   0.01129   0.00376  -0.0329  0.2500  0.0445  -2.6397   0.0000   0.1697
  -6.000  -0.4494   0.01107   0.00353  -0.0307  0.2500  0.0475  -2.4179   0.0000   0.1676
  -5.500  -0.4023   0.01085   0.00332  -0.0287  0.2500  0.0515  -2.2046   0.0000   0.1647
  -5.000  -0.3545   0.01064   0.00312  -0.0268  0.2500  0.0559  -1.9984   0.0000   0.1604
  -4.500  -0.3061   0.01044   0.00294  -0.0250  0.2500  0.0613  -1.8042   0.0000   0.1542
  -4.000  -0.2570   0.01026   0.00278  -0.0233  0.2500  0.0673  -1.6221   0.0000   0.1448
  -3.500  -0.2077   0.01009   0.00264  -0.0217  0.2500  0.0751  -1.4465   0.0000   0.1304
  -3.000  -0.1581   0.00992   0.00251  -0.0201  0.2500  0.0852  -1.2811   0.0000   0.1063
  -2.500  -0.1083   0.00976   0.00240  -0.0186  0.2500  0.0979  -1.1237   0.0000   0.0594
  -2.000  -0.0587   0.00959   0.00230  -0.0171  0.2500  0.1162  -0.9769   0.0000  -0.0658
  -1.500  -0.0096   0.00939   0.00220  -0.0154  0.2500  0.1441  -0.8415   0.0000  -1.4431
  -1.000   0.0373   0.00910   0.00210  -0.0133  0.2500  0.1968  -0.7947   0.0000   0.6187
  -0.500   0.0848   0.00885   0.00201  -0.0114  0.2500  0.2500  -0.8510   0.0000   0.3830
   0.000   0.1380   0.00887   0.00201  -0.0105  0.2500  0.2500  -0.9130   0.0000   0.3213
   0.500   0.1912   0.00889   0.00202  -0.0097  0.2500  0.2500  -0.9769   0.0000   0.2939
   1.000   0.2442   0.00892   0.00204  -0.0088  0.2500  0.2500  -1.0432   0.0000   0.2783
   1.500   0.2970   0.00896   0.00208  -0.0079  0.2500  0.2500  -1.1101   0.0000   0.2682
   2.000   0.3497   0.00900   0.00212  -0.0070  0.2500  0.2500  -1.1798   0.0000   0.2609
   2.500   0.4021   0.00905   0.00218  -0.0060  0.2500  0.2500  -1.2528   0.0000   0.2555
   3.000   0.4542   0.00910   0.00225  -0.0050  0.2500  0.2500  -1.3282   0.0000   0.2511
   3.500   0.5050   0.00920   0.00234  -0.0038  0.2466  0.2500  -1.4048   0.0000   0.2471
   4.000   0.5551   0.00931   0.00245  -0.0025  0.2403  0.2500  -1.4840   0.0000   0.2436
   4.500   0.6040   0.00946   0.00258  -0.0010  0.2333  0.2500  -1.5632   0.0000   0.2402
   5.000   0.6529   0.00960   0.00271   0.0005  0.2272  0.2500  -1.6470   0.0000   0.2372
   5.500   0.7001   0.00977   0.00287   0.0023  0.2205  0.2500  -1.7302   0.0000   0.2342
   6.000   0.7470   0.00992   0.00302   0.0041  0.2146  0.2500  -1.8175   0.0000   0.2314
   6.500   0.7886   0.01011   0.00319   0.0070  0.2073  0.2500  -1.9052   0.0000   0.2275
   7.000   0.8312   0.01025   0.00335   0.0097  0.2028  0.2500  -1.9950   0.0000   0.2241
   7.500   0.8720   0.01049   0.00359   0.0126  0.1957  0.2500  -2.0855   0.0000   0.2207
   8.000   0.9143   0.01074   0.00385   0.0152  0.1903  0.2500  -2.1844   0.0000   0.2180
   8.500   0.9548   0.01106   0.00417   0.0180  0.1837  0.2500  -2.2835   0.0000   0.2151
   9.000   0.9961   0.01136   0.00449   0.0205  0.1784  0.2500  -2.3886   0.0000   0.2126
   9.500   1.0345   0.01174   0.00487   0.0235  0.1714  0.2500  -2.4922   0.0000   0.2098
  10.000   1.0734   0.01212   0.00526   0.0263  0.1649  0.2500  -2.6064   0.0000   0.2073
  10.500   1.1099   0.01257   0.00572   0.0294  0.1582  0.2500  -2.7244   0.0000   0.2045
  11.000   1.1454   0.01307   0.00622   0.0326  0.1514  0.2500  -2.8487   0.0000   0.2018
  11.500   1.1792   0.01363   0.00680   0.0358  0.1439  0.2500  -2.9813   0.0000   0.1991
  12.000   1.2109   0.01428   0.00746   0.0392  0.1376  0.2500  -3.1120   0.0000   0.1962
  12.500   1.2435   0.01493   0.00814   0.0423  0.1323  0.2500  -3.2472   0.0000   0.1937
  13.000   1.2708   0.01581   0.00902   0.0459  0.1241  0.2500  -3.3946   0.0000   0.1907
  13.500   1.2958   0.01684   0.01006   0.0496  0.1167  0.2500  -3.5396   0.0000   0.1876
  14.000   1.3200   0.01798   0.01121   0.0530  0.1099  0.2500  -3.6970   0.0000   0.1848
  14.500   1.3418   0.01931   0.01257   0.0564  0.1031  0.2500  -3.8548   0.0000   0.1819
  15.000   1.3605   0.02091   0.01420   0.0596  0.0966  0.2500  -4.0107   0.0000   0.1790
  15.500   1.3755   0.02287   0.01618   0.0628  0.0901  0.2500  -4.1609   0.0000   0.1761
  16.000   1.3896   0.02507   0.01842   0.0655  0.0843  0.2500  -4.3141   0.0000   0.1735
  16.500   1.4011   0.02765   0.02106   0.0677  0.0789  0.2500  -4.4635   0.0000   0.1711
  17.000   1.4069   0.03089   0.02435   0.0697  0.0735  0.2500  -4.5990   0.0000   0.1686
  17.500   1.4083   0.03476   0.02828   0.0711  0.0682  0.2500  -4.7244   0.0000   0.1664
  18.000   1.4086   0.03906   0.03266   0.0718  0.0641  0.2500  -4.8497   0.0000   0.1645
  18.500   1.4015   0.04434   0.03804   0.0720  0.0602  0.2500  -4.9498   0.0000   0.1627
  19.000   1.3908   0.05030   0.04410   0.0715  0.0568  0.2500  -5.0370   0.0000   0.1612
  19.500   1.3739   0.05721   0.05113   0.0704  0.0538  0.2500  -5.1003   0.0000   0.1599
  20.000   1.3508   0.06514   0.05918   0.0685  0.0510  0.2500  -5.1361   0.0000   0.1588
  20.500   1.3224   0.07401   0.06820   0.0660  0.0486  0.2500  -5.1455   0.0000   0.1580
  21.000   1.2943   0.08312   0.07745   0.0630  0.0463  0.2500  -5.1490   0.0000   0.1576
  21.500   1.2618   0.09307   0.08753   0.0594  0.0442  0.2500  -5.1274   0.0000   0.1576
  22.000   1.2375   0.10225   0.09684   0.0557  0.0425  0.2500  -5.1309   0.0000   0.1582
  22.500   1.2098   0.11207   0.10678   0.0514  0.0405  0.2500  -5.1121   0.0000   0.1591
  23.000   1.1920   0.12069   0.11551   0.0473  0.0386  0.2500  -5.1286   0.0000   0.1603
  23.500   1.1754   0.12922   0.12414   0.0430  0.0364  0.2500  -5.1473   0.0000   0.1619
  24.000   1.1604   0.13766   0.13268   0.0384  0.0346  0.2500  -5.1668   0.0000   0.1638
  24.500   1.1488   0.14561   0.14072   0.0338  0.0328  0.2500  -5.1974   0.0000   0.1659
  25.000   1.1390   0.15337   0.14856   0.0291  0.0311  0.2500  -5.2342   0.0000   0.1682


