xflr5 v6.47

 Calculated polar for: NACA24018_theta30_Ku4.5_Kl0.5_d0.35_delta13.38

 1 1 Reynolds number fixed          Mach number fixed         

 xtrf =   0.250 (top)        0.250 (bottom)
 Mach =   0.000     Re =     0.800 e 6     Ncrit =   5.000

  alpha     CL        CD       CDp       Cm    Top Xtr Bot Xtr   Cpmin    Chinge    XCp    
 ------- -------- --------- --------- -------- ------- ------- -------- --------- ---------
 -15.000  -0.0775   0.05711   0.05120  -0.1508  0.2500  0.0561  -3.1509   0.0000  -1.8446
 -14.500  -0.0016   0.05825   0.05230  -0.1558  0.2500  0.0592  -2.8332   0.0000  -102.6389
 -14.000   0.0723   0.05954   0.05353  -0.1602  0.2500  0.0629  -2.5305   0.0000   2.5960
 -13.500   0.1448   0.06097   0.05492  -0.1642  0.2500  0.0675  -2.2536   0.0000   1.4410
 -13.000   0.2177   0.06257   0.05649  -0.1681  0.2500  0.0729  -1.9987   0.0000   1.0555
 -12.500   0.2902   0.06430   0.05820  -0.1718  0.2500  0.0795  -1.7533   0.0000   0.8636
 -12.000   0.3610   0.06610   0.05998  -0.1752  0.2500  0.0872  -1.5200   0.0000   0.7497
 -11.500   0.4329   0.06806   0.06194  -0.1786  0.2500  0.0967  -1.2933   0.0000   0.6724
 -11.000   0.5040   0.07011   0.06400  -0.1819  0.2500  0.1091  -1.0812   0.0000   0.6172
 -10.500   0.5771   0.07239   0.06629  -0.1854  0.2500  0.1252  -0.9679   0.0000   0.5749
 -10.000   0.6510   0.07484   0.06877  -0.1890  0.2500  0.1479  -0.9906   0.0000   0.5419
  -9.500   0.7294   0.07770   0.07168  -0.1932  0.2500  0.1813  -1.0166   0.0000   0.5147
  -9.000   0.8310   0.08221   0.07631  -0.2011  0.2500  0.2500  -1.0611   0.0000   0.4903
  -8.500   0.8831   0.08363   0.07768  -0.2008  0.2500  0.2500  -1.1121   0.0000   0.4747
  -8.000   0.9344   0.08502   0.07903  -0.2005  0.2500  0.2500  -1.1776   0.0000   0.4608
  -7.500   0.9852   0.08640   0.08039  -0.2001  0.2500  0.2500  -1.2447   0.0000   0.4483
  -7.000   1.0358   0.08780   0.08176  -0.1996  0.2500  0.2500  -1.3168   0.0000   0.4371
  -6.500   1.0855   0.08916   0.08311  -0.1990  0.2500  0.2500  -1.3897   0.0000   0.4268
  -6.000   1.1337   0.09049   0.08444  -0.1982  0.2500  0.2500  -1.4621   0.0000   0.4175
  -5.500   1.1811   0.09180   0.08575  -0.1972  0.2500  0.2500  -1.5374   0.0000   0.4088
  -5.000   1.2282   0.09310   0.08706  -0.1962  0.2500  0.2500  -1.6166   0.0000   0.4008
  -4.500   1.2747   0.09436   0.08834  -0.1952  0.2500  0.2500  -1.6969   0.0000   0.3934
  -4.000   1.3207   0.09559   0.08960  -0.1940  0.2500  0.2500  -1.7775   0.0000   0.3864
  -3.500   1.3663   0.09681   0.09084  -0.1928  0.2500  0.2500  -1.8650   0.0000   0.3798
  -3.000   1.4117   0.09802   0.09210  -0.1915  0.2500  0.2500  -1.9542   0.0000   0.3736
  -2.500   1.4563   0.09921   0.09333  -0.1902  0.2500  0.2500  -2.0435   0.0000   0.3677
  -2.000   1.4999   0.10034   0.09451  -0.1887  0.2500  0.2500  -2.1325   0.0000   0.3622
  -1.500   1.5428   0.10147   0.09569  -0.1871  0.2500  0.2500  -2.2292   0.0000   0.3569
  -1.000   1.5848   0.10257   0.09685  -0.1854  0.2480  0.2500  -2.3261   0.0000   0.3518
  -0.500   1.6251   0.10371   0.09799  -0.1836  0.2394  0.2500  -2.4233   0.0000   0.3469
   0.000   1.6637   0.10494   0.09921  -0.1816  0.2319  0.2500  -2.5241   0.0000   0.3422
   0.500   1.7019   0.10617   0.10048  -0.1795  0.2249  0.2500  -2.6318   0.0000   0.3377
   1.000   1.7376   0.10750   0.10180  -0.1773  0.2165  0.2500  -2.7373   0.0000   0.3333
   1.500   1.7743   0.10872   0.10306  -0.1751  0.2091  0.2500  -2.8471   0.0000   0.3291
   2.000   1.8084   0.11004   0.10437  -0.1727  0.2016  0.2500  -2.9651   0.0000   0.3250
   2.500   1.8430   0.11124   0.10562  -0.1704  0.1944  0.2500  -3.0885   0.0000   0.3210
   3.000   1.8741   0.11262   0.10701  -0.1678  0.1864  0.2500  -3.2135   0.0000   0.3171
   3.500   1.9044   0.11407   0.10851  -0.1652  0.1794  0.2500  -3.3481   0.0000   0.3132
   4.000   1.9326   0.11561   0.11007  -0.1625  0.1718  0.2500  -3.4897   0.0000   0.3095
   4.500   1.9603   0.11711   0.11160  -0.1598  0.1635  0.2500  -3.6410   0.0000   0.3058
   5.000   1.9858   0.11878   0.11332  -0.1570  0.1558  0.2500  -3.7999   0.0000   0.3023
   5.500   2.0077   0.12071   0.11527  -0.1540  0.1476  0.2500  -3.9623   0.0000   0.2988
   6.000   2.0305   0.12251   0.11711  -0.1513  0.1395  0.2500  -4.1320   0.0000   0.2953
   6.500   2.0489   0.12465   0.11931  -0.1484  0.1319  0.2500  -4.3094   0.0000   0.2920
   7.000   2.0650   0.12689   0.12159  -0.1456  0.1239  0.2500  -4.4840   0.0000   0.2887
   7.500   2.0780   0.12940   0.12415  -0.1428  0.1164  0.2500  -4.6591   0.0000   0.2856
   8.000   2.0895   0.13204   0.12687  -0.1402  0.1086  0.2500  -4.8359   0.0000   0.2826
   8.500   2.0972   0.13501   0.12990  -0.1379  0.1011  0.2500  -5.0027   0.0000   0.2797
   9.000   2.1020   0.13825   0.13322  -0.1359  0.0942  0.2500  -5.1605   0.0000   0.2770
   9.500   2.1039   0.14177   0.13682  -0.1344  0.0876  0.2500  -5.3090   0.0000   0.2746
  10.000   2.1034   0.14551   0.14065  -0.1334  0.0813  0.2500  -5.4486   0.0000   0.2724
  10.500   2.1016   0.14939   0.14464  -0.1330  0.0757  0.2500  -5.5824   0.0000   0.2705
  11.000   2.0965   0.15357   0.14893  -0.1332  0.0700  0.2500  -5.7122   0.0000   0.2689
  11.500   2.0883   0.15805   0.15353  -0.1342  0.0648  0.2500  -5.8285   0.0000   0.2677
  12.000   2.0775   0.16280   0.15840  -0.1360  0.0604  0.2500  -5.9307   0.0000   0.2669
  12.500   2.0664   0.16759   0.16334  -0.1384  0.0564  0.2500  -6.0321   0.0000   0.2663
  13.000   2.0544   0.17248   0.16838  -0.1415  0.0530  0.2500  -6.1305   0.0000   0.2660
  13.500   2.0387   0.17785   0.17389  -0.1455  0.0497  0.2500  -6.2062   0.0000   0.2663
  14.000   2.0241   0.18308   0.17926  -0.1498  0.0463  0.2500  -6.2824   0.0000   0.2666
  14.500   2.0087   0.18842   0.18475  -0.1546  0.0433  0.2500  -6.3489   0.0000   0.2672
  15.000   1.9913   0.19404   0.19049  -0.1601  0.0404  0.2500  -6.3990   0.0000   0.2682
  15.500   1.9774   0.19919   0.19578  -0.1653  0.0376  0.2500  -6.4633   0.0000   0.2690
  16.000   1.9641   0.20426   0.20097  -0.1708  0.0353  0.2500  -6.5254   0.0000   0.2699
  16.500   1.9511   0.20928   0.20610  -0.1764  0.0331  0.2500  -6.5841   0.0000   0.2708
  17.000   1.9406   0.21390   0.21084  -0.1816  0.0311  0.2500  -6.6541   0.0000   0.2715
  17.500   1.9286   0.21871   0.21574  -0.1875  0.0291  0.2500  -6.7094   0.0000   0.2725


