xflr5 v6.47

 Calculated polar for: NACA24018_theta30_Ku4.5_Kl0.5_d0.14_delta3.44

 1 1 Reynolds number fixed          Mach number fixed         

 xtrf =   0.250 (top)        0.250 (bottom)
 Mach =   0.000     Re =     1.500 e 6     Ncrit =   5.000

  alpha     CL        CD       CDp       Cm    Top Xtr Bot Xtr   Cpmin    Chinge    XCp    
 ------- -------- --------- --------- -------- ------- ------- -------- --------- ---------
 -15.000  -0.8428   0.02402   0.01716  -0.1149  0.2500  0.0286  -6.0559   0.0000   0.0886
 -14.500  -0.8241   0.02276   0.01584  -0.1111  0.2500  0.0293  -5.8209   0.0000   0.0911
 -14.000  -0.8072   0.02164   0.01466  -0.1066  0.2500  0.0299  -5.6003   0.0000   0.0948
 -13.500  -0.8026   0.02059   0.01355  -0.0998  0.2500  0.0305  -5.4220   0.0000   0.1038
 -13.000  -0.7778   0.01958   0.01250  -0.0962  0.2500  0.0315  -5.1792   0.0000   0.1053
 -12.500  -0.7393   0.01872   0.01161  -0.0946  0.2500  0.0326  -4.8983   0.0000   0.1015
 -12.000  -0.6935   0.01801   0.01083  -0.0940  0.2500  0.0337  -4.6100   0.0000   0.0942
 -11.500  -0.6429   0.01731   0.01011  -0.0942  0.2500  0.0354  -4.3137   0.0000   0.0833
 -11.000  -0.5884   0.01674   0.00951  -0.0948  0.2500  0.0371  -4.0133   0.0000   0.0685
 -10.500  -0.5310   0.01624   0.00897  -0.0959  0.2500  0.0390  -3.7130   0.0000   0.0486
 -10.000  -0.4714   0.01582   0.00853  -0.0973  0.2500  0.0414  -3.4147   0.0000   0.0222
  -9.500  -0.4101   0.01544   0.00814  -0.0989  0.2500  0.0439  -3.1220   0.0000  -0.0136
  -9.000  -0.3478   0.01516   0.00782  -0.1006  0.2500  0.0466  -2.8472   0.0000  -0.0633
  -8.500  -0.2839   0.01488   0.00755  -0.1026  0.2500  0.0505  -2.5791   0.0000  -0.1381
  -8.000  -0.2195   0.01467   0.00733  -0.1046  0.2500  0.0544  -2.3285   0.0000  -0.2576
  -7.500  -0.1544   0.01450   0.00716  -0.1066  0.2500  0.0595  -2.0848   0.0000  -0.4804
  -7.000  -0.0888   0.01438   0.00704  -0.1087  0.2500  0.0653  -1.8527   0.0000  -1.0359
  -6.500  -0.0227   0.01429   0.00697  -0.1109  0.2500  0.0725  -1.6346   0.0000  -4.8399
  -6.000   0.0435   0.01423   0.00694  -0.1130  0.2500  0.0814  -1.4286   0.0000   2.9490
  -5.500   0.1103   0.01420   0.00694  -0.1153  0.2500  0.0938  -1.2379   0.0000   1.3292
  -5.000   0.1779   0.01420   0.00699  -0.1177  0.2500  0.1096  -1.0591   0.0000   0.9292
  -4.500   0.2470   0.01422   0.00709  -0.1204  0.2500  0.1341  -0.8858   0.0000   0.7477
  -4.000   0.3214   0.01424   0.00726  -0.1242  0.2500  0.1814  -0.8487   0.0000   0.6425
  -3.500   0.4005   0.01429   0.00751  -0.1290  0.2500  0.2500  -0.9238   0.0000   0.5754
  -3.000   0.4609   0.01447   0.00766  -0.1297  0.2500  0.2500  -0.9932   0.0000   0.5330
  -2.500   0.5209   0.01467   0.00783  -0.1304  0.2500  0.2500  -1.0638   0.0000   0.5004
  -2.000   0.5805   0.01488   0.00802  -0.1309  0.2500  0.2500  -1.1351   0.0000   0.4746
  -1.500   0.6397   0.01510   0.00824  -0.1314  0.2500  0.2500  -1.2071   0.0000   0.4535
  -1.000   0.6984   0.01534   0.00848  -0.1318  0.2500  0.2500  -1.2836   0.0000   0.4359
  -0.500   0.7568   0.01559   0.00873  -0.1322  0.2500  0.2500  -1.3636   0.0000   0.4210
   0.000   0.8146   0.01586   0.00901  -0.1324  0.2500  0.2500  -1.4443   0.0000   0.4081
   0.500   0.8720   0.01613   0.00931  -0.1326  0.2500  0.2500  -1.5285   0.0000   0.3969
   1.000   0.9289   0.01643   0.00963  -0.1326  0.2500  0.2500  -1.6141   0.0000   0.3870
   1.500   0.9852   0.01674   0.00997  -0.1326  0.2500  0.2500  -1.7017   0.0000   0.3781
   2.000   1.0406   0.01710   0.01034  -0.1324  0.2450  0.2500  -1.7954   0.0000   0.3701
   2.500   1.0943   0.01753   0.01075  -0.1320  0.2364  0.2500  -1.8897   0.0000   0.3628
   3.000   1.1481   0.01795   0.01118  -0.1315  0.2307  0.2500  -1.9865   0.0000   0.3561
   3.500   1.1999   0.01845   0.01166  -0.1308  0.2225  0.2500  -2.0856   0.0000   0.3498
   4.000   1.2515   0.01894   0.01218  -0.1300  0.2168  0.2500  -2.1880   0.0000   0.3440
   4.500   1.3005   0.01954   0.01277  -0.1288  0.2087  0.2500  -2.2926   0.0000   0.3384
   5.000   1.3501   0.02011   0.01337  -0.1276  0.2028  0.2500  -2.4066   0.0000   0.3332
   5.500   1.3974   0.02080   0.01405  -0.1262  0.1952  0.2500  -2.5196   0.0000   0.3283
   6.000   1.4455   0.02143   0.01473  -0.1249  0.1898  0.2500  -2.6351   0.0000   0.3236
   6.500   1.4901   0.02223   0.01553  -0.1231  0.1815  0.2500  -2.7618   0.0000   0.3190
   7.000   1.5333   0.02308   0.01641  -0.1211  0.1745  0.2500  -2.8892   0.0000   0.3146
   7.500   1.5757   0.02399   0.01735  -0.1190  0.1686  0.2500  -3.0167   0.0000   0.3103
   8.000   1.6162   0.02501   0.01839  -0.1167  0.1603  0.2500  -3.1582   0.0000   0.3061
   8.500   1.6542   0.02614   0.01956  -0.1140  0.1531  0.2500  -3.3040   0.0000   0.3020
   9.000   1.6900   0.02742   0.02085  -0.1112  0.1452  0.2500  -3.4596   0.0000   0.2980
   9.500   1.7224   0.02891   0.02237  -0.1080  0.1368  0.2500  -3.6164   0.0000   0.2940
  10.000   1.7552   0.03042   0.02393  -0.1050  0.1300  0.2500  -3.7897   0.0000   0.2902
  10.500   1.7829   0.03227   0.02582  -0.1016  0.1222  0.2500  -3.9606   0.0000   0.2863
  11.000   1.8062   0.03447   0.02805  -0.0978  0.1139  0.2500  -4.1344   0.0000   0.2825
  11.500   1.8282   0.03689   0.03053  -0.0943  0.1069  0.2500  -4.3093   0.0000   0.2789
  12.000   1.8465   0.03970   0.03340  -0.0908  0.0995  0.2500  -4.4811   0.0000   0.2754
  12.500   1.8618   0.04291   0.03668  -0.0874  0.0930  0.2500  -4.6494   0.0000   0.2720
  13.000   1.8719   0.04670   0.04055  -0.0842  0.0867  0.2500  -4.8157   0.0000   0.2689
  13.500   1.8772   0.05117   0.04510  -0.0814  0.0805  0.2500  -4.9720   0.0000   0.2661
  14.000   1.8805   0.05605   0.05010  -0.0792  0.0749  0.2500  -5.1223   0.0000   0.2636
  14.500   1.8766   0.06189   0.05605  -0.0775  0.0697  0.2500  -5.2496   0.0000   0.2614
  15.000   1.8676   0.06860   0.06289  -0.0766  0.0653  0.2500  -5.3577   0.0000   0.2598
  15.500   1.8546   0.07606   0.07051  -0.0766  0.0614  0.2500  -5.4506   0.0000   0.2587
  16.000   1.8371   0.08428   0.07890  -0.0776  0.0580  0.2500  -5.5273   0.0000   0.2581
  16.500   1.8121   0.09372   0.08851  -0.0797  0.0545  0.2500  -5.5703   0.0000   0.2584
  17.000   1.7871   0.10334   0.09832  -0.0828  0.0518  0.2500  -5.6050   0.0000   0.2591
  17.500   1.7583   0.11362   0.10878  -0.0870  0.0492  0.2500  -5.6160   0.0000   0.2607
  18.000   1.7339   0.12342   0.11876  -0.0919  0.0471  0.2500  -5.6345   0.0000   0.2626
  18.500   1.7084   0.13346   0.12896  -0.0976  0.0448  0.2500  -5.6400   0.0000   0.2650
  19.000   1.6890   0.14270   0.13835  -0.1034  0.0426  0.2500  -5.6718   0.0000   0.2674
  19.500   1.6696   0.15204   0.14782  -0.1099  0.0402  0.2500  -5.6953   0.0000   0.2703
  20.000   1.6563   0.16041   0.15631  -0.1161  0.0381  0.2500  -5.7425   0.0000   0.2729
  20.500   1.6437   0.16874   0.16476  -0.1227  0.0359  0.2500  -5.7852   0.0000   0.2757
  21.000   1.6340   0.17664   0.17277  -0.1293  0.0340  0.2500  -5.8371   0.0000   0.2784
  21.500   1.6252   0.18441   0.18063  -0.1361  0.0320  0.2500  -5.8872   0.0000   0.2812
  22.000   1.6210   0.19141   0.18773  -0.1424  0.0303  0.2500  -5.9586   0.0000   0.2836
  22.500   1.6164   0.19846   0.19487  -0.1491  0.0285  0.2500  -6.0225   0.0000   0.2861
  23.000   1.6128   0.20530   0.20181  -0.1558  0.0269  0.2500  -6.0880   0.0000   0.2886
  23.500   1.6089   0.21219   0.20879  -0.1628  0.0252  0.2500  -6.1456   0.0000   0.2913
  24.000   1.6066   0.21873   0.21541  -0.1696  0.0239  0.2500  -6.2092   0.0000   0.2937
  24.500   1.6059   0.22492   0.22169  -0.1762  0.0226  0.2500  -6.2845   0.0000   0.2960
  25.000   1.6056   0.23099   0.22783  -0.1829  0.0214  0.2500  -6.3607   0.0000   0.2981


