xflr5 v6.47

 Calculated polar for: NACA24018_theta30_Ku4.5_Kl0.5_d0.21_delta5.84

 1 1 Reynolds number fixed          Mach number fixed         

 xtrf =   0.250 (top)        0.250 (bottom)
 Mach =   0.000     Re =     0.300 e 6     Ncrit =   5.000

  alpha     CL        CD       CDp       Cm    Top Xtr Bot Xtr   Cpmin    Chinge    XCp    
 ------- -------- --------- --------- -------- ------- ------- -------- --------- ---------
 -15.000  -0.6307   0.04152   0.03343  -0.1120  0.2500  0.0454  -4.9615   0.0000   0.0439
 -14.500  -0.6255   0.03923   0.03104  -0.1088  0.2500  0.0465  -4.8176   0.0000   0.0489
 -14.000  -0.6236   0.03714   0.02882  -0.1045  0.2500  0.0478  -4.6847   0.0000   0.0567
 -13.500  -0.6196   0.03518   0.02675  -0.1002  0.2500  0.0490  -4.5421   0.0000   0.0640
 -13.000  -0.5959   0.03341   0.02492  -0.0986  0.2500  0.0505  -4.3388   0.0000   0.0610
 -12.500  -0.5609   0.03187   0.02324  -0.0980  0.2500  0.0526  -4.1159   0.0000   0.0519
 -12.000  -0.5178   0.03050   0.02180  -0.0986  0.2500  0.0548  -3.8684   0.0000   0.0361
 -11.500  -0.4682   0.02941   0.02059  -0.0998  0.2500  0.0579  -3.6088   0.0000   0.0130
 -11.000  -0.4132   0.02842   0.01956  -0.1017  0.2500  0.0608  -3.3381   0.0000  -0.0212
 -10.500  -0.3545   0.02764   0.01870  -0.1039  0.2500  0.0647  -3.0724   0.0000  -0.0699
 -10.000  -0.2928   0.02706   0.01803  -0.1064  0.2500  0.0694  -2.8112   0.0000  -0.1430
  -9.500  -0.2275   0.02657   0.01751  -0.1094  0.2500  0.0749  -2.5479   0.0000  -0.2658
  -9.000  -0.1599   0.02622   0.01712  -0.1127  0.2500  0.0816  -2.2961   0.0000  -0.5000
  -8.000  -0.0177   0.02590   0.01678  -0.1202  0.2500  0.1008  -1.8158   0.0000  -6.8906
  -7.500   0.0556   0.02593   0.01681  -0.1242  0.2500  0.1158  -1.5913   0.0000   2.5762
  -6.500   0.2192   0.02636   0.01740  -0.1353  0.2500  0.1807  -1.1500   0.0000   0.8852
  -6.000   0.3150   0.02690   0.01812  -0.1436  0.2500  0.2500  -0.9368   0.0000   0.7160
  -5.500   0.3766   0.02732   0.01841  -0.1447  0.2500  0.2500  -0.8268   0.0000   0.6409
  -5.000   0.4376   0.02777   0.01876  -0.1456  0.2500  0.2500  -0.8904   0.0000   0.5872
  -4.500   0.4976   0.02824   0.01915  -0.1465  0.2500  0.2500  -0.9562   0.0000   0.5468
  -4.000   0.5570   0.02874   0.01959  -0.1471  0.2500  0.2500  -1.0235   0.0000   0.5151
  -3.500   0.6157   0.02926   0.02007  -0.1477  0.2500  0.2500  -1.0939   0.0000   0.4896
  -3.000   0.6737   0.02982   0.02059  -0.1481  0.2500  0.2500  -1.1648   0.0000   0.4685
  -2.500   0.7310   0.03039   0.02115  -0.1484  0.2500  0.2500  -1.2359   0.0000   0.4507
  -2.000   0.7875   0.03099   0.02175  -0.1486  0.2500  0.2500  -1.3112   0.0000   0.4354
  -1.500   0.8432   0.03163   0.02239  -0.1486  0.2500  0.2500  -1.3893   0.0000   0.4222
  -1.000   0.8980   0.03230   0.02308  -0.1484  0.2500  0.2500  -1.4676   0.0000   0.4105
  -0.500   0.9518   0.03300   0.02383  -0.1481  0.2500  0.2500  -1.5470   0.0000   0.4001
   0.000   1.0047   0.03375   0.02462  -0.1477  0.2500  0.2500  -1.6325   0.0000   0.3907
   0.500   1.0568   0.03452   0.02546  -0.1471  0.2500  0.2500  -1.7181   0.0000   0.3822
   1.000   1.1080   0.03533   0.02634  -0.1464  0.2500  0.2500  -1.8038   0.0000   0.3744
   1.500   1.1581   0.03618   0.02727  -0.1455  0.2500  0.2500  -1.8917   0.0000   0.3672
   2.000   1.2075   0.03708   0.02826  -0.1445  0.2500  0.2500  -1.9845   0.0000   0.3605
   2.500   1.2557   0.03802   0.02931  -0.1434  0.2500  0.2500  -2.0814   0.0000   0.3543
   3.000   1.3025   0.03904   0.03044  -0.1421  0.2500  0.2500  -2.1777   0.0000   0.3484
   3.500   1.3482   0.04011   0.03164  -0.1406  0.2500  0.2500  -2.2743   0.0000   0.3429
   4.000   1.3930   0.04122   0.03288  -0.1390  0.2500  0.2500  -2.3749   0.0000   0.3376
   4.500   1.4371   0.04236   0.03415  -0.1373  0.2500  0.2500  -2.4807   0.0000   0.3326
   5.000   1.4773   0.04375   0.03566  -0.1352  0.2434  0.2500  -2.5887   0.0000   0.3278
   5.500   1.5127   0.04544   0.03741  -0.1326  0.2367  0.2500  -2.6958   0.0000   0.3230
   6.000   1.5498   0.04705   0.03917  -0.1302  0.2292  0.2500  -2.8121   0.0000   0.3185
   6.500   1.5803   0.04909   0.04128  -0.1272  0.2223  0.2500  -2.9214   0.0000   0.3141
   7.000   1.6134   0.05100   0.04336  -0.1246  0.2149  0.2500  -3.0475   0.0000   0.3099
   7.500   1.6393   0.05346   0.04590  -0.1213  0.2082  0.2500  -3.1635   0.0000   0.3057
   8.000   1.6674   0.05580   0.04843  -0.1185  0.2010  0.2500  -3.2948   0.0000   0.3017
   8.500   1.6883   0.05877   0.05150  -0.1152  0.1944  0.2500  -3.4221   0.0000   0.2979
   9.000   1.7110   0.06166   0.05459  -0.1123  0.1873  0.2500  -3.5590   0.0000   0.2943
   9.500   1.7264   0.06529   0.05835  -0.1093  0.1805  0.2500  -3.6911   0.0000   0.2908
  10.000   1.7424   0.06900   0.06225  -0.1067  0.1734  0.2500  -3.8367   0.0000   0.2876
  10.500   1.7535   0.07327   0.06669  -0.1043  0.1670  0.2500  -3.9749   0.0000   0.2846
  11.000   1.7607   0.07807   0.07166  -0.1024  0.1595  0.2500  -4.1032   0.0000   0.2820
  11.500   1.7672   0.08304   0.07683  -0.1009  0.1525  0.2500  -4.2288   0.0000   0.2797
  12.000   1.7668   0.08887   0.08281  -0.1001  0.1462  0.2500  -4.3400   0.0000   0.2779
  12.500   1.7687   0.09455   0.08872  -0.0999  0.1395  0.2500  -4.4612   0.0000   0.2764
  13.000   1.7655   0.10092   0.09527  -0.1006  0.1331  0.2500  -4.5679   0.0000   0.2754
  13.500   1.7576   0.10799   0.10250  -0.1022  0.1266  0.2500  -4.6557   0.0000   0.2750
  14.000   1.7525   0.11478   0.10951  -0.1043  0.1201  0.2500  -4.7530   0.0000   0.2749
  14.500   1.7427   0.12228   0.11718  -0.1075  0.1140  0.2500  -4.8289   0.0000   0.2754
  15.000   1.7295   0.13032   0.12537  -0.1116  0.1078  0.2500  -4.8865   0.0000   0.2767
  15.500   1.7198   0.13793   0.13318  -0.1161  0.1016  0.2500  -4.9508   0.0000   0.2779
  16.000   1.7091   0.14569   0.14110  -0.1212  0.0959  0.2500  -5.0090   0.0000   0.2796
  16.500   1.6973   0.15363   0.14918  -0.1269  0.0904  0.2500  -5.0575   0.0000   0.2817
  17.000   1.6879   0.16123   0.15692  -0.1327  0.0850  0.2500  -5.1108   0.0000   0.2838
  17.500   1.6796   0.16869   0.16453  -0.1387  0.0797  0.2500  -5.1624   0.0000   0.2860
  18.000   1.6718   0.17605   0.17200  -0.1451  0.0747  0.2500  -5.2153   0.0000   0.2883
  18.500   1.6648   0.18325   0.17929  -0.1515  0.0699  0.2500  -5.2682   0.0000   0.2907
  19.000   1.6596   0.19015   0.18631  -0.1580  0.0652  0.2500  -5.3294   0.0000   0.2930
  19.500   1.6557   0.19679   0.19307  -0.1644  0.0609  0.2500  -5.3931   0.0000   0.2952
  20.000   1.6528   0.20320   0.19958  -0.1708  0.0570  0.2500  -5.4586   0.0000   0.2974
  20.500   1.6510   0.20935   0.20579  -0.1772  0.0533  0.2500  -5.5274   0.0000   0.2994
  21.000   1.6490   0.21554   0.21210  -0.1837  0.0498  0.2500  -5.5887   0.0000   0.3015
  21.500   1.6478   0.22151   0.21818  -0.1902  0.0466  0.2500  -5.6510   0.0000   0.3035
  22.000   1.6484   0.22704   0.22376  -0.1965  0.0438  0.2500  -5.7244   0.0000   0.3052
  22.500   1.6473   0.23294   0.22979  -0.2032  0.0410  0.2500  -5.7886   0.0000   0.3073
  23.000   1.6479   0.23837   0.23532  -0.2096  0.0385  0.2500  -5.8651   0.0000   0.3090
  23.500   1.6497   0.24347   0.24047  -0.2158  0.0363  0.2500  -5.9504   0.0000   0.3104
  24.000   1.6476   0.24937   0.24652  -0.2230  0.0340  0.2500  -5.9914   0.0000   0.3128
  24.500   1.6533   0.25344   0.25060  -0.2283  0.0322  0.2500  -6.1086   0.0000   0.3133
  25.000   1.6482   0.25989   0.25723  -0.2365  0.0301  0.2500  -6.1074   0.0000   0.3163


