xflr5 v6.47

 Calculated polar for: NACA24018_theta30_Ku4.5_Kl0.5_d0.35_delta13.38

 1 1 Reynolds number fixed          Mach number fixed         

 xtrf =   0.250 (top)        0.250 (bottom)
 Mach =   0.000     Re =     2.500 e 6     Ncrit =   5.000

  alpha     CL        CD       CDp       Cm    Top Xtr Bot Xtr   Cpmin    Chinge    XCp    
 ------- -------- --------- --------- -------- ------- ------- -------- --------- ---------
 -15.000   0.0962   0.05897   0.05398  -0.1805  0.2500  0.0500  -2.7333   0.0000   2.2434
 -14.500   0.1653   0.06044   0.05543  -0.1837  0.2500  0.0527  -2.4416   0.0000   1.4235
 -14.000   0.2345   0.06203   0.05701  -0.1869  0.2500  0.0563  -2.1848   0.0000   1.0858
 -13.500   0.3016   0.06364   0.05861  -0.1896  0.2500  0.0600  -1.9414   0.0000   0.9055
 -13.000   0.3678   0.06531   0.06027  -0.1920  0.2500  0.0643  -1.7080   0.0000   0.7914
 -12.500   0.4349   0.06710   0.06206  -0.1946  0.2500  0.0701  -1.4810   0.0000   0.7114
 -12.000   0.5032   0.06903   0.06399  -0.1973  0.2500  0.0773  -1.2608   0.0000   0.6522
 -11.500   0.5683   0.07086   0.06583  -0.1994  0.2500  0.0857  -1.1011   0.0000   0.6080
 -11.000   0.6323   0.07271   0.06768  -0.2013  0.2500  0.0946  -1.1193   0.0000   0.5732
 -10.500   0.6983   0.07474   0.06974  -0.2034  0.2500  0.1072  -1.1388   0.0000   0.5442
 -10.000   0.7651   0.07690   0.07191  -0.2057  0.2500  0.1222  -1.1586   0.0000   0.5201
  -9.500   0.8344   0.07928   0.07435  -0.2083  0.2500  0.1460  -1.1802   0.0000   0.4994
  -9.000   0.9027   0.08169   0.07680  -0.2106  0.2500  0.1732  -1.2006   0.0000   0.4819
  -8.500   0.9842   0.08507   0.08027  -0.2150  0.2500  0.2247  -1.2316   0.0000   0.4660
  -8.000   1.0469   0.08725   0.08247  -0.2164  0.2500  0.2500  -1.2717   0.0000   0.4532
  -7.500   1.0953   0.08843   0.08363  -0.2155  0.2500  0.2500  -1.3430   0.0000   0.4423
  -7.000   1.1433   0.08958   0.08478  -0.2146  0.2500  0.2500  -1.4152   0.0000   0.4324
  -6.500   1.1908   0.09072   0.08591  -0.2136  0.2500  0.2500  -1.4878   0.0000   0.4232
  -6.000   1.2379   0.09184   0.08702  -0.2125  0.2500  0.2500  -1.5628   0.0000   0.4147
  -5.500   1.2849   0.09295   0.08814  -0.2113  0.2500  0.2500  -1.6427   0.0000   0.4067
  -5.000   1.3317   0.09407   0.08927  -0.2102  0.2500  0.2500  -1.7243   0.0000   0.3993
  -4.500   1.3781   0.09519   0.09040  -0.2089  0.2500  0.2500  -1.8062   0.0000   0.3923
  -4.000   1.4223   0.09628   0.09150  -0.2074  0.2483  0.2500  -1.8925   0.0000   0.3858
  -3.500   1.4655   0.09735   0.09256  -0.2058  0.2424  0.2500  -1.9802   0.0000   0.3796
  -3.000   1.5080   0.09837   0.09353  -0.2041  0.2332  0.2500  -2.0682   0.0000   0.3737
  -2.500   1.5503   0.09937   0.09451  -0.2023  0.2265  0.2500  -2.1569   0.0000   0.3681
  -2.000   1.5918   0.10035   0.09544  -0.2004  0.2173  0.2500  -2.2502   0.0000   0.3627
  -1.500   1.6334   0.10129   0.09639  -0.1985  0.2124  0.2500  -2.3478   0.0000   0.3576
  -1.000   1.6738   0.10225   0.09730  -0.1966  0.2035  0.2500  -2.4450   0.0000   0.3526
  -0.500   1.7144   0.10319   0.09823  -0.1946  0.1966  0.2500  -2.5468   0.0000   0.3479
   0.000   1.7540   0.10418   0.09918  -0.1925  0.1886  0.2500  -2.6574   0.0000   0.3433
   0.500   1.7934   0.10511   0.10011  -0.1904  0.1828  0.2500  -2.7691   0.0000   0.3389
   1.000   1.8303   0.10607   0.10102  -0.1881  0.1728  0.2500  -2.8784   0.0000   0.3346
   1.500   1.8672   0.10698   0.10194  -0.1857  0.1668  0.2500  -2.9992   0.0000   0.3304
   2.000   1.9023   0.10796   0.10289  -0.1832  0.1588  0.2500  -3.1226   0.0000   0.3263
   2.500   1.9345   0.10913   0.10403  -0.1804  0.1503  0.2500  -3.2506   0.0000   0.3223
   3.000   1.9656   0.11033   0.10522  -0.1775  0.1419  0.2500  -3.3857   0.0000   0.3184
   3.500   1.9963   0.11149   0.10636  -0.1747  0.1333  0.2500  -3.5332   0.0000   0.3146
   4.000   2.0258   0.11268   0.10752  -0.1717  0.1248  0.2500  -3.6878   0.0000   0.3108
   4.500   2.0537   0.11398   0.10879  -0.1687  0.1154  0.2500  -3.8532   0.0000   0.3071
   5.000   2.0789   0.11553   0.11033  -0.1655  0.1073  0.2500  -4.0263   0.0000   0.3035
   5.500   2.1013   0.11725   0.11202  -0.1622  0.0984  0.2500  -4.1984   0.0000   0.2999
   6.000   2.1237   0.11883   0.11359  -0.1590  0.0903  0.2500  -4.3900   0.0000   0.2964
   6.500   2.1412   0.12080   0.11556  -0.1555  0.0821  0.2500  -4.5744   0.0000   0.2929
   7.000   2.1577   0.12283   0.11758  -0.1521  0.0748  0.2500  -4.7682   0.0000   0.2895
   7.500   2.1712   0.12508   0.11984  -0.1487  0.0677  0.2500  -4.9562   0.0000   0.2862
   8.000   2.1832   0.12743   0.12221  -0.1454  0.0615  0.2500  -5.1416   0.0000   0.2829
   8.500   2.1922   0.13009   0.12491  -0.1422  0.0563  0.2500  -5.3198   0.0000   0.2798
   9.000   2.2003   0.13281   0.12768  -0.1393  0.0519  0.2500  -5.4965   0.0000   0.2767
   9.500   2.2049   0.13585   0.13078  -0.1367  0.0474  0.2500  -5.6630   0.0000   0.2738
  10.000   2.2064   0.13921   0.13419  -0.1345  0.0431  0.2500  -5.8205   0.0000   0.2711
  10.500   2.2054   0.14283   0.13788  -0.1327  0.0394  0.2500  -5.9795   0.0000   0.2686
  11.000   2.2033   0.14648   0.14162  -0.1314  0.0364  0.2500  -6.1359   0.0000   0.2664
  11.500   2.2015   0.15006   0.14529  -0.1306  0.0339  0.2500  -6.3025   0.0000   0.2643
  12.000   2.1946   0.15414   0.14948  -0.1306  0.0316  0.2500  -6.4468   0.0000   0.2625
  12.500   2.1870   0.15825   0.15369  -0.1311  0.0294  0.2500  -6.5862   0.0000   0.2610
  13.000   2.1784   0.16244   0.15799  -0.1322  0.0274  0.2500  -6.7190   0.0000   0.2598
  13.500   2.1646   0.16718   0.16285  -0.1344  0.0253  0.2500  -6.8247   0.0000   0.2590
  14.000   2.1526   0.17172   0.16751  -0.1369  0.0236  0.2500  -6.9348   0.0000   0.2584
  14.500   2.1364   0.17675   0.17268  -0.1404  0.0223  0.2500  -7.0206   0.0000   0.2582
  15.000   2.1241   0.18135   0.17740  -0.1438  0.0212  0.2500  -7.1208   0.0000   0.2579
  15.500   2.1056   0.18669   0.18289  -0.1485  0.0200  0.2500  -7.1847   0.0000   0.2583
  16.000   2.0908   0.19160   0.18793  -0.1530  0.0191  0.2500  -7.2632   0.0000   0.2586
  16.500   2.0759   0.19653   0.19297  -0.1578  0.0180  0.2500  -7.3364   0.0000   0.2590
  17.000   2.0595   0.20160   0.19817  -0.1631  0.0171  0.2500  -7.3968   0.0000   0.2596
  17.500   2.0462   0.20624   0.20293  -0.1681  0.0163  0.2500  -7.4703   0.0000   0.2600
  18.000   2.0317   0.21100   0.20780  -0.1736  0.0155  0.2500  -7.5322   0.0000   0.2607
  18.500   2.0173   0.21572   0.21263  -0.1792  0.0147  0.2500  -7.5897   0.0000   0.2614
  19.000   2.0055   0.22003   0.21705  -0.1845  0.0140  0.2500  -7.6678   0.0000   0.2619


