xflr5 v6.47

 Calculated polar for: NACA24018_theta30_Ku4.5_Kl0.5_d0.31_delta11.03

 1 1 Reynolds number fixed          Mach number fixed         

 xtrf =   0.250 (top)        0.250 (bottom)
 Mach =   0.000     Re =     3.000 e 6     Ncrit =   5.000

  alpha     CL        CD       CDp       Cm    Top Xtr Bot Xtr   Cpmin    Chinge    XCp    
 ------- -------- --------- --------- -------- ------- ------- -------- --------- ---------
 -15.000  -0.1140   0.04457   0.03935  -0.1747  0.2500  0.0414  -3.4580   0.0000  -1.4055
 -14.500  -0.0438   0.04542   0.04019  -0.1781  0.2500  0.0435  -3.1257   0.0000  -4.1130
 -14.000   0.0268   0.04639   0.04113  -0.1816  0.2500  0.0457  -2.8309   0.0000   7.4662
 -13.500   0.0973   0.04745   0.04218  -0.1849  0.2500  0.0486  -2.5457   0.0000   2.2636
 -13.000   0.1668   0.04857   0.04329  -0.1880  0.2500  0.0520  -2.2727   0.0000   1.4370
 -12.500   0.2347   0.04972   0.04443  -0.1907  0.2500  0.0553  -2.0168   0.0000   1.1012
 -12.000   0.3035   0.05096   0.04567  -0.1935  0.2500  0.0599  -1.7762   0.0000   0.9145
 -11.500   0.3728   0.05229   0.04700  -0.1964  0.2500  0.0655  -1.5438   0.0000   0.7963
 -11.000   0.4398   0.05362   0.04834  -0.1987  0.2500  0.0715  -1.3292   0.0000   0.7165
 -10.500   0.5065   0.05503   0.04976  -0.2010  0.2500  0.0790  -1.1354   0.0000   0.6579
 -10.000   0.5742   0.05654   0.05129  -0.2035  0.2500  0.0890  -1.0499   0.0000   0.6125
  -9.500   0.6420   0.05814   0.05291  -0.2058  0.2500  0.1006  -1.0685   0.0000   0.5765
  -9.000   0.7091   0.05978   0.05457  -0.2081  0.2500  0.1156  -1.0862   0.0000   0.5475
  -8.500   0.7763   0.06147   0.05631  -0.2103  0.2500  0.1350  -1.1034   0.0000   0.5233
  -8.000   0.8491   0.06351   0.05842  -0.2133  0.2500  0.1670  -1.1251   0.0000   0.5024
  -7.500   0.9302   0.06607   0.06107  -0.2178  0.2500  0.2177  -1.1729   0.0000   0.4840
  -7.000   0.9972   0.06800   0.06305  -0.2197  0.2500  0.2500  -1.2565   0.0000   0.4692
  -6.500   1.0478   0.06907   0.06411  -0.2190  0.2500  0.2500  -1.3275   0.0000   0.4569
  -6.000   1.0981   0.07011   0.06514  -0.2182  0.2500  0.2500  -1.3992   0.0000   0.4457
  -5.500   1.1483   0.07113   0.06615  -0.2174  0.2500  0.2500  -1.4715   0.0000   0.4354
  -5.000   1.1982   0.07214   0.06716  -0.2165  0.2500  0.2500  -1.5485   0.0000   0.4259
  -4.500   1.2480   0.07314   0.06817  -0.2156  0.2500  0.2500  -1.6294   0.0000   0.4172
  -4.000   1.2975   0.07413   0.06917  -0.2146  0.2500  0.2500  -1.7133   0.0000   0.4091
  -3.500   1.3459   0.07508   0.07012  -0.2134  0.2500  0.2500  -1.7986   0.0000   0.4015
  -3.000   1.3928   0.07601   0.07100  -0.2121  0.2395  0.2500  -1.8833   0.0000   0.3944
  -2.500   1.4395   0.07693   0.07190  -0.2107  0.2328  0.2500  -1.9701   0.0000   0.3877
  -2.000   1.4853   0.07786   0.07279  -0.2091  0.2244  0.2500  -2.0638   0.0000   0.3814
  -1.500   1.5309   0.07877   0.07369  -0.2076  0.2189  0.2500  -2.1584   0.0000   0.3754
  -1.000   1.5753   0.07970   0.07458  -0.2058  0.2104  0.2500  -2.2544   0.0000   0.3697
  -0.500   1.6196   0.08063   0.07550  -0.2041  0.2041  0.2500  -2.3541   0.0000   0.3643
   0.000   1.6626   0.08158   0.07641  -0.2022  0.1949  0.2500  -2.4532   0.0000   0.3591
   0.500   1.7058   0.08254   0.07737  -0.2003  0.1898  0.2500  -2.5618   0.0000   0.3541
   1.000   1.7468   0.08360   0.07839  -0.1981  0.1804  0.2500  -2.6698   0.0000   0.3493
   1.500   1.7865   0.08476   0.07956  -0.1958  0.1753  0.2500  -2.7838   0.0000   0.3446
   2.000   1.8244   0.08591   0.08067  -0.1933  0.1664  0.2500  -2.8994   0.0000   0.3401
   2.500   1.8621   0.08702   0.08177  -0.1907  0.1586  0.2500  -3.0195   0.0000   0.3357
   3.000   1.8993   0.08813   0.08286  -0.1882  0.1510  0.2500  -3.1515   0.0000   0.3314
   3.500   1.9345   0.08931   0.08401  -0.1854  0.1415  0.2500  -3.2819   0.0000   0.3273
   4.000   1.9691   0.09050   0.08518  -0.1825  0.1342  0.2500  -3.4315   0.0000   0.3232
   4.500   2.0012   0.09184   0.08649  -0.1795  0.1246  0.2500  -3.5877   0.0000   0.3192
   5.000   2.0283   0.09359   0.08822  -0.1759  0.1146  0.2500  -3.7461   0.0000   0.3152
   5.500   2.0570   0.09517   0.08979  -0.1726  0.1071  0.2500  -3.9170   0.0000   0.3114
   6.000   2.0844   0.09682   0.09142  -0.1693  0.0989  0.2500  -4.0977   0.0000   0.3076
   6.500   2.1072   0.09886   0.09344  -0.1656  0.0899  0.2500  -4.2708   0.0000   0.3038
   7.000   2.1284   0.10100   0.09558  -0.1619  0.0828  0.2500  -4.4565   0.0000   0.3001
   7.500   2.1486   0.10311   0.09769  -0.1582  0.0751  0.2500  -4.6459   0.0000   0.2965
   8.000   2.1628   0.10580   0.10039  -0.1542  0.0680  0.2500  -4.8246   0.0000   0.2929
   8.500   2.1767   0.10847   0.10308  -0.1505  0.0614  0.2500  -5.0199   0.0000   0.2895
   9.000   2.1882   0.11135   0.10598  -0.1468  0.0555  0.2500  -5.2103   0.0000   0.2861
   9.500   2.1969   0.11454   0.10922  -0.1433  0.0506  0.2500  -5.3936   0.0000   0.2828
  10.000   2.2048   0.11781   0.11255  -0.1401  0.0467  0.2500  -5.5757   0.0000   0.2797
  10.500   2.2084   0.12154   0.11634  -0.1373  0.0431  0.2500  -5.7445   0.0000   0.2768
  11.000   2.2103   0.12541   0.12028  -0.1349  0.0397  0.2500  -5.9076   0.0000   0.2741
  11.500   2.2115   0.12937   0.12433  -0.1330  0.0371  0.2500  -6.0760   0.0000   0.2716
  12.000   2.2094   0.13368   0.12873  -0.1317  0.0343  0.2500  -6.2356   0.0000   0.2694
  12.500   2.2033   0.13843   0.13358  -0.1311  0.0316  0.2500  -6.3883   0.0000   0.2675
  13.000   2.1992   0.14294   0.13819  -0.1311  0.0294  0.2500  -6.5472   0.0000   0.2659
  13.500   2.1886   0.14815   0.14351  -0.1321  0.0272  0.2500  -6.6761   0.0000   0.2647
  14.000   2.1777   0.15338   0.14886  -0.1337  0.0253  0.2500  -6.8001   0.0000   0.2638
  14.500   2.1671   0.15856   0.15416  -0.1358  0.0238  0.2500  -6.9216   0.0000   0.2631
  15.000   2.1532   0.16415   0.15989  -0.1389  0.0225  0.2500  -7.0234   0.0000   0.2628
  15.500   2.1366   0.17008   0.16596  -0.1428  0.0213  0.2500  -7.1070   0.0000   0.2630
  16.000   2.1233   0.17558   0.17159  -0.1467  0.0202  0.2500  -7.2026   0.0000   0.2631
  16.500   2.1032   0.18200   0.17814  -0.1520  0.0190  0.2500  -7.2569   0.0000   0.2639
  17.000   2.0886   0.18768   0.18395  -0.1569  0.0182  0.2500  -7.3355   0.0000   0.2645
  17.500   2.0716   0.19371   0.19011  -0.1625  0.0174  0.2500  -7.3951   0.0000   0.2654
  18.000   2.0539   0.19982   0.19634  -0.1685  0.0165  0.2500  -7.4443   0.0000   0.2666
  18.500   2.0409   0.20525   0.20189  -0.1740  0.0159  0.2500  -7.5165   0.0000   0.2674
  19.000   2.0284   0.21056   0.20731  -0.1797  0.0152  0.2500  -7.5878   0.0000   0.2683
  19.500   2.0152   0.21593   0.21279  -0.1857  0.0145  0.2500  -7.6489   0.0000   0.2693
  20.000   2.0042   0.22089   0.21785  -0.1914  0.0138  0.2500  -7.7204   0.0000   0.2701
  20.500   1.9966   0.22524   0.22229  -0.1965  0.0132  0.2500  -7.8126   0.0000   0.2706
  21.000   1.9849   0.23019   0.22733  -0.2026  0.0125  0.2500  -7.8709   0.0000   0.2716
  21.500   1.9726   0.23516   0.23240  -0.2090  0.0119  0.2500  -7.9195   0.0000   0.2728
  22.000   1.9632   0.23961   0.23695  -0.2149  0.0114  0.2500  -7.9857   0.0000   0.2736


