xflr5 v6.47

 Calculated polar for: NACA24018_theta30_Ku4.5_Kl0.5_d0.17_delta4.56

 1 1 Reynolds number fixed          Mach number fixed         

 xtrf =   0.250 (top)        0.250 (bottom)
 Mach =   0.000     Re =     0.600 e 6     Ncrit =   5.000

  alpha     CL        CD       CDp       Cm    Top Xtr Bot Xtr   Cpmin    Chinge    XCp    
 ------- -------- --------- --------- -------- ------- ------- -------- --------- ---------
 -15.000  -0.7173   0.03338   0.02583  -0.1152  0.2500  0.0366  -5.4683   0.0000   0.0623
 -14.500  -0.7086   0.03128   0.02367  -0.1118  0.2500  0.0374  -5.2914   0.0000   0.0663
 -14.000  -0.6994   0.02950   0.02183  -0.1078  0.2500  0.0383  -5.1105   0.0000   0.0712
 -13.500  -0.6958   0.02794   0.02019  -0.1024  0.2500  0.0392  -4.9519   0.0000   0.0795
 -13.000  -0.6841   0.02651   0.01866  -0.0978  0.2500  0.0403  -4.7731   0.0000   0.0848
 -12.500  -0.6539   0.02513   0.01723  -0.0961  0.2500  0.0417  -4.5371   0.0000   0.0813
 -12.000  -0.6123   0.02403   0.01606  -0.0957  0.2500  0.0435  -4.2704   0.0000   0.0722
 -11.500  -0.5636   0.02305   0.01500  -0.0963  0.2500  0.0454  -3.9896   0.0000   0.0575
 -11.000  -0.5099   0.02224   0.01414  -0.0975  0.2500  0.0477  -3.7035   0.0000   0.0368
 -10.500  -0.4519   0.02156   0.01340  -0.0992  0.2500  0.0505  -3.4221   0.0000   0.0077
 -10.000  -0.3916   0.02103   0.01281  -0.1012  0.2500  0.0537  -3.1423   0.0000  -0.0323
  -9.500  -0.3285   0.02056   0.01231  -0.1035  0.2500  0.0575  -2.8629   0.0000  -0.0912
  -9.000  -0.2637   0.02019   0.01192  -0.1060  0.2500  0.0620  -2.5990   0.0000  -0.1817
  -8.500  -0.1975   0.01992   0.01162  -0.1086  0.2500  0.0674  -2.3421   0.0000  -0.3360
  -8.000  -0.1302   0.01972   0.01140  -0.1114  0.2500  0.0736  -2.0915   0.0000  -0.6542
  -7.500  -0.0626   0.01960   0.01127  -0.1141  0.2500  0.0817  -1.8565   0.0000  -1.6654
  -7.000   0.0069   0.01953   0.01122  -0.1171  0.2500  0.0923  -1.6309   0.0000  18.0507
  -6.500   0.0769   0.01953   0.01125  -0.1202  0.2500  0.1066  -1.4229   0.0000   1.8716
  -6.000   0.1485   0.01958   0.01135  -0.1235  0.2500  0.1269  -1.2285   0.0000   1.1082
  -5.500   0.2236   0.01969   0.01156  -0.1276  0.2500  0.1609  -1.0364   0.0000   0.8352
  -5.000   0.3152   0.01986   0.01201  -0.1351  0.2500  0.2500  -0.8374   0.0000   0.6869
  -4.500   0.3763   0.02014   0.01221  -0.1360  0.2500  0.2500  -0.8668   0.0000   0.6168
  -4.000   0.4370   0.02043   0.01244  -0.1368  0.2500  0.2500  -0.9338   0.0000   0.5664
  -3.500   0.4971   0.02075   0.01271  -0.1376  0.2500  0.2500  -1.0013   0.0000   0.5284
  -3.000   0.5567   0.02108   0.01301  -0.1382  0.2500  0.2500  -1.0693   0.0000   0.4985
  -2.500   0.6156   0.02143   0.01334  -0.1387  0.2500  0.2500  -1.1377   0.0000   0.4744
  -2.000   0.6740   0.02181   0.01370  -0.1391  0.2500  0.2500  -1.2116   0.0000   0.4545
  -1.500   0.7317   0.02220   0.01408  -0.1395  0.2500  0.2500  -1.2870   0.0000   0.4377
  -1.000   0.7889   0.02261   0.01451  -0.1396  0.2500  0.2500  -1.3650   0.0000   0.4234
  -0.500   0.8453   0.02305   0.01496  -0.1397  0.2500  0.2500  -1.4461   0.0000   0.4108
   0.000   0.9012   0.02352   0.01545  -0.1397  0.2500  0.2500  -1.5293   0.0000   0.3998
   0.500   0.9563   0.02401   0.01598  -0.1395  0.2500  0.2500  -1.6127   0.0000   0.3900
   1.000   1.0103   0.02454   0.01656  -0.1391  0.2500  0.2500  -1.6970   0.0000   0.3811
   1.500   1.0635   0.02510   0.01718  -0.1386  0.2500  0.2500  -1.7874   0.0000   0.3731
   2.000   1.1159   0.02570   0.01784  -0.1380  0.2500  0.2500  -1.8784   0.0000   0.3657
   2.500   1.1675   0.02634   0.01855  -0.1373  0.2500  0.2500  -1.9726   0.0000   0.3590
   3.000   1.2183   0.02701   0.01930  -0.1364  0.2500  0.2500  -2.0712   0.0000   0.3526
   3.500   1.2672   0.02778   0.02013  -0.1353  0.2477  0.2500  -2.1691   0.0000   0.3467
   4.000   1.3158   0.02856   0.02097  -0.1341  0.2406  0.2500  -2.2709   0.0000   0.3412
   4.500   1.3599   0.02956   0.02198  -0.1324  0.2329  0.2500  -2.3738   0.0000   0.3358
   5.000   1.4059   0.03047   0.02297  -0.1309  0.2266  0.2500  -2.4829   0.0000   0.3308
   5.500   1.4478   0.03160   0.02412  -0.1288  0.2188  0.2500  -2.5936   0.0000   0.3259
   6.000   1.4908   0.03268   0.02529  -0.1270  0.2123  0.2500  -2.7113   0.0000   0.3213
   6.500   1.5288   0.03405   0.02670  -0.1245  0.2049  0.2500  -2.8273   0.0000   0.3167
   7.000   1.5689   0.03531   0.02806  -0.1224  0.1983  0.2500  -2.9506   0.0000   0.3124
   7.500   1.6031   0.03694   0.02974  -0.1196  0.1914  0.2500  -3.0766   0.0000   0.3081
   8.000   1.6391   0.03850   0.03141  -0.1171  0.1847  0.2500  -3.2149   0.0000   0.3040
   8.500   1.6698   0.04044   0.03342  -0.1141  0.1776  0.2500  -3.3562   0.0000   0.3000
   9.000   1.6990   0.04251   0.03558  -0.1111  0.1700  0.2500  -3.5034   0.0000   0.2961
   9.500   1.7262   0.04481   0.03798  -0.1081  0.1631  0.2500  -3.6624   0.0000   0.2923
  10.000   1.7479   0.04760   0.04086  -0.1049  0.1558  0.2500  -3.8173   0.0000   0.2886
  10.500   1.7687   0.05060   0.04396  -0.1019  0.1482  0.2500  -3.9715   0.0000   0.2852
  11.000   1.7863   0.05397   0.04747  -0.0990  0.1416  0.2500  -4.1208   0.0000   0.2819
  11.500   1.7983   0.05800   0.05161  -0.0963  0.1345  0.2500  -4.2725   0.0000   0.2788
  12.000   1.8059   0.06263   0.05636  -0.0938  0.1269  0.2500  -4.4151   0.0000   0.2760
  12.500   1.8118   0.06759   0.06147  -0.0919  0.1201  0.2500  -4.5562   0.0000   0.2736
  13.000   1.8125   0.07326   0.06730  -0.0906  0.1143  0.2500  -4.6816   0.0000   0.2715
  13.500   1.8065   0.07987   0.07406  -0.0899  0.1085  0.2500  -4.7880   0.0000   0.2699
  14.000   1.7989   0.08688   0.08125  -0.0901  0.1025  0.2500  -4.8879   0.0000   0.2688
  14.500   1.7865   0.09461   0.08916  -0.0912  0.0966  0.2500  -4.9702   0.0000   0.2684
  15.000   1.7701   0.10301   0.09773  -0.0934  0.0913  0.2500  -5.0365   0.0000   0.2685
  15.500   1.7497   0.11209   0.10698  -0.0968  0.0863  0.2500  -5.0839   0.0000   0.2695
  16.000   1.7337   0.12068   0.11575  -0.1006  0.0815  0.2500  -5.1400   0.0000   0.2706
  16.500   1.7156   0.12961   0.12485  -0.1054  0.0771  0.2500  -5.1807   0.0000   0.2724
  17.000   1.6961   0.13884   0.13422  -0.1110  0.0727  0.2500  -5.2069   0.0000   0.2747
  17.500   1.6810   0.14746   0.14299  -0.1168  0.0683  0.2500  -5.2440   0.0000   0.2770
  18.000   1.6690   0.15561   0.15127  -0.1226  0.0642  0.2500  -5.2886   0.0000   0.2793
  18.500   1.6579   0.16364   0.15942  -0.1288  0.0603  0.2500  -5.3309   0.0000   0.2818
  19.000   1.6472   0.17165   0.16754  -0.1354  0.0564  0.2500  -5.3696   0.0000   0.2846
  19.500   1.6408   0.17900   0.17499  -0.1417  0.0528  0.2500  -5.4276   0.0000   0.2869
  20.000   1.6364   0.18599   0.18209  -0.1479  0.0494  0.2500  -5.4915   0.0000   0.2892
  20.500   1.6321   0.19293   0.18912  -0.1544  0.0463  0.2500  -5.5511   0.0000   0.2916
  21.000   1.6280   0.19981   0.19608  -0.1610  0.0433  0.2500  -5.6119   0.0000   0.2940
  21.500   1.6273   0.20608   0.20246  -0.1673  0.0406  0.2500  -5.6953   0.0000   0.2960
  22.000   1.6259   0.21242   0.20888  -0.1738  0.0381  0.2500  -5.7704   0.0000   0.2982
  22.500   1.6245   0.21868   0.21522  -0.1805  0.0357  0.2500  -5.8420   0.0000   0.3005
  23.000   1.6266   0.22425   0.22089  -0.1865  0.0337  0.2500  -5.9344   0.0000   0.3021
  23.500   1.6265   0.23018   0.22689  -0.1932  0.0317  0.2500  -6.0076   0.0000   0.3041
  24.000   1.6280   0.23577   0.23258  -0.1996  0.0298  0.2500  -6.0887   0.0000   0.3059
  24.500   1.6292   0.24135   0.23823  -0.2061  0.0282  0.2500  -6.1644   0.0000   0.3078
  25.000   1.6317   0.24657   0.24354  -0.2124  0.0265  0.2500  -6.2484   0.0000   0.3093


