xflr5 v6.47

 Calculated polar for: NACA24018_theta30_Ku4.5_Kl0.5_d0.07_delta1.57

 1 1 Reynolds number fixed          Mach number fixed         

 xtrf =   0.250 (top)        0.250 (bottom)
 Mach =   0.000     Re =     1.000 e 6     Ncrit =   5.000

  alpha     CL        CD       CDp       Cm    Top Xtr Bot Xtr   Cpmin    Chinge    XCp    
 ------- -------- --------- --------- -------- ------- ------- -------- --------- ---------
 -15.000  -0.8506   0.02596   0.01846  -0.1209  0.2500  0.0287  -6.1060   0.0000   0.0817
 -14.500  -0.8234   0.02448   0.01688  -0.1189  0.2500  0.0293  -5.8473   0.0000   0.0802
 -14.000  -0.7985   0.02298   0.01531  -0.1164  0.2500  0.0304  -5.5997   0.0000   0.0797
 -13.500  -0.7710   0.02174   0.01402  -0.1138  0.2500  0.0314  -5.3441   0.0000   0.0787
 -13.000  -0.7426   0.02066   0.01288  -0.1108  0.2500  0.0324  -5.0889   0.0000   0.0777
 -12.500  -0.7137   0.01973   0.01187  -0.1077  0.2500  0.0333  -4.8375   0.0000   0.0768
 -12.000  -0.6863   0.01882   0.01091  -0.1040  0.2500  0.0344  -4.6035   0.0000   0.0768
 -11.500  -0.6588   0.01802   0.01008  -0.1000  0.2500  0.0357  -4.3713   0.0000   0.0771
 -11.000  -0.6308   0.01733   0.00935  -0.0959  0.2500  0.0372  -4.1471   0.0000   0.0776
 -10.500  -0.6028   0.01675   0.00871  -0.0914  0.2500  0.0385  -3.9306   0.0000   0.0785
 -10.000  -0.5798   0.01614   0.00809  -0.0860  0.2500  0.0403  -3.7310   0.0000   0.0826
  -9.500  -0.5608   0.01567   0.00758  -0.0795  0.2500  0.0420  -3.5440   0.0000   0.0900
  -9.000  -0.5300   0.01520   0.00707  -0.0751  0.2500  0.0437  -3.3306   0.0000   0.0905
  -8.500  -0.4943   0.01469   0.00655  -0.0716  0.2500  0.0464  -3.1096   0.0000   0.0875
  -8.000  -0.4530   0.01426   0.00610  -0.0691  0.2500  0.0491  -2.8804   0.0000   0.0800
  -7.500  -0.4095   0.01383   0.00566  -0.0669  0.2500  0.0523  -2.6527   0.0000   0.0690
  -7.000  -0.3635   0.01348   0.00529  -0.0651  0.2500  0.0560  -2.4352   0.0000   0.0528
  -6.500  -0.3163   0.01313   0.00495  -0.0636  0.2500  0.0606  -2.2216   0.0000   0.0304
  -6.000  -0.2672   0.01284   0.00465  -0.0623  0.2500  0.0656  -2.0171   0.0000  -0.0027
  -5.500  -0.2168   0.01257   0.00439  -0.0613  0.2500  0.0721  -1.8194   0.0000  -0.0539
  -5.000  -0.1653   0.01232   0.00416  -0.0605  0.2500  0.0807  -1.6305   0.0000  -0.1403
  -4.000  -0.0589   0.01187   0.00380  -0.0595  0.2500  0.1067  -1.2756   0.0000  -0.8094
  -3.000   0.0520   0.01141   0.00354  -0.0594  0.2500  0.1634  -0.9579   0.0000   1.4275
  -2.500   0.1123   0.01095   0.00339  -0.0607  0.2500  0.2500  -0.8147   0.0000   0.8019
  -2.000   0.1681   0.01100   0.00339  -0.0605  0.2500  0.2500  -0.8352   0.0000   0.6141
  -1.500   0.2239   0.01105   0.00341  -0.0603  0.2500  0.2500  -0.8975   0.0000   0.5200
  -1.000   0.2796   0.01112   0.00346  -0.0601  0.2500  0.2500  -0.9606   0.0000   0.4635
  -0.500   0.3351   0.01121   0.00352  -0.0598  0.2500  0.2500  -1.0268   0.0000   0.4257
   0.000   0.3904   0.01130   0.00361  -0.0596  0.2500  0.2500  -1.0977   0.0000   0.3986
   0.500   0.4455   0.01141   0.00372  -0.0593  0.2500  0.2500  -1.1693   0.0000   0.3781
   1.000   0.5000   0.01154   0.00386  -0.0589  0.2500  0.2500  -1.2414   0.0000   0.3620
   1.500   0.5540   0.01168   0.00401  -0.0584  0.2500  0.2500  -1.3155   0.0000   0.3490
   2.000   0.6078   0.01183   0.00419  -0.0579  0.2500  0.2500  -1.3923   0.0000   0.3382
   2.500   0.6612   0.01200   0.00439  -0.0574  0.2500  0.2500  -1.4707   0.0000   0.3291
   3.000   0.7144   0.01219   0.00462  -0.0569  0.2500  0.2500  -1.5528   0.0000   0.3213
   3.500   0.7671   0.01240   0.00487  -0.0562  0.2500  0.2500  -1.6377   0.0000   0.3144
   4.000   0.8192   0.01263   0.00515  -0.0555  0.2495  0.2500  -1.7260   0.0000   0.3083
   4.500   0.8689   0.01297   0.00548  -0.0545  0.2420  0.2500  -1.8171   0.0000   0.3026
   5.000   0.9183   0.01329   0.00583  -0.0534  0.2352  0.2500  -1.9090   0.0000   0.2974
   5.500   0.9661   0.01368   0.00623  -0.0521  0.2283  0.2500  -2.0002   0.0000   0.2925
   6.000   1.0144   0.01406   0.00663  -0.0509  0.2224  0.2500  -2.0976   0.0000   0.2882
   6.500   1.0606   0.01452   0.00711  -0.0494  0.2155  0.2500  -2.1952   0.0000   0.2839
   7.000   1.1065   0.01498   0.00761  -0.0479  0.2092  0.2500  -2.2999   0.0000   0.2800
   7.500   1.1502   0.01553   0.00819  -0.0462  0.2023  0.2500  -2.4067   0.0000   0.2761
   8.000   1.1938   0.01609   0.00879  -0.0445  0.1956  0.2500  -2.5173   0.0000   0.2725
   8.500   1.2350   0.01676   0.00949  -0.0425  0.1894  0.2500  -2.6348   0.0000   0.2689
   9.000   1.2757   0.01745   0.01024  -0.0405  0.1825  0.2500  -2.7534   0.0000   0.2654
   9.500   1.3138   0.01827   0.01111  -0.0383  0.1760  0.2500  -2.8769   0.0000   0.2620
  10.000   1.3510   0.01917   0.01206  -0.0361  0.1695  0.2500  -3.0057   0.0000   0.2588
  10.500   1.3857   0.02021   0.01315  -0.0337  0.1625  0.2500  -3.1444   0.0000   0.2556
  11.000   1.4181   0.02142   0.01441  -0.0313  0.1557  0.2500  -3.2811   0.0000   0.2524
  11.500   1.4495   0.02273   0.01579  -0.0289  0.1487  0.2500  -3.4313   0.0000   0.2494
  12.000   1.4763   0.02437   0.01748  -0.0263  0.1416  0.2500  -3.5803   0.0000   0.2463
  12.500   1.5026   0.02613   0.01930  -0.0240  0.1341  0.2500  -3.7413   0.0000   0.2435
  13.000   1.5252   0.02823   0.02148  -0.0217  0.1273  0.2500  -3.8989   0.0000   0.2408
  13.500   1.5429   0.03079   0.02410  -0.0195  0.1201  0.2500  -4.0508   0.0000   0.2381
  14.000   1.5606   0.03353   0.02694  -0.0177  0.1136  0.2500  -4.2034   0.0000   0.2357
  14.500   1.5718   0.03695   0.03044  -0.0160  0.1071  0.2500  -4.3479   0.0000   0.2335
  15.000   1.5798   0.04086   0.03445  -0.0149  0.1008  0.2500  -4.4872   0.0000   0.2315
  15.500   1.5841   0.04538   0.03909  -0.0142  0.0951  0.2500  -4.6202   0.0000   0.2298
  16.000   1.5795   0.05102   0.04484  -0.0142  0.0893  0.2500  -4.7249   0.0000   0.2285
  16.500   1.5750   0.05699   0.05096  -0.0148  0.0847  0.2500  -4.8276   0.0000   0.2277
  17.500   1.5406   0.07264   0.06692  -0.0184  0.0756  0.2500  -4.9381   0.0000   0.2275
  18.000   1.5107   0.08246   0.07691  -0.0217  0.0715  0.2500  -4.9406   0.0000   0.2284
  18.500   1.4856   0.09200   0.08664  -0.0254  0.0683  0.2500  -4.9541   0.0000   0.2297
  19.000   1.4546   0.10251   0.09731  -0.0300  0.0648  0.2500  -4.9420   0.0000   0.2318
  19.500   1.4279   0.11265   0.10761  -0.0351  0.0617  0.2500  -4.9379   0.0000   0.2342
  20.000   1.4062   0.12221   0.11731  -0.0404  0.0582  0.2500  -4.9453   0.0000   0.2369
  20.500   1.3863   0.13166   0.12687  -0.0461  0.0548  0.2500  -4.9515   0.0000   0.2399
  21.000   1.3739   0.14007   0.13542  -0.0516  0.0518  0.2500  -4.9835   0.0000   0.2427
  21.500   1.3587   0.14899   0.14442  -0.0578  0.0487  0.2500  -4.9994   0.0000   0.2462
  22.000   1.3545   0.15628   0.15182  -0.0633  0.0460  0.2500  -5.0671   0.0000   0.2488
  22.500   1.3445   0.16451   0.16014  -0.0697  0.0429  0.2500  -5.0982   0.0000   0.2524
  23.000   1.3431   0.17139   0.16711  -0.0754  0.0404  0.2500  -5.1699   0.0000   0.2551
  23.500   1.3370   0.17901   0.17480  -0.0819  0.0377  0.2500  -5.2101   0.0000   0.2586
  24.000   1.3394   0.18524   0.18113  -0.0875  0.0357  0.2500  -5.2953   0.0000   0.2610
  24.500   1.3374   0.19222   0.18818  -0.0939  0.0335  0.2500  -5.3490   0.0000   0.2642
  25.000   1.3367   0.19898   0.19503  -0.1003  0.0316  0.2500  -5.4107   0.0000   0.2674


