xflr5 v6.47

 Calculated polar for: NACA24018_theta30_Ku4.5_Kl0.5_d0.31_delta11.03

 1 1 Reynolds number fixed          Mach number fixed         

 xtrf =   0.250 (top)        0.250 (bottom)
 Mach =   0.000     Re =     0.700 e 6     Ncrit =   5.000

  alpha     CL        CD       CDp       Cm    Top Xtr Bot Xtr   Cpmin    Chinge    XCp    
 ------- -------- --------- --------- -------- ------- ------- -------- --------- ---------
 -15.000  -0.3308   0.04585   0.03946  -0.1337  0.2500  0.0486  -4.0119   0.0000  -0.1972
 -14.500  -0.2557   0.04592   0.03949  -0.1392  0.2500  0.0510  -3.6582   0.0000  -0.3458
 -14.000  -0.1844   0.04626   0.03973  -0.1436  0.2500  0.0539  -3.3238   0.0000  -0.5941
 -13.500  -0.1085   0.04682   0.04026  -0.1486  0.2500  0.0572  -3.0004   0.0000  -1.2217
 -13.000  -0.0341   0.04756   0.04094  -0.1531  0.2500  0.0609  -2.7061   0.0000  -4.5329
 -12.500   0.0381   0.04842   0.04175  -0.1571  0.2500  0.0654  -2.4258   0.0000   4.6056
 -12.000   0.1119   0.04943   0.04274  -0.1612  0.2500  0.0709  -2.1513   0.0000   1.7629
 -11.500   0.1859   0.05059   0.04388  -0.1652  0.2500  0.0773  -1.8966   0.0000   1.1775
 -11.000   0.2591   0.05186   0.04513  -0.1689  0.2500  0.0851  -1.6548   0.0000   0.9266
 -10.500   0.3320   0.05323   0.04650  -0.1726  0.2500  0.0947  -1.4248   0.0000   0.7864
 -10.000   0.4065   0.05478   0.04806  -0.1764  0.2500  0.1075  -1.2110   0.0000   0.6953
  -9.500   0.4807   0.05642   0.04971  -0.1801  0.2500  0.1240  -1.0151   0.0000   0.6324
  -9.000   0.5578   0.05831   0.05164  -0.1842  0.2500  0.1487  -0.8790   0.0000   0.5854
  -8.500   0.6440   0.06075   0.05417  -0.1899  0.2500  0.1918  -0.9095   0.0000   0.5477
  -8.000   0.7382   0.06380   0.05732  -0.1967  0.2500  0.2500  -1.0006   0.0000   0.5176
  -7.500   0.7933   0.06500   0.05846  -0.1968  0.2500  0.2500  -1.0650   0.0000   0.4980
  -7.000   0.8476   0.06619   0.05961  -0.1968  0.2500  0.2500  -1.1310   0.0000   0.4809
  -6.500   0.9014   0.06738   0.06077  -0.1967  0.2500  0.2500  -1.2025   0.0000   0.4658
  -6.000   0.9547   0.06857   0.06194  -0.1964  0.2500  0.2500  -1.2744   0.0000   0.4525
  -5.500   1.0071   0.06976   0.06311  -0.1961  0.2500  0.2500  -1.3465   0.0000   0.4405
  -5.000   1.0586   0.07092   0.06427  -0.1955  0.2500  0.2500  -1.4187   0.0000   0.4296
  -4.500   1.1095   0.07209   0.06545  -0.1949  0.2500  0.2500  -1.4956   0.0000   0.4198
  -4.000   1.1596   0.07325   0.06662  -0.1941  0.2500  0.2500  -1.5754   0.0000   0.4107
  -3.500   1.2091   0.07441   0.06780  -0.1933  0.2500  0.2500  -1.6569   0.0000   0.4024
  -3.000   1.2580   0.07558   0.06900  -0.1923  0.2500  0.2500  -1.7413   0.0000   0.3946
  -2.500   1.3060   0.07677   0.07022  -0.1912  0.2500  0.2500  -1.8256   0.0000   0.3874
  -2.000   1.3530   0.07798   0.07148  -0.1900  0.2500  0.2500  -1.9113   0.0000   0.3807
  -1.500   1.3994   0.07921   0.07276  -0.1887  0.2500  0.2500  -2.0040   0.0000   0.3743
  -1.000   1.4449   0.08042   0.07403  -0.1873  0.2500  0.2500  -2.0967   0.0000   0.3683
  -0.500   1.4897   0.08160   0.07529  -0.1858  0.2500  0.2500  -2.1912   0.0000   0.3626
   0.000   1.5339   0.08279   0.07655  -0.1842  0.2500  0.2500  -2.2886   0.0000   0.3571
   0.500   1.5757   0.08405   0.07782  -0.1823  0.2436  0.2500  -2.3848   0.0000   0.3520
   1.000   1.6169   0.08532   0.07912  -0.1804  0.2361  0.2500  -2.4900   0.0000   0.3470
   1.500   1.6568   0.08665   0.08047  -0.1783  0.2283  0.2500  -2.5948   0.0000   0.3422
   2.000   1.6952   0.08804   0.08189  -0.1761  0.2205  0.2500  -2.7050   0.0000   0.3376
   2.500   1.7315   0.08957   0.08344  -0.1737  0.2131  0.2500  -2.8165   0.0000   0.3331
   3.000   1.7674   0.09110   0.08502  -0.1713  0.2060  0.2500  -2.9307   0.0000   0.3288
   3.500   1.8020   0.09264   0.08659  -0.1688  0.1982  0.2500  -3.0566   0.0000   0.3246
   4.000   1.8356   0.09421   0.08821  -0.1662  0.1915  0.2500  -3.1821   0.0000   0.3205
   4.500   1.8657   0.09604   0.09008  -0.1634  0.1831  0.2500  -3.3183   0.0000   0.3165
   5.000   1.8955   0.09784   0.09194  -0.1606  0.1762  0.2500  -3.4607   0.0000   0.3126
   5.500   1.9223   0.09981   0.09394  -0.1577  0.1679  0.2500  -3.6139   0.0000   0.3089
   6.000   1.9486   0.10185   0.09606  -0.1548  0.1604  0.2500  -3.7700   0.0000   0.3052
   6.500   1.9717   0.10409   0.09835  -0.1517  0.1529  0.2500  -3.9367   0.0000   0.3015
   7.000   1.9924   0.10655   0.10088  -0.1487  0.1448  0.2500  -4.0998   0.0000   0.2980
   7.500   2.0124   0.10905   0.10345  -0.1459  0.1371  0.2500  -4.2692   0.0000   0.2946
   8.000   2.0272   0.11201   0.10647  -0.1429  0.1293  0.2500  -4.4381   0.0000   0.2914
   8.500   2.0398   0.11515   0.10968  -0.1402  0.1213  0.2500  -4.6025   0.0000   0.2882
   9.000   2.0512   0.11841   0.11305  -0.1377  0.1144  0.2500  -4.7693   0.0000   0.2853
   9.500   2.0581   0.12212   0.11684  -0.1356  0.1076  0.2500  -4.9353   0.0000   0.2825
  10.000   2.0612   0.12619   0.12100  -0.1339  0.1002  0.2500  -5.0891   0.0000   0.2801
  10.500   2.0639   0.13033   0.12526  -0.1327  0.0935  0.2500  -5.2412   0.0000   0.2778
  11.000   2.0635   0.13479   0.12984  -0.1322  0.0874  0.2500  -5.3817   0.0000   0.2759
  11.500   2.0584   0.13980   0.13496  -0.1324  0.0818  0.2500  -5.5034   0.0000   0.2744
  12.000   2.0518   0.14498   0.14027  -0.1334  0.0761  0.2500  -5.6168   0.0000   0.2733
  12.500   2.0437   0.15034   0.14577  -0.1351  0.0709  0.2500  -5.7253   0.0000   0.2726
  13.000   2.0319   0.15616   0.15173  -0.1378  0.0661  0.2500  -5.8170   0.0000   0.2723
  13.500   2.0178   0.16230   0.15801  -0.1414  0.0616  0.2500  -5.8959   0.0000   0.2725
  14.000   2.0049   0.16831   0.16419  -0.1454  0.0578  0.2500  -5.9743   0.0000   0.2729
  14.500   1.9883   0.17479   0.17081  -0.1504  0.0542  0.2500  -6.0342   0.0000   0.2739
  15.000   1.9734   0.18108   0.17725  -0.1556  0.0507  0.2500  -6.1001   0.0000   0.2749
  15.500   1.9589   0.18734   0.18365  -0.1611  0.0476  0.2500  -6.1626   0.0000   0.2760
  16.000   1.9441   0.19361   0.19004  -0.1670  0.0447  0.2500  -6.2175   0.0000   0.2774
  16.500   1.9337   0.19924   0.19580  -0.1724  0.0420  0.2500  -6.2919   0.0000   0.2784
  17.000   1.9209   0.20518   0.20185  -0.1785  0.0394  0.2500  -6.3476   0.0000   0.2799
  17.500   1.9119   0.21052   0.20731  -0.1842  0.0368  0.2500  -6.4209   0.0000   0.2809
  18.000   1.9023   0.21592   0.21281  -0.1901  0.0345  0.2500  -6.4854   0.0000   0.2822
  18.500   1.8937   0.22108   0.21807  -0.1960  0.0323  0.2500  -6.5526   0.0000   0.2833
  19.000   1.8864   0.22599   0.22308  -0.2018  0.0303  0.2500  -6.6237   0.0000   0.2844
  19.500   1.8789   0.23085   0.22803  -0.2077  0.0283  0.2500  -6.6900   0.0000   0.2855
  20.000   1.8743   0.23516   0.23244  -0.2131  0.0267  0.2500  -6.7740   0.0000   0.2861
  20.500   1.8673   0.23980   0.23717  -0.2191  0.0250  0.2500  -6.8355   0.0000   0.2872


