xflr5 v6.47

 Calculated polar for: NACA24018_theta30_Ku4.5_Kl0.5_d0.00_delta0.00

 1 1 Reynolds number fixed          Mach number fixed         

 xtrf =   0.250 (top)        0.250 (bottom)
 Mach =   0.000     Re =     4.000 e 6     Ncrit =   5.000

  alpha     CL        CD       CDp       Cm    Top Xtr Bot Xtr   Cpmin    Chinge    XCp    
 ------- -------- --------- --------- -------- ------- ------- -------- --------- ---------
 -15.000  -1.1457   0.01736   0.01089  -0.0868  0.2500  0.0197  -7.3578   0.0000   0.1514
 -14.500  -1.1164   0.01652   0.01000  -0.0833  0.2500  0.0201  -7.0525   0.0000   0.1533
 -14.000  -1.0859   0.01577   0.00922  -0.0798  0.2500  0.0205  -6.7467   0.0000   0.1553
 -13.500  -1.0556   0.01505   0.00846  -0.0760  0.2500  0.0213  -6.4473   0.0000   0.1575
 -13.000  -1.0236   0.01441   0.00780  -0.0723  0.2500  0.0220  -6.1461   0.0000   0.1596
 -12.500  -0.9897   0.01386   0.00722  -0.0687  0.2500  0.0227  -5.8526   0.0000   0.1615
 -12.000  -0.9542   0.01338   0.00670  -0.0651  0.2500  0.0232  -5.5590   0.0000   0.1632
 -11.500  -0.9187   0.01289   0.00620  -0.0615  0.2500  0.0241  -5.2714   0.0000   0.1652
 -11.000  -0.8824   0.01244   0.00574  -0.0579  0.2500  0.0252  -4.9860   0.0000   0.1671
 -10.500  -0.8443   0.01205   0.00532  -0.0545  0.2500  0.0260  -4.7013   0.0000   0.1687
 -10.000  -0.8056   0.01169   0.00494  -0.0510  0.2500  0.0268  -4.4293   0.0000   0.1704
  -9.500  -0.7677   0.01132   0.00457  -0.0474  0.2500  0.0281  -4.1668   0.0000   0.1725
  -9.000  -0.7296   0.01106   0.00430  -0.0437  0.2500  0.0294  -3.9094   0.0000   0.1748
  -8.500  -0.6919   0.01085   0.00408  -0.0398  0.2500  0.0306  -3.6591   0.0000   0.1776
  -8.000  -0.6486   0.01060   0.00382  -0.0370  0.2500  0.0323  -3.4069   0.0000   0.1784
  -7.500  -0.6027   0.01038   0.00359  -0.0348  0.2500  0.0336  -3.1584   0.0000   0.1781
  -7.000  -0.5566   0.01013   0.00336  -0.0326  0.2500  0.0362  -2.9161   0.0000   0.1775
  -6.500  -0.5087   0.00994   0.00316  -0.0307  0.2500  0.0380  -2.6765   0.0000   0.1759
  -6.000  -0.4606   0.00973   0.00297  -0.0288  0.2500  0.0407  -2.4476   0.0000   0.1738
  -5.500  -0.4117   0.00954   0.00279  -0.0271  0.2500  0.0440  -2.2293   0.0000   0.1706
  -5.000  -0.3620   0.00937   0.00263  -0.0255  0.2500  0.0475  -2.0168   0.0000   0.1659
  -4.500  -0.3119   0.00920   0.00248  -0.0240  0.2500  0.0515  -1.8185   0.0000   0.1591
  -4.000  -0.2614   0.00904   0.00235  -0.0226  0.2500  0.0566  -1.6330   0.0000   0.1494
  -3.500  -0.2105   0.00890   0.00223  -0.0212  0.2500  0.0624  -1.4541   0.0000   0.1342
  -3.000  -0.1593   0.00876   0.00212  -0.0200  0.2500  0.0693  -1.2851   0.0000   0.1086
  -2.500  -0.1078   0.00863   0.00203  -0.0187  0.2500  0.0776  -1.1248   0.0000   0.0577
  -2.000  -0.0564   0.00850   0.00195  -0.0175  0.2500  0.0897  -0.9748   0.0000  -0.0861
  -1.500  -0.0050   0.00837   0.00188  -0.0163  0.2500  0.1046  -0.8361   0.0000  -3.2057
  -1.000   0.0462   0.00823   0.00182  -0.0150  0.2500  0.1264  -0.8003   0.0000   0.5832
  -0.500   0.0966   0.00807   0.00176  -0.0136  0.2500  0.1595  -0.8592   0.0000   0.3891
   0.000   0.1439   0.00777   0.00169  -0.0116  0.2500  0.2291  -0.9172   0.0000   0.3258
   0.500   0.1962   0.00770   0.00167  -0.0106  0.2500  0.2500  -0.9809   0.0000   0.2975
   1.000   0.2505   0.00772   0.00169  -0.0100  0.2500  0.2500  -1.0482   0.0000   0.2822
   1.500   0.3046   0.00775   0.00172  -0.0093  0.2500  0.2500  -1.1162   0.0000   0.2723
   2.000   0.3574   0.00782   0.00177  -0.0084  0.2449  0.2500  -1.1862   0.0000   0.2647
   2.500   0.4104   0.00789   0.00182  -0.0076  0.2402  0.2500  -1.2603   0.0000   0.2591
   3.000   0.4618   0.00801   0.00190  -0.0065  0.2314  0.2500  -1.3353   0.0000   0.2542
   3.500   0.5141   0.00809   0.00198  -0.0056  0.2269  0.2500  -1.4136   0.0000   0.2504
   4.000   0.5646   0.00823   0.00208  -0.0043  0.2188  0.2500  -1.4934   0.0000   0.2468
   4.500   0.6161   0.00832   0.00218  -0.0033  0.2148  0.2500  -1.5754   0.0000   0.2440
   5.000   0.6653   0.00848   0.00231  -0.0018  0.2063  0.2500  -1.6597   0.0000   0.2409
   5.500   0.7149   0.00861   0.00243  -0.0005  0.2008  0.2500  -1.7456   0.0000   0.2383
   6.000   0.7630   0.00878   0.00258   0.0011  0.1941  0.2500  -1.8351   0.0000   0.2356
   6.500   0.8110   0.00892   0.00272   0.0027  0.1893  0.2500  -1.9299   0.0000   0.2332
   7.000   0.8543   0.00910   0.00289   0.0053  0.1819  0.2500  -2.0207   0.0000   0.2298
   7.500   0.8961   0.00924   0.00303   0.0081  0.1773  0.2500  -2.1134   0.0000   0.2263
   8.000   0.9367   0.00946   0.00324   0.0111  0.1703  0.2500  -2.2118   0.0000   0.2228
   8.500   0.9791   0.00969   0.00347   0.0137  0.1654  0.2500  -2.3142   0.0000   0.2201
   9.000   1.0189   0.01001   0.00378   0.0166  0.1576  0.2500  -2.4189   0.0000   0.2170
   9.500   1.0576   0.01037   0.00412   0.0197  0.1497  0.2500  -2.5233   0.0000   0.2140
  10.000   1.0973   0.01070   0.00445   0.0225  0.1438  0.2500  -2.6423   0.0000   0.2114
  10.500   1.1340   0.01112   0.00485   0.0257  0.1361  0.2500  -2.7615   0.0000   0.2085
  11.000   1.1700   0.01156   0.00528   0.0289  0.1297  0.2500  -2.8911   0.0000   0.2057
  11.500   1.2067   0.01198   0.00572   0.0319  0.1247  0.2500  -3.0297   0.0000   0.2031
  12.000   1.2375   0.01259   0.00631   0.0357  0.1156  0.2500  -3.1600   0.0000   0.1999
  12.500   1.2668   0.01328   0.00698   0.0396  0.1074  0.2500  -3.2939   0.0000   0.1966
  13.000   1.2955   0.01402   0.00771   0.0433  0.1009  0.2500  -3.4456   0.0000   0.1936
  13.500   1.3222   0.01487   0.00856   0.0471  0.0937  0.2500  -3.5969   0.0000   0.1905
  14.000   1.3469   0.01585   0.00955   0.0509  0.0870  0.2500  -3.7607   0.0000   0.1874
  14.500   1.3692   0.01701   0.01071   0.0546  0.0809  0.2500  -3.9221   0.0000   0.1843
  15.000   1.3880   0.01842   0.01212   0.0584  0.0744  0.2500  -4.0819   0.0000   0.1810
  15.500   1.4050   0.02006   0.01377   0.0619  0.0685  0.2500  -4.2415   0.0000   0.1780
  16.000   1.4215   0.02190   0.01564   0.0649  0.0636  0.2500  -4.4036   0.0000   0.1753
  16.500   1.4353   0.02408   0.01785   0.0676  0.0590  0.2500  -4.5649   0.0000   0.1726
  17.000   1.4446   0.02677   0.02057   0.0700  0.0545  0.2500  -4.7153   0.0000   0.1700
  17.500   1.4515   0.02991   0.02376   0.0719  0.0504  0.2500  -4.8649   0.0000   0.1677
  18.000   1.4568   0.03346   0.02737   0.0732  0.0470  0.2500  -5.0122   0.0000   0.1657
  18.500   1.4566   0.03776   0.03174   0.0739  0.0439  0.2500  -5.1439   0.0000   0.1638
  19.000   1.4550   0.04249   0.03656   0.0740  0.0417  0.2500  -5.2710   0.0000   0.1623
  19.500   1.4453   0.04826   0.04242   0.0736  0.0394  0.2500  -5.3675   0.0000   0.1608
  20.000   1.4344   0.05444   0.04871   0.0726  0.0375  0.2500  -5.4564   0.0000   0.1596
  20.500   1.4103   0.06231   0.05669   0.0709  0.0354  0.2500  -5.4924   0.0000   0.1583
  21.000   1.3885   0.07019   0.06470   0.0687  0.0342  0.2500  -5.5314   0.0000   0.1575
  21.500   1.3592   0.07919   0.07384   0.0659  0.0328  0.2500  -5.5352   0.0000   0.1569
  22.000   1.3283   0.08866   0.08344   0.0626  0.0314  0.2500  -5.5253   0.0000   0.1566
  22.500   1.3015   0.09787   0.09278   0.0590  0.0304  0.2500  -5.5250   0.0000   0.1568
  23.000   1.2720   0.10762   0.10265   0.0549  0.0291  0.2500  -5.5085   0.0000   0.1573
  23.500   1.2501   0.11657   0.11171   0.0508  0.0277  0.2500  -5.5173   0.0000   0.1583
  24.000   1.2302   0.12536   0.12061   0.0464  0.0267  0.2500  -5.5291   0.0000   0.1596
  24.500   1.2118   0.13409   0.12943   0.0418  0.0254  0.2500  -5.5435   0.0000   0.1612
  25.000   1.1994   0.14199   0.13742   0.0372  0.0242  0.2500  -5.5848   0.0000   0.1630


