xflr5 v6.47

 Calculated polar for: NACA24018_theta30_Ku4.5_Kl0.5_d0.21_delta5.84

 1 1 Reynolds number fixed          Mach number fixed         

 xtrf =   0.250 (top)        0.250 (bottom)
 Mach =   0.000     Re =     0.600 e 6     Ncrit =   5.000

  alpha     CL        CD       CDp       Cm    Top Xtr Bot Xtr   Cpmin    Chinge    XCp    
 ------- -------- --------- --------- -------- ------- ------- -------- --------- ---------
 -15.000  -0.7127   0.03445   0.02717  -0.1091  0.2500  0.0380  -5.3924   0.0000   0.0707
 -14.500  -0.7151   0.03248   0.02511  -0.1039  0.2500  0.0388  -5.2566   0.0000   0.0800
 -14.000  -0.6908   0.03079   0.02330  -0.1022  0.2500  0.0400  -5.0327   0.0000   0.0780
 -13.500  -0.6540   0.02919   0.02165  -0.1024  0.2500  0.0413  -4.7693   0.0000   0.0698
 -13.000  -0.6065   0.02800   0.02037  -0.1036  0.2500  0.0430  -4.4877   0.0000   0.0556
 -12.500  -0.5524   0.02698   0.01928  -0.1056  0.2500  0.0449  -4.1936   0.0000   0.0349
 -12.000  -0.4937   0.02620   0.01844  -0.1079  0.2500  0.0473  -3.8904   0.0000   0.0066
 -11.500  -0.4309   0.02555   0.01772  -0.1108  0.2500  0.0498  -3.5851   0.0000  -0.0333
 -11.000  -0.3666   0.02510   0.01720  -0.1136  0.2500  0.0530  -3.2831   0.0000  -0.0881
 -10.500  -0.2991   0.02473   0.01681  -0.1169  0.2500  0.0565  -2.9943   0.0000  -0.1727
 -10.000  -0.2305   0.02450   0.01653  -0.1202  0.2500  0.0604  -2.7126   0.0000  -0.3093
  -9.500  -0.1612   0.02437   0.01637  -0.1235  0.2500  0.0654  -2.4406   0.0000  -0.5656
  -9.000  -0.0907   0.02434   0.01632  -0.1270  0.2500  0.0714  -2.1845   0.0000  -1.2290
  -8.500  -0.0194   0.02440   0.01636  -0.1304  0.2500  0.0788  -1.9376   0.0000  -6.8046
  -8.000   0.0522   0.02454   0.01650  -0.1339  0.2500  0.0882  -1.7082   0.0000   2.9277
  -7.500   0.1248   0.02475   0.01672  -0.1374  0.2500  0.1004  -1.4851   0.0000   1.3928
  -7.000   0.1985   0.02504   0.01704  -0.1412  0.2500  0.1176  -1.2711   0.0000   0.9839
  -6.500   0.2755   0.02543   0.01750  -0.1455  0.2500  0.1442  -1.0739   0.0000   0.7923
  -6.000   0.3602   0.02597   0.01819  -0.1514  0.2500  0.1962  -0.8802   0.0000   0.6792
  -5.500   0.4441   0.02663   0.01896  -0.1569  0.2500  0.2500  -0.8715   0.0000   0.6091
  -5.000   0.5047   0.02707   0.01934  -0.1578  0.2500  0.2500  -0.9365   0.0000   0.5664
  -4.500   0.5648   0.02753   0.01974  -0.1586  0.2500  0.2500  -1.0041   0.0000   0.5328
  -4.000   0.6241   0.02800   0.02017  -0.1592  0.2500  0.2500  -1.0742   0.0000   0.5058
  -3.500   0.6829   0.02849   0.02063  -0.1597  0.2500  0.2500  -1.1458   0.0000   0.4834
  -3.000   0.7410   0.02900   0.02113  -0.1601  0.2500  0.2500  -1.2178   0.0000   0.4646
  -2.500   0.7984   0.02953   0.02165  -0.1603  0.2500  0.2500  -1.2907   0.0000   0.4484
  -2.000   0.8552   0.03008   0.02220  -0.1604  0.2500  0.2500  -1.3699   0.0000   0.4344
  -1.500   0.9113   0.03066   0.02278  -0.1605  0.2500  0.2500  -1.4497   0.0000   0.4221
  -1.000   0.9667   0.03125   0.02340  -0.1603  0.2500  0.2500  -1.5298   0.0000   0.4111
  -0.500   1.0211   0.03187   0.02405  -0.1601  0.2500  0.2500  -1.6147   0.0000   0.4013
   0.000   1.0747   0.03254   0.02476  -0.1597  0.2500  0.2500  -1.7023   0.0000   0.3923
   0.500   1.1277   0.03323   0.02550  -0.1591  0.2500  0.2500  -1.7902   0.0000   0.3842
   1.000   1.1798   0.03395   0.02628  -0.1585  0.2500  0.2500  -1.8783   0.0000   0.3767
   1.500   1.2312   0.03471   0.02710  -0.1577  0.2500  0.2500  -1.9709   0.0000   0.3697
   2.000   1.2817   0.03549   0.02797  -0.1568  0.2500  0.2500  -2.0708   0.0000   0.3632
   2.500   1.3312   0.03631   0.02888  -0.1557  0.2500  0.2500  -2.1709   0.0000   0.3572
   3.000   1.3792   0.03720   0.02983  -0.1545  0.2455  0.2500  -2.2708   0.0000   0.3514
   3.500   1.4235   0.03830   0.03093  -0.1527  0.2375  0.2500  -2.3703   0.0000   0.3459
   4.000   1.4687   0.03935   0.03205  -0.1511  0.2309  0.2500  -2.4763   0.0000   0.3407
   4.500   1.5106   0.04059   0.03332  -0.1490  0.2237  0.2500  -2.5859   0.0000   0.3357
   5.000   1.5537   0.04177   0.03458  -0.1472  0.2168  0.2500  -2.7026   0.0000   0.3309
   5.500   1.5919   0.04323   0.03607  -0.1447  0.2091  0.2500  -2.8212   0.0000   0.3263
   6.000   1.6311   0.04465   0.03759  -0.1424  0.2023  0.2500  -2.9435   0.0000   0.3218
   6.500   1.6660   0.04637   0.03935  -0.1396  0.1950  0.2500  -3.0719   0.0000   0.3174
   7.000   1.7016   0.04807   0.04115  -0.1370  0.1882  0.2500  -3.2056   0.0000   0.3132
   7.500   1.7325   0.05010   0.04325  -0.1339  0.1813  0.2500  -3.3406   0.0000   0.3090
   8.000   1.7625   0.05223   0.04547  -0.1309  0.1735  0.2500  -3.4882   0.0000   0.3050
   8.500   1.7895   0.05463   0.04796  -0.1277  0.1669  0.2500  -3.6372   0.0000   0.3011
   9.000   1.8127   0.05739   0.05081  -0.1243  0.1592  0.2500  -3.7908   0.0000   0.2973
   9.500   1.8339   0.06039   0.05392  -0.1211  0.1511  0.2500  -3.9587   0.0000   0.2936
  10.000   1.8508   0.06386   0.05750  -0.1178  0.1446  0.2500  -4.1176   0.0000   0.2901
  10.500   1.8640   0.06777   0.06153  -0.1146  0.1374  0.2500  -4.2689   0.0000   0.2868
  11.000   1.8755   0.07198   0.06587  -0.1119  0.1303  0.2500  -4.4164   0.0000   0.2837
  11.500   1.8813   0.07690   0.07092  -0.1094  0.1236  0.2500  -4.5596   0.0000   0.2810
  12.000   1.8817   0.08249   0.07665  -0.1075  0.1163  0.2500  -4.6923   0.0000   0.2786
  12.500   1.8807   0.08837   0.08267  -0.1063  0.1093  0.2500  -4.8195   0.0000   0.2766
  13.000   1.8768   0.09471   0.08917  -0.1059  0.1033  0.2500  -4.9399   0.0000   0.2751
  13.500   1.8684   0.10172   0.09634  -0.1064  0.0979  0.2500  -5.0416   0.0000   0.2741
  14.000   1.8581   0.10903   0.10383  -0.1079  0.0924  0.2500  -5.1327   0.0000   0.2736
  14.500   1.8459   0.11671   0.11169  -0.1102  0.0872  0.2500  -5.2112   0.0000   0.2737
  15.000   1.8297   0.12501   0.12015  -0.1137  0.0821  0.2500  -5.2720   0.0000   0.2745
  15.500   1.8110   0.13374   0.12903  -0.1182  0.0772  0.2500  -5.3163   0.0000   0.2759
  16.000   1.7963   0.14196   0.13743  -0.1231  0.0727  0.2500  -5.3691   0.0000   0.2774
  16.500   1.7803   0.15039   0.14601  -0.1286  0.0685  0.2500  -5.4096   0.0000   0.2794
  17.000   1.7638   0.15895   0.15469  -0.1348  0.0644  0.2500  -5.4411   0.0000   0.2817
  17.500   1.7530   0.16666   0.16254  -0.1407  0.0603  0.2500  -5.4962   0.0000   0.2838
  18.000   1.7425   0.17434   0.17035  -0.1470  0.0566  0.2500  -5.5505   0.0000   0.2860
  18.500   1.7323   0.18197   0.17809  -0.1536  0.0530  0.2500  -5.6006   0.0000   0.2884
  19.000   1.7253   0.18907   0.18529  -0.1600  0.0495  0.2500  -5.6625   0.0000   0.2906
  19.500   1.7205   0.19578   0.19211  -0.1663  0.0464  0.2500  -5.7319   0.0000   0.2926
  20.000   1.7151   0.20253   0.19895  -0.1729  0.0436  0.2500  -5.7930   0.0000   0.2948
  20.500   1.7122   0.20882   0.20534  -0.1793  0.0407  0.2500  -5.8645   0.0000   0.2967
  21.000   1.7109   0.21479   0.21140  -0.1854  0.0381  0.2500  -5.9425   0.0000   0.2984
  21.500   1.7075   0.22109   0.21777  -0.1922  0.0358  0.2500  -6.0022   0.0000   0.3005
  22.000   1.7070   0.22681   0.22360  -0.1985  0.0336  0.2500  -6.0898   0.0000   0.3022
  22.500   1.7060   0.23257   0.22944  -0.2050  0.0316  0.2500  -6.1703   0.0000   0.3039
  23.000   1.7062   0.23799   0.23494  -0.2113  0.0297  0.2500  -6.2577   0.0000   0.3055
  23.500   1.7066   0.24334   0.24038  -0.2177  0.0280  0.2500  -6.3425   0.0000   0.3070
  24.000   1.7063   0.24871   0.24583  -0.2243  0.0263  0.2500  -6.4191   0.0000   0.3086
  24.500   1.7079   0.25360   0.25081  -0.2304  0.0248  0.2500  -6.5092   0.0000   0.3098
  25.000   1.7083   0.25866   0.25594  -0.2369  0.0234  0.2500  -6.5858   0.0000   0.3113


