xflr5 v6.47

 Calculated polar for: NACA24018_theta30_Ku4.5_Kl0.5_d0.24_delta7.31

 1 1 Reynolds number fixed          Mach number fixed         

 xtrf =   0.250 (top)        0.250 (bottom)
 Mach =   0.000     Re =     0.300 e 6     Ncrit =   5.000

  alpha     CL        CD       CDp       Cm    Top Xtr Bot Xtr   Cpmin    Chinge    XCp    
 ------- -------- --------- --------- -------- ------- ------- -------- --------- ---------
 -15.000  -0.6300   0.04295   0.03517  -0.1044  0.2500  0.0474  -4.9233   0.0000   0.0572
 -14.500  -0.6183   0.04058   0.03264  -0.1023  0.2500  0.0489  -4.7612   0.0000   0.0584
 -14.000  -0.5907   0.03852   0.03048  -0.1021  0.2500  0.0503  -4.5480   0.0000   0.0515
 -13.500  -0.5510   0.03683   0.02869  -0.1032  0.2500  0.0521  -4.3033   0.0000   0.0372
 -13.000  -0.5036   0.03546   0.02715  -0.1048  0.2500  0.0545  -4.0432   0.0000   0.0160
 -12.500  -0.4491   0.03431   0.02596  -0.1074  0.2500  0.0571  -3.7588   0.0000  -0.0160
 -12.000  -0.3908   0.03344   0.02497  -0.1100  0.2500  0.0602  -3.4758   0.0000  -0.0599
 -11.500  -0.3281   0.03278   0.02425  -0.1131  0.2500  0.0639  -3.1926   0.0000  -0.1260
 -11.000  -0.2624   0.03229   0.02371  -0.1166  0.2500  0.0681  -2.9145   0.0000  -0.2300
 -10.500  -0.1946   0.03200   0.02334  -0.1201  0.2500  0.0732  -2.6417   0.0000  -0.4117
 -10.000  -0.1249   0.03187   0.02317  -0.1238  0.2500  0.0795  -2.3818   0.0000  -0.8043
  -9.500  -0.0527   0.03190   0.02316  -0.1278  0.2500  0.0871  -2.1241   0.0000  -2.3080
  -9.000   0.0218   0.03207   0.02331  -0.1322  0.2500  0.0968  -1.8765   0.0000   6.6064
  -8.500   0.0976   0.03238   0.02362  -0.1366  0.2500  0.1095  -1.6404   0.0000   1.7077
  -8.000   0.1767   0.03286   0.02412  -0.1416  0.2500  0.1277  -1.4179   0.0000   1.0798
  -7.500   0.2609   0.03354   0.02486  -0.1475  0.2500  0.1576  -1.1953   0.0000   0.8317
  -7.000   0.3706   0.03482   0.02636  -0.1583  0.2500  0.2365  -0.9559   0.0000   0.6866
  -6.500   0.4403   0.03560   0.02706  -0.1610  0.2500  0.2500  -0.8324   0.0000   0.6220
  -6.000   0.5011   0.03626   0.02762  -0.1619  0.2500  0.2500  -0.8962   0.0000   0.5774
  -5.500   0.5609   0.03694   0.02821  -0.1627  0.2500  0.2500  -0.9620   0.0000   0.5426
  -5.000   0.6197   0.03764   0.02884  -0.1634  0.2500  0.2500  -1.0279   0.0000   0.5146
  -4.500   0.6779   0.03836   0.02951  -0.1638  0.2500  0.2500  -1.0962   0.0000   0.4915
  -4.000   0.7352   0.03910   0.03021  -0.1642  0.2500  0.2500  -1.1681   0.0000   0.4720
  -3.500   0.7918   0.03986   0.03094  -0.1644  0.2500  0.2500  -1.2412   0.0000   0.4553
  -3.000   0.8475   0.04063   0.03171  -0.1644  0.2500  0.2500  -1.3146   0.0000   0.4408
  -2.500   0.9024   0.04144   0.03252  -0.1644  0.2500  0.2500  -1.3908   0.0000   0.4281
  -2.000   0.9565   0.04227   0.03337  -0.1641  0.2500  0.2500  -1.4680   0.0000   0.4167
  -1.500   1.0096   0.04313   0.03427  -0.1637  0.2500  0.2500  -1.5474   0.0000   0.4065
  -1.000   1.0616   0.04403   0.03521  -0.1632  0.2500  0.2500  -1.6311   0.0000   0.3973
  -0.500   1.1126   0.04497   0.03620  -0.1624  0.2500  0.2500  -1.7155   0.0000   0.3889
   0.000   1.1627   0.04592   0.03722  -0.1616  0.2500  0.2500  -1.8014   0.0000   0.3811
   0.500   1.2119   0.04691   0.03829  -0.1606  0.2500  0.2500  -1.8897   0.0000   0.3739
   1.000   1.2603   0.04794   0.03940  -0.1595  0.2500  0.2500  -1.9806   0.0000   0.3672
   1.500   1.3074   0.04900   0.04056  -0.1582  0.2500  0.2500  -2.0726   0.0000   0.3609
   2.000   1.3538   0.05010   0.04178  -0.1568  0.2500  0.2500  -2.1706   0.0000   0.3550
   2.500   1.3987   0.05126   0.04305  -0.1552  0.2500  0.2500  -2.2704   0.0000   0.3493
   3.000   1.4423   0.05248   0.04440  -0.1535  0.2500  0.2500  -2.3694   0.0000   0.3440
   3.500   1.4850   0.05373   0.04578  -0.1516  0.2500  0.2500  -2.4687   0.0000   0.3389
   4.000   1.5257   0.05507   0.04723  -0.1496  0.2486  0.2500  -2.5733   0.0000   0.3340
   4.500   1.5640   0.05663   0.04893  -0.1473  0.2407  0.2500  -2.6829   0.0000   0.3293
   5.000   1.5970   0.05856   0.05092  -0.1444  0.2335  0.2500  -2.7930   0.0000   0.3246
   5.500   1.6315   0.06038   0.05288  -0.1418  0.2268  0.2500  -2.9085   0.0000   0.3202
   6.000   1.6607   0.06257   0.05517  -0.1388  0.2193  0.2500  -3.0248   0.0000   0.3159
   6.500   1.6900   0.06480   0.05755  -0.1358  0.2121  0.2500  -3.1443   0.0000   0.3117
   7.000   1.7145   0.06742   0.06027  -0.1326  0.2049  0.2500  -3.2659   0.0000   0.3077
   7.500   1.7395   0.07003   0.06304  -0.1295  0.1979  0.2500  -3.4010   0.0000   0.3038
   8.000   1.7591   0.07315   0.06629  -0.1263  0.1909  0.2500  -3.5361   0.0000   0.3000
   8.500   1.7790   0.07627   0.06959  -0.1234  0.1839  0.2500  -3.6769   0.0000   0.2965
   9.000   1.7924   0.08009   0.07353  -0.1204  0.1770  0.2500  -3.8068   0.0000   0.2931
   9.500   1.8080   0.08376   0.07741  -0.1180  0.1699  0.2500  -3.9551   0.0000   0.2900
  10.000   1.8153   0.08836   0.08213  -0.1157  0.1629  0.2500  -4.0837   0.0000   0.2871
  10.500   1.8259   0.09267   0.08665  -0.1140  0.1556  0.2500  -4.2279   0.0000   0.2846
  11.000   1.8302   0.09770   0.09185  -0.1128  0.1489  0.2500  -4.3622   0.0000   0.2824
  11.500   1.8324   0.10306   0.09737  -0.1122  0.1419  0.2500  -4.4887   0.0000   0.2805
  12.000   1.8340   0.10851   0.10302  -0.1122  0.1353  0.2500  -4.6114   0.0000   0.2790
  12.500   1.8290   0.11484   0.10949  -0.1132  0.1290  0.2500  -4.7106   0.0000   0.2782
  13.000   1.8275   0.12080   0.11566  -0.1147  0.1223  0.2500  -4.8175   0.0000   0.2775
  13.500   1.8205   0.12749   0.12253  -0.1172  0.1160  0.2500  -4.9056   0.0000   0.2774
  14.000   1.8096   0.13477   0.12996  -0.1207  0.1095  0.2500  -4.9816   0.0000   0.2780
  14.500   1.8020   0.14167   0.13705  -0.1245  0.1032  0.2500  -5.0675   0.0000   0.2787
  15.000   1.7915   0.14897   0.14451  -0.1292  0.0975  0.2500  -5.1369   0.0000   0.2799
  15.500   1.7790   0.15659   0.15226  -0.1346  0.0918  0.2500  -5.1916   0.0000   0.2816
  16.000   1.7701   0.16372   0.15958  -0.1400  0.0860  0.2500  -5.2557   0.0000   0.2832
  16.500   1.7603   0.17097   0.16697  -0.1460  0.0806  0.2500  -5.3104   0.0000   0.2851
  17.000   1.7505   0.17819   0.17428  -0.1522  0.0755  0.2500  -5.3602   0.0000   0.2872
  17.500   1.7426   0.18511   0.18133  -0.1585  0.0705  0.2500  -5.4126   0.0000   0.2893
  18.000   1.7366   0.19168   0.18803  -0.1647  0.0659  0.2500  -5.4700   0.0000   0.2912
  18.500   1.7310   0.19812   0.19457  -0.1711  0.0617  0.2500  -5.5316   0.0000   0.2932
  19.000   1.7265   0.20436   0.20089  -0.1774  0.0577  0.2500  -5.5991   0.0000   0.2950
  19.500   1.7233   0.21035   0.20702  -0.1837  0.0539  0.2500  -5.6685   0.0000   0.2968
  20.000   1.7203   0.21623   0.21298  -0.1900  0.0505  0.2500  -5.7381   0.0000   0.2986
  20.500   1.7176   0.22200   0.21884  -0.1965  0.0472  0.2500  -5.8095   0.0000   0.3004
  21.000   1.7158   0.22757   0.22453  -0.2029  0.0441  0.2500  -5.8810   0.0000   0.3021
  21.500   1.7158   0.23270   0.22971  -0.2089  0.0414  0.2500  -5.9650   0.0000   0.3034
  22.000   1.7136   0.23820   0.23535  -0.2156  0.0388  0.2500  -6.0255   0.0000   0.3052
  22.500   1.7132   0.24325   0.24048  -0.2218  0.0365  0.2500  -6.0978   0.0000   0.3066
  23.000   1.7134   0.24810   0.24540  -0.2280  0.0343  0.2500  -6.1725   0.0000   0.3079
  23.500   1.7122   0.25316   0.25058  -0.2346  0.0323  0.2500  -6.2279   0.0000   0.3095
  24.000   1.7129   0.25772   0.25522  -0.2407  0.0305  0.2500  -6.3033   0.0000   0.3106
  24.500   1.7102   0.26293   0.26056  -0.2477  0.0287  0.2500  -6.3476   0.0000   0.3125
  25.000   1.7109   0.26731   0.26499  -0.2538  0.0270  0.2500  -6.4281   0.0000   0.3135


