xflr5 v6.47

 Calculated polar for: NACA24018_theta30_Ku4.5_Kl0.5_d0.14_delta3.44

 1 1 Reynolds number fixed          Mach number fixed         

 xtrf =   0.250 (top)        0.250 (bottom)
 Mach =   0.000     Re =     4.000 e 6     Ncrit =   5.000

  alpha     CL        CD       CDp       Cm    Top Xtr Bot Xtr   Cpmin    Chinge    XCp    
 ------- -------- --------- --------- -------- ------- ------- -------- --------- ---------
 -15.000  -0.9375   0.01871   0.01261  -0.1070  0.2500  0.0235  -6.4656   0.0000   0.1125
 -14.500  -0.9164   0.01779   0.01165  -0.1026  0.2500  0.0241  -6.2064   0.0000   0.1156
 -14.000  -0.8782   0.01696   0.01079  -0.1010  0.2500  0.0250  -5.8943   0.0000   0.1131
 -13.500  -0.8319   0.01625   0.01007  -0.1005  0.2500  0.0260  -5.5676   0.0000   0.1077
 -13.000  -0.7801   0.01569   0.00947  -0.1008  0.2500  0.0267  -5.2294   0.0000   0.0996
 -12.500  -0.7245   0.01515   0.00891  -0.1017  0.2500  0.0278  -4.8979   0.0000   0.0887
 -12.000  -0.6662   0.01468   0.00843  -0.1029  0.2500  0.0290  -4.5688   0.0000   0.0744
 -11.500  -0.6057   0.01429   0.00802  -0.1044  0.2500  0.0300  -4.2419   0.0000   0.0563
 -11.000  -0.5435   0.01394   0.00766  -0.1062  0.2500  0.0317  -3.9198   0.0000   0.0328
 -10.500  -0.4801   0.01365   0.00736  -0.1081  0.2500  0.0334  -3.6032   0.0000   0.0022
 -10.000  -0.4154   0.01340   0.00710  -0.1102  0.2500  0.0354  -3.2935   0.0000  -0.0391
  -9.500  -0.3504   0.01320   0.00690  -0.1122  0.2500  0.0375  -2.9962   0.0000  -0.0962
  -9.000  -0.2845   0.01302   0.00672  -0.1145  0.2500  0.0402  -2.7155   0.0000  -0.1814
  -8.500  -0.2186   0.01289   0.00659  -0.1166  0.2500  0.0427  -2.4529   0.0000  -0.3176
  -8.000  -0.1520   0.01279   0.00650  -0.1188  0.2500  0.0463  -2.2007   0.0000  -0.5763
  -7.500  -0.0852   0.01271   0.00643  -0.1211  0.2500  0.0503  -1.9572   0.0000  -1.2426
  -7.000  -0.0184   0.01267   0.00641  -0.1233  0.2500  0.0554  -1.7313   0.0000  -6.7552
  -6.500   0.0484   0.01266   0.00641  -0.1255  0.2500  0.0611  -1.5158   0.0000   2.9443
  -6.000   0.1151   0.01267   0.00644  -0.1277  0.2500  0.0676  -1.3174   0.0000   1.3959
  -5.500   0.1818   0.01270   0.00650  -0.1298  0.2500  0.0755  -1.1360   0.0000   0.9840
  -5.000   0.2497   0.01274   0.00659  -0.1321  0.2500  0.0884  -0.9603   0.0000   0.7915
  -4.500   0.3165   0.01282   0.00670  -0.1342  0.2500  0.1005  -0.8220   0.0000   0.6820
  -4.000   0.3853   0.01291   0.00686  -0.1368  0.2500  0.1217  -0.8902   0.0000   0.6099
  -3.500   0.4565   0.01302   0.00707  -0.1398  0.2500  0.1556  -0.9629   0.0000   0.5590
  -3.000   0.5327   0.01315   0.00736  -0.1438  0.2500  0.2129  -1.0449   0.0000   0.5212
  -2.500   0.6035   0.01333   0.00762  -0.1467  0.2500  0.2500  -1.1244   0.0000   0.4931
  -2.000   0.6638   0.01351   0.00779  -0.1474  0.2500  0.2500  -1.1973   0.0000   0.4710
  -1.500   0.7236   0.01370   0.00798  -0.1479  0.2500  0.2500  -1.2724   0.0000   0.4525
  -1.000   0.7831   0.01389   0.00817  -0.1485  0.2500  0.2500  -1.3532   0.0000   0.4368
  -0.500   0.8422   0.01411   0.00838  -0.1489  0.2475  0.2500  -1.4351   0.0000   0.4232
   0.000   0.9002   0.01437   0.00860  -0.1491  0.2391  0.2500  -1.5187   0.0000   0.4114
   0.500   0.9581   0.01463   0.00884  -0.1494  0.2324  0.2500  -1.6056   0.0000   0.4009
   1.000   1.0148   0.01493   0.00910  -0.1494  0.2230  0.2500  -1.6927   0.0000   0.3915
   1.500   1.0714   0.01522   0.00939  -0.1494  0.2190  0.2500  -1.7857   0.0000   0.3830
   2.000   1.1265   0.01557   0.00970  -0.1491  0.2099  0.2500  -1.8816   0.0000   0.3753
   2.500   1.1813   0.01591   0.01004  -0.1487  0.2049  0.2500  -1.9787   0.0000   0.3682
   3.000   1.2348   0.01632   0.01041  -0.1482  0.1964  0.2500  -2.0792   0.0000   0.3616
   3.500   1.2884   0.01671   0.01080  -0.1476  0.1916  0.2500  -2.1823   0.0000   0.3555
   4.000   1.3402   0.01718   0.01124  -0.1468  0.1826  0.2500  -2.2889   0.0000   0.3497
   4.500   1.3924   0.01761   0.01168  -0.1460  0.1779  0.2500  -2.4059   0.0000   0.3443
   5.000   1.4424   0.01814   0.01218  -0.1449  0.1691  0.2500  -2.5228   0.0000   0.3392
   5.500   1.4918   0.01869   0.01271  -0.1436  0.1620  0.2500  -2.6407   0.0000   0.3343
   6.000   1.5408   0.01924   0.01328  -0.1424  0.1562  0.2500  -2.7698   0.0000   0.3296
   6.500   1.5860   0.01997   0.01397  -0.1405  0.1464  0.2500  -2.9006   0.0000   0.3250
   7.000   1.6302   0.02073   0.01472  -0.1384  0.1395  0.2500  -3.0318   0.0000   0.3205
   7.500   1.6731   0.02154   0.01553  -0.1362  0.1312  0.2500  -3.1726   0.0000   0.3162
   8.000   1.7144   0.02245   0.01642  -0.1337  0.1225  0.2500  -3.3248   0.0000   0.3120
   8.500   1.7532   0.02348   0.01743  -0.1310  0.1146  0.2500  -3.4842   0.0000   0.3078
   9.000   1.7880   0.02471   0.01865  -0.1276  0.1051  0.2500  -3.6471   0.0000   0.3036
   9.500   1.8230   0.02595   0.01988  -0.1245  0.0972  0.2500  -3.8246   0.0000   0.2996
  10.000   1.8528   0.02747   0.02140  -0.1206  0.0891  0.2500  -4.0018   0.0000   0.2954
  10.500   1.8830   0.02903   0.02297  -0.1170  0.0823  0.2500  -4.1942   0.0000   0.2915
  11.000   1.9095   0.03085   0.02481  -0.1130  0.0755  0.2500  -4.3839   0.0000   0.2875
  11.500   1.9321   0.03295   0.02692  -0.1087  0.0690  0.2500  -4.5704   0.0000   0.2836
  12.000   1.9518   0.03536   0.02936  -0.1045  0.0630  0.2500  -4.7569   0.0000   0.2798
  12.500   1.9687   0.03810   0.03214  -0.1003  0.0577  0.2500  -4.9524   0.0000   0.2761
  13.000   1.9810   0.04137   0.03546  -0.0961  0.0525  0.2500  -5.1364   0.0000   0.2726
  13.500   1.9906   0.04504   0.03919  -0.0923  0.0483  0.2500  -5.3138   0.0000   0.2692
  14.000   1.9990   0.04904   0.04327  -0.0891  0.0451  0.2500  -5.4886   0.0000   0.2662
  14.500   2.0049   0.05349   0.04781  -0.0863  0.0424  0.2500  -5.6572   0.0000   0.2634
  15.000   2.0017   0.05903   0.05345  -0.0839  0.0392  0.2500  -5.8013   0.0000   0.2610
  15.500   1.9976   0.06495   0.05948  -0.0824  0.0367  0.2500  -5.9409   0.0000   0.2589
  16.000   1.9871   0.07186   0.06652  -0.0816  0.0345  0.2500  -6.0561   0.0000   0.2573
  16.500   1.9726   0.07944   0.07424  -0.0816  0.0328  0.2500  -6.1544   0.0000   0.2562
  17.000   1.9507   0.08820   0.08316  -0.0828  0.0310  0.2500  -6.2302   0.0000   0.2557
  17.500   1.9286   0.09714   0.09226  -0.0848  0.0295  0.2500  -6.3023   0.0000   0.2556
  18.000   1.8969   0.10750   0.10279  -0.0882  0.0279  0.2500  -6.3259   0.0000   0.2565
  18.500   1.8733   0.11692   0.11237  -0.0921  0.0268  0.2500  -6.3744   0.0000   0.2575
  19.000   1.8430   0.12735   0.12296  -0.0974  0.0255  0.2500  -6.3827   0.0000   0.2595
  19.500   1.8177   0.13717   0.13292  -0.1031  0.0244  0.2500  -6.4035   0.0000   0.2616
  20.000   1.7994   0.14603   0.14193  -0.1087  0.0235  0.2500  -6.4489   0.0000   0.2636
  20.500   1.7779   0.15541   0.15145  -0.1154  0.0225  0.2500  -6.4695   0.0000   0.2662
  21.000   1.7627   0.16382   0.15997  -0.1217  0.0215  0.2500  -6.5149   0.0000   0.2686
  21.500   1.7526   0.17148   0.16774  -0.1278  0.0207  0.2500  -6.5812   0.0000   0.2707
  22.000   1.7419   0.17925   0.17561  -0.1344  0.0198  0.2500  -6.6379   0.0000   0.2730
  22.500   1.7324   0.18682   0.18327  -0.1411  0.0189  0.2500  -6.6957   0.0000   0.2754
  23.000   1.7264   0.19381   0.19037  -0.1476  0.0182  0.2500  -6.7684   0.0000   0.2776
  23.500   1.7193   0.20096   0.19760  -0.1545  0.0174  0.2500  -6.8316   0.0000   0.2800
  24.000   1.7122   0.20807   0.20480  -0.1615  0.0165  0.2500  -6.8924   0.0000   0.2825
  24.500   1.7120   0.21392   0.21074  -0.1676  0.0159  0.2500  -6.9969   0.0000   0.2840
  25.000   1.7084   0.22027   0.21716  -0.1743  0.0150  0.2500  -7.0743   0.0000   0.2862


