xflr5 v6.47

 Calculated polar for: NACA24018_theta30_Ku4.5_Kl0.5_d0.10_delta2.45

 1 1 Reynolds number fixed          Mach number fixed         

 xtrf =   0.250 (top)        0.250 (bottom)
 Mach =   0.000     Re =     2.500 e 6     Ncrit =   5.000

  alpha     CL        CD       CDp       Cm    Top Xtr Bot Xtr   Cpmin    Chinge    XCp    
 ------- -------- --------- --------- -------- ------- ------- -------- --------- ---------
 -15.000  -0.9034   0.02022   0.01363  -0.1156  0.2500  0.0247  -6.3694   0.0000   0.0975
 -14.500  -0.8769   0.01925   0.01260  -0.1123  0.2500  0.0252  -6.1002   0.0000   0.0982
 -14.000  -0.8522   0.01829   0.01161  -0.1086  0.2500  0.0261  -5.8417   0.0000   0.0997
 -13.500  -0.8282   0.01744   0.01073  -0.1044  0.2500  0.0270  -5.5878   0.0000   0.1019
 -13.000  -0.8069   0.01671   0.00996  -0.0995  0.2500  0.0278  -5.3461   0.0000   0.1055
 -12.500  -0.7942   0.01607   0.00929  -0.0927  0.2500  0.0284  -5.1349   0.0000   0.1131
 -12.000  -0.7605   0.01543   0.00861  -0.0895  0.2500  0.0292  -4.8673   0.0000   0.1127
 -11.500  -0.7203   0.01481   0.00797  -0.0875  0.2500  0.0306  -4.5889   0.0000   0.1094
 -11.000  -0.6741   0.01427   0.00741  -0.0863  0.2500  0.0319  -4.2988   0.0000   0.1030
 -10.500  -0.6238   0.01381   0.00692  -0.0858  0.2500  0.0330  -4.0042   0.0000   0.0936
 -10.000  -0.5709   0.01335   0.00645  -0.0858  0.2500  0.0349  -3.7102   0.0000   0.0808
  -9.500  -0.5155   0.01298   0.00606  -0.0861  0.2500  0.0366  -3.4286   0.0000   0.0638
  -9.000  -0.4582   0.01262   0.00570  -0.0868  0.2500  0.0390  -3.1515   0.0000   0.0411
  -8.500  -0.3997   0.01234   0.00540  -0.0875  0.2500  0.0411  -2.8845   0.0000   0.0106
  -8.000  -0.3398   0.01206   0.00513  -0.0886  0.2500  0.0442  -2.6292   0.0000  -0.0323
  -7.500  -0.2793   0.01183   0.00490  -0.0896  0.2500  0.0474  -2.3803   0.0000  -0.0947
  -7.000  -0.2181   0.01163   0.00470  -0.0908  0.2500  0.0516  -2.1380   0.0000  -0.1938
  -6.500  -0.1561   0.01145   0.00454  -0.0921  0.2500  0.0566  -1.9030   0.0000  -0.3739
  -6.000  -0.0938   0.01130   0.00441  -0.0934  0.2500  0.0624  -1.6832   0.0000  -0.7957
  -5.500  -0.0313   0.01119   0.00431  -0.0948  0.2500  0.0691  -1.4845   0.0000  -2.9093
  -5.000   0.0316   0.01109   0.00425  -0.0962  0.2500  0.0779  -1.3011   0.0000   3.4016
  -4.500   0.0947   0.01101   0.00420  -0.0976  0.2500  0.0876  -1.1242   0.0000   1.3119
  -4.000   0.1589   0.01094   0.00419  -0.0993  0.2500  0.1033  -0.9581   0.0000   0.8897
  -3.500   0.2244   0.01087   0.00420  -0.1012  0.2500  0.1277  -0.8022   0.0000   0.7090
  -3.000   0.2909   0.01082   0.00424  -0.1033  0.2500  0.1596  -0.8709   0.0000   0.6095
  -2.500   0.3692   0.01064   0.00434  -0.1081  0.2500  0.2500  -0.9485   0.0000   0.5445
  -2.000   0.4289   0.01075   0.00443  -0.1086  0.2500  0.2500  -1.0153   0.0000   0.5034
  -1.500   0.4883   0.01086   0.00453  -0.1091  0.2500  0.2500  -1.0874   0.0000   0.4723
  -1.000   0.5474   0.01099   0.00465  -0.1096  0.2500  0.2500  -1.1617   0.0000   0.4480
  -0.500   0.6063   0.01113   0.00479  -0.1100  0.2500  0.2500  -1.2367   0.0000   0.4283
   0.000   0.6648   0.01128   0.00494  -0.1103  0.2500  0.2500  -1.3143   0.0000   0.4120
   0.500   0.7230   0.01144   0.00511  -0.1106  0.2500  0.2500  -1.3944   0.0000   0.3983
   1.000   0.7808   0.01161   0.00530  -0.1108  0.2498  0.2500  -1.4752   0.0000   0.3865
   1.500   0.8376   0.01183   0.00550  -0.1109  0.2433  0.2500  -1.5613   0.0000   0.3763
   2.000   0.8934   0.01210   0.00574  -0.1108  0.2354  0.2500  -1.6506   0.0000   0.3673
   2.500   0.9493   0.01234   0.00599  -0.1107  0.2303  0.2500  -1.7412   0.0000   0.3592
   3.000   1.0036   0.01266   0.00628  -0.1103  0.2215  0.2500  -1.8314   0.0000   0.3519
   3.500   1.0580   0.01296   0.00658  -0.1100  0.2155  0.2500  -1.9289   0.0000   0.3453
   4.000   1.1110   0.01332   0.00692  -0.1094  0.2082  0.2500  -2.0292   0.0000   0.3391
   4.500   1.1639   0.01365   0.00727  -0.1088  0.2029  0.2500  -2.1307   0.0000   0.3335
   5.000   1.2139   0.01410   0.00769  -0.1077  0.1944  0.2500  -2.2335   0.0000   0.3281
   5.500   1.2644   0.01450   0.00812  -0.1067  0.1893  0.2500  -2.3450   0.0000   0.3230
   6.000   1.3130   0.01500   0.00861  -0.1055  0.1818  0.2500  -2.4557   0.0000   0.3182
   6.500   1.3616   0.01549   0.00911  -0.1042  0.1751  0.2500  -2.5709   0.0000   0.3137
   7.000   1.4086   0.01605   0.00967  -0.1027  0.1679  0.2500  -2.6954   0.0000   0.3094
   7.500   1.4537   0.01667   0.01029  -0.1009  0.1615  0.2500  -2.8223   0.0000   0.3051
   8.000   1.4972   0.01735   0.01099  -0.0989  0.1541  0.2500  -2.9493   0.0000   0.3009
   8.500   1.5386   0.01815   0.01178  -0.0967  0.1455  0.2500  -3.0856   0.0000   0.2969
   9.000   1.5780   0.01902   0.01265  -0.0942  0.1372  0.2500  -3.2358   0.0000   0.2929
   9.500   1.6168   0.01991   0.01357  -0.0917  0.1308  0.2500  -3.3929   0.0000   0.2890
  10.000   1.6523   0.02100   0.01467  -0.0888  0.1230  0.2500  -3.5497   0.0000   0.2852
  10.500   1.6838   0.02231   0.01597  -0.0854  0.1135  0.2500  -3.7171   0.0000   0.2813
  11.000   1.7142   0.02370   0.01738  -0.0821  0.1063  0.2500  -3.8934   0.0000   0.2775
  11.500   1.7431   0.02523   0.01895  -0.0788  0.0995  0.2500  -4.0700   0.0000   0.2739
  12.000   1.7666   0.02715   0.02089  -0.0751  0.0919  0.2500  -4.2520   0.0000   0.2702
  12.500   1.7869   0.02938   0.02315  -0.0714  0.0846  0.2500  -4.4305   0.0000   0.2666
  13.000   1.8037   0.03199   0.02579  -0.0678  0.0776  0.2500  -4.6079   0.0000   0.2632
  13.500   1.8205   0.03478   0.02865  -0.0647  0.0723  0.2500  -4.7869   0.0000   0.2600
  14.000   1.8326   0.03810   0.03203  -0.0618  0.0670  0.2500  -4.9541   0.0000   0.2570
  14.500   1.8394   0.04207   0.03607  -0.0592  0.0619  0.2500  -5.1073   0.0000   0.2543
  15.000   1.8445   0.04646   0.04055  -0.0571  0.0578  0.2500  -5.2602   0.0000   0.2519
  15.500   1.8450   0.05154   0.04573  -0.0557  0.0540  0.2500  -5.3982   0.0000   0.2498
  16.000   1.8368   0.05779   0.05210  -0.0549  0.0501  0.2500  -5.5203   0.0000   0.2481
  16.500   1.8281   0.06449   0.05894  -0.0549  0.0472  0.2500  -5.6392   0.0000   0.2469
  17.000   1.8083   0.07270   0.06729  -0.0558  0.0443  0.2500  -5.7147   0.0000   0.2463
  17.500   1.7865   0.08151   0.07628  -0.0577  0.0419  0.2500  -5.7771   0.0000   0.2463
  18.000   1.7546   0.09180   0.08674  -0.0607  0.0397  0.2500  -5.7939   0.0000   0.2470
  18.500   1.7288   0.10156   0.09668  -0.0642  0.0383  0.2500  -5.8259   0.0000   0.2480
  19.000   1.6973   0.11219   0.10748  -0.0689  0.0366  0.2500  -5.8254   0.0000   0.2499
  19.500   1.6683   0.12265   0.11810  -0.0742  0.0350  0.2500  -5.8241   0.0000   0.2522
  20.000   1.6454   0.13233   0.12793  -0.0798  0.0335  0.2500  -5.8402   0.0000   0.2546
  20.500   1.6212   0.14228   0.13803  -0.0862  0.0318  0.2500  -5.8400   0.0000   0.2576
  21.000   1.6069   0.15085   0.14671  -0.0921  0.0303  0.2500  -5.8785   0.0000   0.2601
  21.500   1.5951   0.15907   0.15504  -0.0983  0.0288  0.2500  -5.9228   0.0000   0.2626
  22.000   1.5832   0.16729   0.16337  -0.1047  0.0273  0.2500  -5.9593   0.0000   0.2655
  22.500   1.5767   0.17469   0.17087  -0.1109  0.0261  0.2500  -6.0189   0.0000   0.2679
  23.000   1.5687   0.18234   0.17861  -0.1175  0.0247  0.2500  -6.0643   0.0000   0.2708
  23.500   1.5634   0.18956   0.18593  -0.1241  0.0236  0.2500  -6.1191   0.0000   0.2734
  24.000   1.5595   0.19654   0.19301  -0.1306  0.0225  0.2500  -6.1843   0.0000   0.2760
  24.500   1.5538   0.20382   0.20037  -0.1377  0.0213  0.2500  -6.2409   0.0000   0.2790
  25.000   1.5518   0.21044   0.20708  -0.1443  0.0204  0.2500  -6.3173   0.0000   0.2816


