xflr5 v6.47

 Calculated polar for: NACA24018_theta30_Ku4.5_Kl0.5_d0.17_delta4.56

 1 1 Reynolds number fixed          Mach number fixed         

 xtrf =   0.250 (top)        0.250 (bottom)
 Mach =   0.000     Re =     1.250 e 6     Ncrit =   5.000

  alpha     CL        CD       CDp       Cm    Top Xtr Bot Xtr   Cpmin    Chinge    XCp    
 ------- -------- --------- --------- -------- ------- ------- -------- --------- ---------
 -15.000  -0.8144   0.02634   0.01949  -0.1109  0.2500  0.0307  -5.9187   0.0000   0.0890
 -14.500  -0.8158   0.02489   0.01799  -0.1044  0.2500  0.0313  -5.7591   0.0000   0.0986
 -14.000  -0.7883   0.02363   0.01667  -0.1021  0.2500  0.0323  -5.4999   0.0000   0.0978
 -13.500  -0.7481   0.02258   0.01554  -0.1015  0.2500  0.0333  -5.2020   0.0000   0.0921
 -13.000  -0.7009   0.02162   0.01454  -0.1019  0.2500  0.0347  -4.8985   0.0000   0.0826
 -12.500  -0.6474   0.02086   0.01373  -0.1030  0.2500  0.0361  -4.5827   0.0000   0.0689
 -12.000  -0.5901   0.02020   0.01302  -0.1046  0.2500  0.0377  -4.2633   0.0000   0.0505
 -11.500  -0.5298   0.01966   0.01245  -0.1065  0.2500  0.0398  -3.9423   0.0000   0.0260
 -11.000  -0.4671   0.01922   0.01197  -0.1087  0.2500  0.0418  -3.6345   0.0000  -0.0067
 -10.500  -0.4029   0.01887   0.01158  -0.1111  0.2500  0.0442  -3.3346   0.0000  -0.0511
 -10.000  -0.3371   0.01857   0.01127  -0.1137  0.2500  0.0471  -3.0395   0.0000  -0.1150
  -9.500  -0.2705   0.01836   0.01104  -0.1163  0.2500  0.0505  -2.7566   0.0000  -0.2113
  -9.000  -0.2032   0.01822   0.01088  -0.1189  0.2500  0.0544  -2.4893   0.0000  -0.3733
  -8.500  -0.1353   0.01813   0.01078  -0.1216  0.2500  0.0592  -2.2296   0.0000  -0.7006
  -8.000  -0.0669   0.01809   0.01075  -0.1243  0.2500  0.0650  -1.9789   0.0000  -1.7028
  -7.500   0.0017   0.01810   0.01076  -0.1271  0.2500  0.0715  -1.7474   0.0000  77.1608
  -7.000   0.0707   0.01816   0.01083  -0.1298  0.2500  0.0802  -1.5298   0.0000   2.1578
  -6.500   0.1403   0.01826   0.01095  -0.1327  0.2500  0.0914  -1.3303   0.0000   1.2269
  -6.000   0.2107   0.01840   0.01114  -0.1356  0.2500  0.1068  -1.1401   0.0000   0.9118
  -5.500   0.2821   0.01858   0.01138  -0.1387  0.2500  0.1281  -0.9561   0.0000   0.7533
  -5.000   0.3572   0.01881   0.01172  -0.1426  0.2500  0.1636  -0.8290   0.0000   0.6566
  -4.500   0.4474   0.01916   0.01232  -0.1495  0.2500  0.2500  -0.9158   0.0000   0.5887
  -4.000   0.5080   0.01944   0.01256  -0.1503  0.2500  0.2500  -0.9838   0.0000   0.5486
  -3.500   0.5682   0.01974   0.01283  -0.1510  0.2500  0.2500  -1.0523   0.0000   0.5170
  -3.000   0.6278   0.02006   0.01312  -0.1516  0.2500  0.2500  -1.1214   0.0000   0.4915
  -2.500   0.6871   0.02038   0.01343  -0.1522  0.2500  0.2500  -1.1926   0.0000   0.4704
  -2.000   0.7458   0.02072   0.01377  -0.1526  0.2500  0.2500  -1.2688   0.0000   0.4526
  -1.500   0.8040   0.02108   0.01412  -0.1529  0.2500  0.2500  -1.3464   0.0000   0.4374
  -1.000   0.8617   0.02144   0.01449  -0.1531  0.2500  0.2500  -1.4275   0.0000   0.4241
  -0.500   0.9188   0.02182   0.01489  -0.1532  0.2500  0.2500  -1.5120   0.0000   0.4124
   0.000   0.9753   0.02222   0.01531  -0.1532  0.2500  0.2500  -1.5972   0.0000   0.4020
   0.500   1.0313   0.02264   0.01576  -0.1532  0.2500  0.2500  -1.6828   0.0000   0.3927
   1.000   1.0867   0.02308   0.01623  -0.1530  0.2500  0.2500  -1.7729   0.0000   0.3843
   1.500   1.1413   0.02355   0.01674  -0.1526  0.2494  0.2500  -1.8665   0.0000   0.3766
   2.000   1.1947   0.02406   0.01727  -0.1521  0.2428  0.2500  -1.9603   0.0000   0.3695
   2.500   1.2463   0.02465   0.01784  -0.1513  0.2350  0.2500  -2.0608   0.0000   0.3629
   3.000   1.2973   0.02526   0.01847  -0.1504  0.2281  0.2500  -2.1620   0.0000   0.3567
   3.500   1.3466   0.02595   0.01915  -0.1493  0.2204  0.2500  -2.2626   0.0000   0.3509
   4.000   1.3959   0.02664   0.01987  -0.1481  0.2143  0.2500  -2.3709   0.0000   0.3454
   4.500   1.4432   0.02743   0.02065  -0.1467  0.2061  0.2500  -2.4796   0.0000   0.3401
   5.000   1.4907   0.02820   0.02146  -0.1453  0.2001  0.2500  -2.5975   0.0000   0.3352
   5.500   1.5351   0.02912   0.02238  -0.1434  0.1920  0.2500  -2.7164   0.0000   0.3304
   6.000   1.5791   0.03006   0.02338  -0.1415  0.1861  0.2500  -2.8413   0.0000   0.3258
   6.500   1.6205   0.03115   0.02448  -0.1393  0.1789  0.2500  -2.9647   0.0000   0.3213
   7.000   1.6619   0.03225   0.02562  -0.1371  0.1717  0.2500  -3.1017   0.0000   0.3169
   7.500   1.6997   0.03355   0.02695  -0.1345  0.1639  0.2500  -3.2427   0.0000   0.3127
   8.000   1.7351   0.03500   0.02843  -0.1315  0.1562  0.2500  -3.3923   0.0000   0.3085
   8.500   1.7695   0.03654   0.03001  -0.1286  0.1484  0.2500  -3.5515   0.0000   0.3044
   9.000   1.8010   0.03829   0.03180  -0.1254  0.1407  0.2500  -3.7230   0.0000   0.3004
   9.500   1.8296   0.04027   0.03384  -0.1220  0.1335  0.2500  -3.8962   0.0000   0.2965
  10.000   1.8541   0.04257   0.03618  -0.1182  0.1247  0.2500  -4.0629   0.0000   0.2925
  10.500   1.8753   0.04521   0.03886  -0.1144  0.1167  0.2500  -4.2264   0.0000   0.2887
  11.000   1.8951   0.04808   0.04180  -0.1108  0.1101  0.2500  -4.4038   0.0000   0.2851
  11.500   1.9114   0.05136   0.04518  -0.1073  0.1038  0.2500  -4.5793   0.0000   0.2816
  12.000   1.9214   0.05532   0.04922  -0.1037  0.0963  0.2500  -4.7406   0.0000   0.2783
  12.500   1.9270   0.05990   0.05388  -0.1005  0.0893  0.2500  -4.8903   0.0000   0.2752
  13.000   1.9299   0.06495   0.05904  -0.0978  0.0836  0.2500  -5.0375   0.0000   0.2725
  13.500   1.9274   0.07076   0.06497  -0.0957  0.0782  0.2500  -5.1691   0.0000   0.2701
  14.000   1.9190   0.07742   0.07177  -0.0943  0.0731  0.2500  -5.2882   0.0000   0.2683
  14.500   1.9092   0.08450   0.07900  -0.0939  0.0686  0.2500  -5.4000   0.0000   0.2669
  15.000   1.8947   0.09231   0.08698  -0.0945  0.0646  0.2500  -5.4913   0.0000   0.2660
  15.500   1.8757   0.10086   0.09569  -0.0962  0.0607  0.2500  -5.5602   0.0000   0.2659
  16.000   1.8533   0.11003   0.10504  -0.0991  0.0571  0.2500  -5.6086   0.0000   0.2665
  16.500   1.8317   0.11919   0.11437  -0.1029  0.0540  0.2500  -5.6519   0.0000   0.2675
  17.000   1.8074   0.12882   0.12418  -0.1077  0.0512  0.2500  -5.6748   0.0000   0.2692
  17.500   1.7856   0.13819   0.13372  -0.1132  0.0484  0.2500  -5.6988   0.0000   0.2713
  18.000   1.7672   0.14710   0.14277  -0.1190  0.0459  0.2500  -5.7295   0.0000   0.2735
  18.500   1.7463   0.15642   0.15224  -0.1256  0.0433  0.2500  -5.7430   0.0000   0.2763
  19.000   1.7339   0.16449   0.16043  -0.1317  0.0408  0.2500  -5.7910   0.0000   0.2786
  19.500   1.7205   0.17273   0.16879  -0.1384  0.0386  0.2500  -5.8269   0.0000   0.2812
  20.000   1.7108   0.18042   0.17660  -0.1450  0.0364  0.2500  -5.8749   0.0000   0.2837
  20.500   1.7031   0.18776   0.18405  -0.1515  0.0344  0.2500  -5.9391   0.0000   0.2861
  21.000   1.6960   0.19499   0.19138  -0.1583  0.0324  0.2500  -6.0014   0.0000   0.2885
  21.500   1.6926   0.20157   0.19805  -0.1646  0.0306  0.2500  -6.0811   0.0000   0.2905
  22.000   1.6867   0.20854   0.20510  -0.1716  0.0288  0.2500  -6.1400   0.0000   0.2931
  22.500   1.6854   0.21464   0.21131  -0.1779  0.0273  0.2500  -6.2250   0.0000   0.2949
  23.000   1.6807   0.22130   0.21805  -0.1850  0.0257  0.2500  -6.2816   0.0000   0.2974
  23.500   1.6803   0.22714   0.22399  -0.1914  0.0243  0.2500  -6.3648   0.0000   0.2992
  24.000   1.6767   0.23352   0.23044  -0.1986  0.0229  0.2500  -6.4197   0.0000   0.3017
  24.500   1.6786   0.23881   0.23582  -0.2047  0.0217  0.2500  -6.5141   0.0000   0.3031
  25.000   1.6763   0.24483   0.24191  -0.2118  0.0204  0.2500  -6.5705   0.0000   0.3053


