xflr5 v6.47

 Calculated polar for: NACA24018_theta30_Ku4.5_Kl0.5_d0.28_delta9.02

 1 1 Reynolds number fixed          Mach number fixed         

 xtrf =   0.250 (top)        0.250 (bottom)
 Mach =   0.000     Re =     0.500 e 6     Ncrit =   5.000

  alpha     CL        CD       CDp       Cm    Top Xtr Bot Xtr   Cpmin    Chinge    XCp    
 ------- -------- --------- --------- -------- ------- ------- -------- --------- ---------
 -15.000  -0.5600   0.04096   0.03398  -0.1110  0.2500  0.0454  -4.7503   0.0000   0.0230
 -14.500  -0.5018   0.03968   0.03262  -0.1150  0.2500  0.0473  -4.4348   0.0000  -0.0092
 -14.000  -0.4392   0.03888   0.03172  -0.1189  0.2500  0.0496  -4.1192   0.0000  -0.0525
 -13.500  -0.3715   0.03831   0.03108  -0.1234  0.2500  0.0521  -3.8021   0.0000  -0.1168
 -13.000  -0.3030   0.03805   0.03073  -0.1276  0.2500  0.0550  -3.4893   0.0000  -0.2102
 -12.500  -0.2303   0.03798   0.03061  -0.1323  0.2500  0.0582  -3.1741   0.0000  -0.3718
 -12.000  -0.1589   0.03812   0.03067  -0.1364  0.2500  0.0622  -2.8707   0.0000  -0.6710
 -11.500  -0.0860   0.03842   0.03092  -0.1406  0.2500  0.0668  -2.5727   0.0000  -1.4913
 -11.000  -0.0115   0.03888   0.03135  -0.1450  0.2500  0.0725  -2.3013   0.0000  -13.0874
 -10.500   0.0627   0.03948   0.03192  -0.1491  0.2500  0.0792  -2.0453   0.0000   2.7464
 -10.000   0.1372   0.04019   0.03261  -0.1532  0.2500  0.0874  -1.7975   0.0000   1.4152
  -9.500   0.2120   0.04103   0.03343  -0.1573  0.2500  0.0978  -1.5592   0.0000   1.0195
  -9.000   0.2897   0.04205   0.03447  -0.1618  0.2500  0.1120  -1.3350   0.0000   0.8261
  -8.500   0.3674   0.04320   0.03564  -0.1662  0.2500  0.1317  -1.1243   0.0000   0.7141
  -8.000   0.4516   0.04464   0.03715  -0.1717  0.2500  0.1646  -0.9229   0.0000   0.6381
  -7.500   0.5619   0.04709   0.03981  -0.1820  0.2500  0.2465  -0.8806   0.0000   0.5786
  -7.000   0.6228   0.04809   0.04072  -0.1830  0.2500  0.2500  -0.9472   0.0000   0.5468
  -6.500   0.6811   0.04903   0.04160  -0.1836  0.2500  0.2500  -1.0132   0.0000   0.5210
  -6.000   0.7385   0.04998   0.04249  -0.1840  0.2500  0.2500  -1.0795   0.0000   0.4993
  -5.500   0.7949   0.05093   0.04340  -0.1842  0.2500  0.2500  -1.1488   0.0000   0.4808
  -5.000   0.8507   0.05188   0.04433  -0.1843  0.2500  0.2500  -1.2199   0.0000   0.4647
  -4.500   0.9056   0.05285   0.04527  -0.1842  0.2500  0.2500  -1.2932   0.0000   0.4505
  -4.000   0.9599   0.05382   0.04624  -0.1840  0.2500  0.2500  -1.3685   0.0000   0.4380
  -3.500   1.0134   0.05480   0.04722  -0.1837  0.2500  0.2500  -1.4460   0.0000   0.4267
  -3.000   1.0663   0.05581   0.04824  -0.1833  0.2500  0.2500  -1.5239   0.0000   0.4165
  -2.500   1.1185   0.05683   0.04928  -0.1828  0.2500  0.2500  -1.6046   0.0000   0.4073
  -2.000   1.1698   0.05786   0.05035  -0.1821  0.2500  0.2500  -1.6888   0.0000   0.3988
  -1.500   1.2201   0.05893   0.05146  -0.1813  0.2500  0.2500  -1.7747   0.0000   0.3909
  -1.000   1.2692   0.06003   0.05261  -0.1803  0.2500  0.2500  -1.8639   0.0000   0.3836
  -0.500   1.3174   0.06116   0.05380  -0.1792  0.2500  0.2500  -1.9536   0.0000   0.3768
   0.000   1.3648   0.06230   0.05501  -0.1779  0.2500  0.2500  -2.0435   0.0000   0.3704
   0.500   1.4113   0.06345   0.05625  -0.1766  0.2500  0.2500  -2.1395   0.0000   0.3643
   1.000   1.4572   0.06464   0.05752  -0.1751  0.2500  0.2500  -2.2381   0.0000   0.3586
   1.500   1.5020   0.06584   0.05882  -0.1735  0.2500  0.2500  -2.3364   0.0000   0.3532
   2.000   1.5460   0.06708   0.06015  -0.1718  0.2466  0.2500  -2.4413   0.0000   0.3480
   2.500   1.5868   0.06852   0.06163  -0.1698  0.2384  0.2500  -2.5467   0.0000   0.3430
   3.000   1.6253   0.07008   0.06324  -0.1675  0.2316  0.2500  -2.6526   0.0000   0.3382
   3.500   1.6628   0.07169   0.06492  -0.1651  0.2236  0.2500  -2.7623   0.0000   0.3335
   4.000   1.6988   0.07338   0.06666  -0.1626  0.2165  0.2500  -2.8782   0.0000   0.3290
   4.500   1.7338   0.07512   0.06847  -0.1600  0.2091  0.2500  -2.9977   0.0000   0.3247
   5.000   1.7653   0.07715   0.07058  -0.1571  0.2021  0.2500  -3.1211   0.0000   0.3204
   5.500   1.7964   0.07916   0.07268  -0.1543  0.1945  0.2500  -3.2528   0.0000   0.3163
   6.000   1.8250   0.08136   0.07495  -0.1513  0.1876  0.2500  -3.3876   0.0000   0.3123
   6.500   1.8509   0.08378   0.07747  -0.1482  0.1797  0.2500  -3.5368   0.0000   0.3084
   7.000   1.8760   0.08627   0.08005  -0.1452  0.1727  0.2500  -3.6889   0.0000   0.3047
   7.500   1.8962   0.08919   0.08305  -0.1420  0.1649  0.2500  -3.8373   0.0000   0.3010
   8.000   1.9173   0.09203   0.08602  -0.1391  0.1577  0.2500  -3.9963   0.0000   0.2975
   8.500   1.9323   0.09544   0.08952  -0.1361  0.1501  0.2500  -4.1525   0.0000   0.2942
   9.000   1.9461   0.09899   0.09318  -0.1334  0.1421  0.2500  -4.3114   0.0000   0.2910
   9.500   1.9580   0.10276   0.09708  -0.1310  0.1354  0.2500  -4.4685   0.0000   0.2881
  10.000   1.9642   0.10715   0.10158  -0.1290  0.1286  0.2500  -4.6151   0.0000   0.2854
  10.500   1.9719   0.11139   0.10597  -0.1275  0.1214  0.2500  -4.7707   0.0000   0.2830
  11.000   1.9746   0.11621   0.11092  -0.1265  0.1146  0.2500  -4.9136   0.0000   0.2809
  11.500   1.9724   0.12160   0.11643  -0.1263  0.1078  0.2500  -5.0388   0.0000   0.2793
  12.000   1.9708   0.12692   0.12191  -0.1267  0.1013  0.2500  -5.1721   0.0000   0.2779
  12.500   1.9653   0.13274   0.12787  -0.1280  0.0953  0.2500  -5.2897   0.0000   0.2770
  13.000   1.9549   0.13920   0.13448  -0.1303  0.0895  0.2500  -5.3848   0.0000   0.2768
  13.500   1.9466   0.14545   0.14090  -0.1331  0.0840  0.2500  -5.4833   0.0000   0.2767
  14.000   1.9348   0.15218   0.14779  -0.1369  0.0790  0.2500  -5.5626   0.0000   0.2772
  14.500   1.9188   0.15952   0.15526  -0.1418  0.0740  0.2500  -5.6172   0.0000   0.2784
  15.000   1.9079   0.16614   0.16205  -0.1465  0.0692  0.2500  -5.6889   0.0000   0.2793
  15.500   1.8938   0.17322   0.16927  -0.1521  0.0649  0.2500  -5.7403   0.0000   0.2808
  16.000   1.8788   0.18042   0.17659  -0.1582  0.0607  0.2500  -5.7806   0.0000   0.2826
  16.500   1.8693   0.18681   0.18311  -0.1638  0.0567  0.2500  -5.8426   0.0000   0.2840
  17.000   1.8586   0.19335   0.18978  -0.1699  0.0531  0.2500  -5.8929   0.0000   0.2856
  17.500   1.8486   0.19975   0.19628  -0.1762  0.0496  0.2500  -5.9451   0.0000   0.2874
  18.000   1.8423   0.20552   0.20217  -0.1819  0.0464  0.2500  -6.0197   0.0000   0.2887
  18.500   1.8344   0.21150   0.20824  -0.1882  0.0434  0.2500  -6.0804   0.0000   0.2903
  19.000   1.8287   0.21707   0.21391  -0.1942  0.0404  0.2500  -6.1508   0.0000   0.2917
  19.500   1.8248   0.22225   0.21919  -0.2000  0.0379  0.2500  -6.2293   0.0000   0.2929
  20.000   1.8187   0.22774   0.22476  -0.2064  0.0355  0.2500  -6.2890   0.0000   0.2944
  20.500   1.8162   0.23256   0.22968  -0.2120  0.0333  0.2500  -6.3690   0.0000   0.2954
  21.000   1.8113   0.23768   0.23487  -0.2183  0.0314  0.2500  -6.4396   0.0000   0.2968
  21.500   1.8106   0.24198   0.23928  -0.2237  0.0295  0.2500  -6.5400   0.0000   0.2974
  22.000   1.8062   0.24685   0.24421  -0.2300  0.0278  0.2500  -6.6088   0.0000   0.2988
  22.500   1.8052   0.25100   0.24848  -0.2354  0.0262  0.2500  -6.7016   0.0000   0.2994
  23.000   1.8019   0.25546   0.25299  -0.2415  0.0247  0.2500  -6.7763   0.0000   0.3005
  23.500   1.8002   0.25971   0.25736  -0.2472  0.0232  0.2500  -6.8636   0.0000   0.3012


