xflr5 v6.47

 Calculated polar for: NACA24018_theta30_Ku4.5_Kl0.5_d0.07_delta1.57

 1 1 Reynolds number fixed          Mach number fixed         

 xtrf =   0.250 (top)        0.250 (bottom)
 Mach =   0.000     Re =     0.700 e 6     Ncrit =   5.000

  alpha     CL        CD       CDp       Cm    Top Xtr Bot Xtr   Cpmin    Chinge    XCp    
 ------- -------- --------- --------- -------- ------- ------- -------- --------- ---------
 -15.000  -0.8138   0.02939   0.02156  -0.1217  0.2500  0.0312  -5.9211   0.0000   0.0735
 -14.500  -0.7892   0.02756   0.01963  -0.1200  0.2500  0.0322  -5.6790   0.0000   0.0717
 -14.000  -0.7635   0.02594   0.01790  -0.1180  0.2500  0.0331  -5.4362   0.0000   0.0700
 -13.500  -0.7378   0.02445   0.01631  -0.1157  0.2500  0.0339  -5.1959   0.0000   0.0687
 -13.000  -0.7130   0.02304   0.01485  -0.1129  0.2500  0.0350  -4.9597   0.0000   0.0680
 -12.500  -0.6858   0.02188   0.01363  -0.1099  0.2500  0.0362  -4.7210   0.0000   0.0667
 -12.000  -0.6577   0.02087   0.01254  -0.1067  0.2500  0.0375  -4.4893   0.0000   0.0654
 -11.500  -0.6303   0.01995   0.01155  -0.1030  0.2500  0.0389  -4.2631   0.0000   0.0648
 -11.000  -0.6044   0.01908   0.01065  -0.0989  0.2500  0.0406  -4.0489   0.0000   0.0653
 -10.500  -0.5777   0.01836   0.00988  -0.0945  0.2500  0.0423  -3.8401   0.0000   0.0659
 -10.000  -0.5513   0.01774   0.00919  -0.0899  0.2500  0.0438  -3.6359   0.0000   0.0671
  -9.500  -0.5303   0.01709   0.00854  -0.0841  0.2500  0.0459  -3.4477   0.0000   0.0723
  -9.000  -0.5115   0.01660   0.00801  -0.0776  0.2500  0.0481  -3.2672   0.0000   0.0800
  -8.500  -0.4811   0.01608   0.00745  -0.0732  0.2500  0.0503  -3.0625   0.0000   0.0799
  -8.000  -0.4460   0.01554   0.00690  -0.0696  0.2500  0.0534  -2.8505   0.0000   0.0762
  -7.500  -0.4056   0.01510   0.00642  -0.0669  0.2500  0.0567  -2.6332   0.0000   0.0673
  -7.000  -0.3634   0.01464   0.00596  -0.0645  0.2500  0.0610  -2.4257   0.0000   0.0544
  -6.500  -0.3186   0.01426   0.00556  -0.0626  0.2500  0.0656  -2.2184   0.0000   0.0351
  -6.000  -0.2721   0.01392   0.00522  -0.0609  0.2500  0.0717  -2.0194   0.0000   0.0070
  -5.500  -0.2241   0.01359   0.00491  -0.0594  0.2500  0.0794  -1.8273   0.0000  -0.0359
  -5.000  -0.1746   0.01330   0.00464  -0.0583  0.2500  0.0893  -1.6416   0.0000  -0.1068
  -4.500  -0.1238   0.01304   0.00441  -0.0574  0.2500  0.1021  -1.4653   0.0000  -0.2413
  -4.000  -0.0719   0.01277   0.00420  -0.0567  0.2500  0.1197  -1.2929   0.0000  -0.5791
  -3.500  -0.0187   0.01249   0.00402  -0.0563  0.2500  0.1484  -1.1318   0.0000  -2.8899
  -3.000   0.0368   0.01205   0.00382  -0.0565  0.2500  0.2122  -0.9772   0.0000   1.8376
  -2.500   0.0930   0.01186   0.00373  -0.0567  0.2500  0.2500  -0.8368   0.0000   0.8737
  -2.000   0.1478   0.01190   0.00371  -0.0563  0.2500  0.2500  -0.8223   0.0000   0.6361
  -1.500   0.2025   0.01196   0.00373  -0.0559  0.2500  0.2500  -0.8831   0.0000   0.5271
  -1.000   0.2571   0.01204   0.00377  -0.0555  0.2500  0.2500  -0.9452   0.0000   0.4645
  -0.500   0.3116   0.01213   0.00384  -0.0551  0.2500  0.2500  -1.0099   0.0000   0.4238
   0.000   0.3657   0.01223   0.00393  -0.0546  0.2500  0.2500  -1.0788   0.0000   0.3952
   0.500   0.4194   0.01235   0.00406  -0.0541  0.2500  0.2500  -1.1490   0.0000   0.3739
   1.000   0.4728   0.01249   0.00420  -0.0535  0.2500  0.2500  -1.2197   0.0000   0.3573
   1.500   0.5259   0.01265   0.00437  -0.0529  0.2500  0.2500  -1.2919   0.0000   0.3440
   2.000   0.5788   0.01282   0.00457  -0.0523  0.2500  0.2500  -1.3676   0.0000   0.3331
   2.500   0.6313   0.01301   0.00479  -0.0516  0.2500  0.2500  -1.4439   0.0000   0.3239
   3.000   0.6835   0.01322   0.00504  -0.0509  0.2500  0.2500  -1.5246   0.0000   0.3160
   3.500   0.7351   0.01345   0.00532  -0.0502  0.2500  0.2500  -1.6070   0.0000   0.3092
   4.000   0.7858   0.01371   0.00564  -0.0492  0.2500  0.2500  -1.6924   0.0000   0.3030
   4.500   0.8356   0.01400   0.00600  -0.0482  0.2500  0.2500  -1.7820   0.0000   0.2974
   5.000   0.8844   0.01435   0.00639  -0.0470  0.2477  0.2500  -1.8722   0.0000   0.2923
   5.500   0.9315   0.01477   0.00683  -0.0457  0.2411  0.2500  -1.9619   0.0000   0.2876
   6.000   0.9780   0.01520   0.00730  -0.0443  0.2338  0.2500  -2.0556   0.0000   0.2831
   6.500   1.0229   0.01570   0.00783  -0.0426  0.2279  0.2500  -2.1497   0.0000   0.2789
   7.000   1.0678   0.01621   0.00839  -0.0411  0.2210  0.2500  -2.2505   0.0000   0.2750
   7.500   1.1100   0.01682   0.00904  -0.0392  0.2147  0.2500  -2.3544   0.0000   0.2711
   8.000   1.1523   0.01744   0.00972  -0.0374  0.2078  0.2500  -2.4606   0.0000   0.2676
   8.500   1.1921   0.01818   0.01051  -0.0353  0.2014  0.2500  -2.5727   0.0000   0.2640
   9.000   1.2313   0.01896   0.01136  -0.0333  0.1949  0.2500  -2.6878   0.0000   0.2607
   9.500   1.2681   0.01989   0.01234  -0.0311  0.1885  0.2500  -2.8034   0.0000   0.2573
  10.000   1.3039   0.02089   0.01341  -0.0290  0.1816  0.2500  -2.9283   0.0000   0.2542
  10.500   1.3374   0.02204   0.01464  -0.0267  0.1757  0.2500  -3.0574   0.0000   0.2511
  11.000   1.3687   0.02338   0.01604  -0.0244  0.1683  0.2500  -3.1903   0.0000   0.2481
  11.500   1.3988   0.02484   0.01760  -0.0222  0.1622  0.2500  -3.3267   0.0000   0.2452
  12.000   1.4242   0.02666   0.01948  -0.0199  0.1550  0.2500  -3.4703   0.0000   0.2424
  12.500   1.4506   0.02854   0.02147  -0.0179  0.1486  0.2500  -3.6210   0.0000   0.2398
  13.000   1.4699   0.03099   0.02399  -0.0158  0.1416  0.2500  -3.7661   0.0000   0.2372
  13.500   1.4895   0.03358   0.02669  -0.0142  0.1343  0.2500  -3.9168   0.0000   0.2349
  14.000   1.5039   0.03673   0.02995  -0.0127  0.1280  0.2500  -4.0576   0.0000   0.2327
  14.500   1.5138   0.04045   0.03378  -0.0116  0.1214  0.2500  -4.1867   0.0000   0.2307
  15.000   1.5216   0.04461   0.03806  -0.0110  0.1152  0.2500  -4.3200   0.0000   0.2291
  15.500   1.5193   0.04997   0.04353  -0.0108  0.1089  0.2500  -4.4238   0.0000   0.2278
  16.000   1.5197   0.05535   0.04908  -0.0113  0.1034  0.2500  -4.5383   0.0000   0.2269
  16.500   1.5067   0.06246   0.05633  -0.0126  0.0980  0.2500  -4.6080   0.0000   0.2264
  17.000   1.4948   0.06974   0.06378  -0.0145  0.0929  0.2500  -4.6772   0.0000   0.2264
  17.500   1.4697   0.07888   0.07308  -0.0174  0.0883  0.2500  -4.6969   0.0000   0.2271
  18.000   1.4500   0.08764   0.08202  -0.0207  0.0840  0.2500  -4.7285   0.0000   0.2281
  18.500   1.4177   0.09825   0.09278  -0.0252  0.0796  0.2500  -4.7073   0.0000   0.2302
  19.000   1.3991   0.10724   0.10194  -0.0295  0.0754  0.2500  -4.7290   0.0000   0.2321
  19.500   1.3721   0.11752   0.11235  -0.0350  0.0711  0.2500  -4.7160   0.0000   0.2350
  20.000   1.3603   0.12576   0.12073  -0.0398  0.0671  0.2500  -4.7593   0.0000   0.2373
  20.500   1.3410   0.13522   0.13029  -0.0457  0.0631  0.2500  -4.7615   0.0000   0.2407
  21.000   1.3350   0.14272   0.13791  -0.0508  0.0594  0.2500  -4.8177   0.0000   0.2432
  21.500   1.3227   0.15127   0.14654  -0.0570  0.0555  0.2500  -4.8371   0.0000   0.2467
  22.000   1.3205   0.15828   0.15367  -0.0623  0.0522  0.2500  -4.9079   0.0000   0.2493
  22.500   1.3129   0.16619   0.16164  -0.0686  0.0489  0.2500  -4.9467   0.0000   0.2528
  23.000   1.3135   0.17275   0.16831  -0.0741  0.0461  0.2500  -5.0253   0.0000   0.2554
  23.500   1.3089   0.18019   0.17581  -0.0805  0.0430  0.2500  -5.0689   0.0000   0.2589
  24.000   1.3120   0.18632   0.18204  -0.0861  0.0404  0.2500  -5.1541   0.0000   0.2614
  24.500   1.3098   0.19337   0.18916  -0.0926  0.0378  0.2500  -5.2021   0.0000   0.2648
  25.000   1.3123   0.19960   0.19549  -0.0986  0.0356  0.2500  -5.2774   0.0000   0.2676


