xflr5 v6.47

 Calculated polar for: NACA24018_theta30_Ku4.5_Kl0.5_d0.28_delta9.02

 1 1 Reynolds number fixed          Mach number fixed         

 xtrf =   0.250 (top)        0.250 (bottom)
 Mach =   0.000     Re =     0.300 e 6     Ncrit =   5.000

  alpha     CL        CD       CDp       Cm    Top Xtr Bot Xtr   Cpmin    Chinge    XCp    
 ------- -------- --------- --------- -------- ------- ------- -------- --------- ---------
 -15.000  -0.5674   0.04474   0.03716  -0.1047  0.2500  0.0508  -4.6670   0.0000   0.0374
 -14.500  -0.5232   0.04292   0.03529  -0.1073  0.2500  0.0525  -4.4035   0.0000   0.0166
 -14.000  -0.4706   0.04152   0.03373  -0.1103  0.2500  0.0551  -4.1223   0.0000  -0.0138
 -13.500  -0.4119   0.04046   0.03258  -0.1139  0.2500  0.0574  -3.8387   0.0000  -0.0575
 -13.000  -0.3496   0.03976   0.03176  -0.1174  0.2500  0.0605  -3.5515   0.0000  -0.1196
 -12.500  -0.2831   0.03929   0.03122  -0.1215  0.2500  0.0640  -3.2568   0.0000  -0.2173
 -12.000  -0.2160   0.03908   0.03091  -0.1251  0.2500  0.0681  -2.9701   0.0000  -0.3753
 -11.500  -0.1460   0.03907   0.03084  -0.1291  0.2500  0.0731  -2.6808   0.0000  -0.6968
 -11.000  -0.0736   0.03925   0.03098  -0.1334  0.2500  0.0790  -2.4030   0.0000  -1.6743
 -10.500  -0.0003   0.03961   0.03130  -0.1376  0.2500  0.0862  -2.1496   0.0000  -550.8879
 -10.000   0.0744   0.04014   0.03180  -0.1420  0.2500  0.0952  -1.9019   0.0000   2.2470
  -9.500   0.1501   0.04084   0.03246  -0.1464  0.2500  0.1066  -1.6605   0.0000   1.2645
  -9.000   0.2311   0.04177   0.03342  -0.1517  0.2500  0.1225  -1.4262   0.0000   0.9285
  -8.500   0.3146   0.04293   0.03462  -0.1573  0.2500  0.1465  -1.2011   0.0000   0.7639
  -8.000   0.4105   0.04460   0.03639  -0.1651  0.2500  0.1928  -0.9773   0.0000   0.6610
  -7.500   0.5087   0.04661   0.03848  -0.1732  0.2500  0.2500  -0.8446   0.0000   0.5958
  -7.000   0.5687   0.04755   0.03931  -0.1741  0.2500  0.2500  -0.9083   0.0000   0.5595
  -6.500   0.6275   0.04851   0.04018  -0.1748  0.2500  0.2500  -0.9739   0.0000   0.5303
  -6.000   0.6852   0.04947   0.04107  -0.1753  0.2500  0.2500  -1.0396   0.0000   0.5061
  -5.500   0.7419   0.05044   0.04198  -0.1756  0.2500  0.2500  -1.1071   0.0000   0.4858
  -5.000   0.7978   0.05141   0.04292  -0.1757  0.2500  0.2500  -1.1763   0.0000   0.4683
  -4.500   0.8527   0.05240   0.04388  -0.1757  0.2500  0.2500  -1.2486   0.0000   0.4532
  -4.000   0.9069   0.05340   0.04487  -0.1756  0.2500  0.2500  -1.3214   0.0000   0.4398
  -3.500   0.9602   0.05442   0.04588  -0.1753  0.2500  0.2500  -1.3977   0.0000   0.4279
  -3.000   1.0127   0.05545   0.04693  -0.1749  0.2500  0.2500  -1.4743   0.0000   0.4172
  -2.500   1.0642   0.05650   0.04800  -0.1743  0.2500  0.2500  -1.5522   0.0000   0.4075
  -2.000   1.1149   0.05756   0.04910  -0.1736  0.2500  0.2500  -1.6330   0.0000   0.3986
  -1.500   1.1643   0.05865   0.05024  -0.1726  0.2500  0.2500  -1.7169   0.0000   0.3905
  -1.000   1.2126   0.05977   0.05142  -0.1716  0.2500  0.2500  -1.8021   0.0000   0.3830
  -0.500   1.2599   0.06091   0.05264  -0.1704  0.2500  0.2500  -1.8897   0.0000   0.3759
   0.000   1.3063   0.06208   0.05389  -0.1690  0.2500  0.2500  -1.9772   0.0000   0.3693
   0.500   1.3518   0.06327   0.05518  -0.1676  0.2500  0.2500  -2.0669   0.0000   0.3631
   1.000   1.3964   0.06448   0.05649  -0.1660  0.2500  0.2500  -2.1627   0.0000   0.3573
   1.500   1.4400   0.06571   0.05782  -0.1643  0.2500  0.2500  -2.2582   0.0000   0.3517
   2.000   1.4826   0.06695   0.05918  -0.1625  0.2500  0.2500  -2.3555   0.0000   0.3464
   2.500   1.5241   0.06823   0.06059  -0.1606  0.2500  0.2500  -2.4586   0.0000   0.3414
   3.000   1.5646   0.06951   0.06200  -0.1585  0.2500  0.2500  -2.5622   0.0000   0.3365
   3.500   1.6034   0.07094   0.06357  -0.1564  0.2454  0.2500  -2.6692   0.0000   0.3318
   4.000   1.6372   0.07273   0.06545  -0.1537  0.2377  0.2500  -2.7773   0.0000   0.3273
   4.500   1.6700   0.07458   0.06740  -0.1510  0.2304  0.2500  -2.8880   0.0000   0.3229
   5.000   1.6995   0.07668   0.06960  -0.1481  0.2228  0.2500  -3.0023   0.0000   0.3186
   5.500   1.7286   0.07880   0.07184  -0.1452  0.2160  0.2500  -3.1225   0.0000   0.3145
   6.000   1.7546   0.08119   0.07435  -0.1422  0.2084  0.2500  -3.2473   0.0000   0.3105
   6.500   1.7791   0.08368   0.07696  -0.1392  0.2015  0.2500  -3.3751   0.0000   0.3066
   7.000   1.8009   0.08644   0.07986  -0.1362  0.1941  0.2500  -3.5163   0.0000   0.3029
   7.500   1.8209   0.08936   0.08292  -0.1333  0.1871  0.2500  -3.6556   0.0000   0.2993
   8.000   1.8379   0.09260   0.08629  -0.1305  0.1797  0.2500  -3.7943   0.0000   0.2959
   8.500   1.8538   0.09596   0.08982  -0.1280  0.1727  0.2500  -3.9387   0.0000   0.2927
   9.000   1.8648   0.09989   0.09388  -0.1257  0.1654  0.2500  -4.0798   0.0000   0.2898
   9.500   1.8771   0.10371   0.09788  -0.1238  0.1583  0.2500  -4.2291   0.0000   0.2870
  10.000   1.8823   0.10833   0.10263  -0.1224  0.1512  0.2500  -4.3612   0.0000   0.2846
  10.500   1.8898   0.11273   0.10723  -0.1215  0.1437  0.2500  -4.5037   0.0000   0.2825
  11.000   1.8926   0.11767   0.11232  -0.1211  0.1371  0.2500  -4.6348   0.0000   0.2807
  11.500   1.8928   0.12293   0.11775  -0.1215  0.1304  0.2500  -4.7604   0.0000   0.2793
  12.000   1.8924   0.12827   0.12328  -0.1224  0.1239  0.2500  -4.8817   0.0000   0.2781
  12.500   1.8857   0.13443   0.12958  -0.1244  0.1174  0.2500  -4.9791   0.0000   0.2777
  13.000   1.8811   0.14035   0.13570  -0.1269  0.1106  0.2500  -5.0885   0.0000   0.2774
  13.500   1.8736   0.14666   0.14218  -0.1302  0.1044  0.2500  -5.1825   0.0000   0.2776
  14.000   1.8615   0.15362   0.14927  -0.1345  0.0985  0.2500  -5.2528   0.0000   0.2785
  14.500   1.8531   0.16010   0.15593  -0.1390  0.0923  0.2500  -5.3331   0.0000   0.2794
  15.000   1.8427   0.16684   0.16283  -0.1441  0.0868  0.2500  -5.3994   0.0000   0.2806
  15.500   1.8304   0.17386   0.16996  -0.1500  0.0814  0.2500  -5.4512   0.0000   0.2823
  16.000   1.8218   0.18031   0.17657  -0.1556  0.0760  0.2500  -5.5153   0.0000   0.2837
  16.500   1.8127   0.18682   0.18321  -0.1616  0.0711  0.2500  -5.5714   0.0000   0.2854
  17.000   1.8033   0.19334   0.18982  -0.1679  0.0665  0.2500  -5.6213   0.0000   0.2873
  17.500   1.7963   0.19946   0.19608  -0.1741  0.0619  0.2500  -5.6783   0.0000   0.2889
  18.000   1.7905   0.20535   0.20209  -0.1802  0.0578  0.2500  -5.7423   0.0000   0.2905
  18.500   1.7849   0.21114   0.20795  -0.1864  0.0540  0.2500  -5.8079   0.0000   0.2921
  19.000   1.7805   0.21668   0.21361  -0.1926  0.0503  0.2500  -5.8769   0.0000   0.2936
  19.500   1.7772   0.22197   0.21900  -0.1986  0.0471  0.2500  -5.9489   0.0000   0.2950
  20.000   1.7738   0.22716   0.22424  -0.2048  0.0441  0.2500  -6.0187   0.0000   0.2964
  20.500   1.7704   0.23233   0.22956  -0.2110  0.0412  0.2500  -6.0804   0.0000   0.2978
  21.000   1.7687   0.23708   0.23437  -0.2169  0.0387  0.2500  -6.1569   0.0000   0.2989
  21.500   1.7660   0.24196   0.23936  -0.2232  0.0362  0.2500  -6.2297   0.0000   0.3002
  22.000   1.7639   0.24662   0.24412  -0.2293  0.0340  0.2500  -6.3029   0.0000   0.3014
  22.500   1.7626   0.25103   0.24862  -0.2353  0.0320  0.2500  -6.3817   0.0000   0.3024
  23.000   1.7607   0.25550   0.25319  -0.2414  0.0301  0.2500  -6.4492   0.0000   0.3035


