xflr5 v6.47

 Calculated polar for: NACA24018_theta30_Ku4.5_Kl0.5_d0.35_delta13.38

 1 1 Reynolds number fixed          Mach number fixed         

 xtrf =   0.250 (top)        0.250 (bottom)
 Mach =   0.000     Re =     1.750 e 6     Ncrit =   5.000

  alpha     CL        CD       CDp       Cm    Top Xtr Bot Xtr   Cpmin    Chinge    XCp    
 ------- -------- --------- --------- -------- ------- ------- -------- --------- ---------
 -15.000   0.0464   0.05835   0.05309  -0.1723  0.2500  0.0517  -2.8551   0.0000   4.2066
 -14.500   0.1173   0.05978   0.05449  -0.1759  0.2500  0.0548  -2.5550   0.0000   1.8365
 -14.000   0.1865   0.06126   0.05595  -0.1791  0.2500  0.0580  -2.2842   0.0000   1.2593
 -13.500   0.2566   0.06289   0.05756  -0.1824  0.2500  0.0620  -2.0317   0.0000   0.9925
 -13.000   0.3249   0.06457   0.05923  -0.1853  0.2500  0.0670  -1.7913   0.0000   0.8422
 -12.500   0.3925   0.06631   0.06097  -0.1880  0.2500  0.0729  -1.5609   0.0000   0.7445
 -12.000   0.4600   0.06814   0.06279  -0.1906  0.2500  0.0800  -1.3395   0.0000   0.6755
 -11.500   0.5288   0.07011   0.06476  -0.1934  0.2500  0.0887  -1.1246   0.0000   0.6235
 -11.000   0.5961   0.07210   0.06677  -0.1959  0.2500  0.0997  -1.0685   0.0000   0.5837
 -10.500   0.6615   0.07406   0.06875  -0.1980  0.2500  0.1121  -1.0867   0.0000   0.5523
 -10.000   0.7298   0.07628   0.07099  -0.2005  0.2500  0.1293  -1.1070   0.0000   0.5261
  -9.500   0.8022   0.07884   0.07359  -0.2036  0.2500  0.1553  -1.1302   0.0000   0.5037
  -9.000   0.8772   0.08167   0.07650  -0.2071  0.2500  0.1920  -1.1553   0.0000   0.4846
  -8.500   0.9622   0.08530   0.08022  -0.2121  0.2500  0.2500  -1.1884   0.0000   0.4678
  -8.000   1.0129   0.08664   0.08153  -0.2116  0.2500  0.2500  -1.2428   0.0000   0.4553
  -7.500   1.0621   0.08789   0.08276  -0.2109  0.2500  0.2500  -1.3128   0.0000   0.4440
  -7.000   1.1106   0.08910   0.08396  -0.2100  0.2500  0.2500  -1.3851   0.0000   0.4337
  -6.500   1.1586   0.09029   0.08515  -0.2091  0.2500  0.2500  -1.4576   0.0000   0.4242
  -6.000   1.2060   0.09146   0.08631  -0.2081  0.2500  0.2500  -1.5316   0.0000   0.4154
  -5.500   1.2530   0.09261   0.08747  -0.2070  0.2500  0.2500  -1.6100   0.0000   0.4073
  -5.000   1.2991   0.09378   0.08864  -0.2058  0.2500  0.2500  -1.6902   0.0000   0.3997
  -4.500   1.3446   0.09498   0.08986  -0.2044  0.2500  0.2500  -1.7706   0.0000   0.3926
  -4.000   1.3899   0.09617   0.09107  -0.2031  0.2500  0.2500  -1.8554   0.0000   0.3859
  -3.500   1.4349   0.09730   0.09223  -0.2017  0.2500  0.2500  -1.9445   0.0000   0.3796
  -3.000   1.4788   0.09835   0.09329  -0.2002  0.2479  0.2500  -2.0335   0.0000   0.3736
  -2.500   1.5219   0.09938   0.09431  -0.1986  0.2413  0.2500  -2.1226   0.0000   0.3679
  -2.000   1.5638   0.10039   0.09528  -0.1968  0.2317  0.2500  -2.2143   0.0000   0.3625
  -1.500   1.6056   0.10138   0.09626  -0.1950  0.2249  0.2500  -2.3117   0.0000   0.3573
  -1.000   1.6462   0.10238   0.09722  -0.1931  0.2167  0.2500  -2.4085   0.0000   0.3524
  -0.500   1.6868   0.10335   0.09820  -0.1911  0.2106  0.2500  -2.5089   0.0000   0.3476
   0.000   1.7258   0.10437   0.09917  -0.1891  0.2012  0.2500  -2.6161   0.0000   0.3430
   0.500   1.7652   0.10536   0.10018  -0.1870  0.1953  0.2500  -2.7271   0.0000   0.3385
   1.000   1.8028   0.10643   0.10122  -0.1848  0.1871  0.2500  -2.8369   0.0000   0.3342
   1.500   1.8391   0.10751   0.10230  -0.1824  0.1796  0.2500  -2.9537   0.0000   0.3300
   2.000   1.8727   0.10871   0.10349  -0.1798  0.1722  0.2500  -3.0727   0.0000   0.3259
   2.500   1.9059   0.10986   0.10463  -0.1772  0.1646  0.2500  -3.2006   0.0000   0.3219
   3.000   1.9385   0.11097   0.10575  -0.1745  0.1572  0.2500  -3.3324   0.0000   0.3180
   3.500   1.9691   0.11217   0.10692  -0.1718  0.1477  0.2500  -3.4789   0.0000   0.3141
   4.000   1.9991   0.11340   0.10814  -0.1689  0.1392  0.2500  -3.6294   0.0000   0.3104
   4.500   2.0263   0.11484   0.10959  -0.1659  0.1318  0.2500  -3.7896   0.0000   0.3067
   5.000   2.0510   0.11643   0.11116  -0.1628  0.1230  0.2500  -3.9582   0.0000   0.3031
   5.500   2.0755   0.11798   0.11271  -0.1598  0.1146  0.2500  -4.1330   0.0000   0.2995
   6.000   2.0971   0.11976   0.11449  -0.1566  0.1061  0.2500  -4.3166   0.0000   0.2960
   6.500   2.1148   0.12181   0.11653  -0.1533  0.0975  0.2500  -4.4974   0.0000   0.2926
   7.000   2.1328   0.12373   0.11847  -0.1501  0.0898  0.2500  -4.6908   0.0000   0.2892
   7.500   2.1455   0.12613   0.12089  -0.1469  0.0822  0.2500  -4.8747   0.0000   0.2859
   8.000   2.1569   0.12861   0.12339  -0.1437  0.0756  0.2500  -5.0567   0.0000   0.2827
   8.500   2.1658   0.13129   0.12611  -0.1408  0.0689  0.2500  -5.2326   0.0000   0.2796
   9.000   2.1707   0.13438   0.12924  -0.1381  0.0628  0.2500  -5.3969   0.0000   0.2767
   9.500   2.1746   0.13755   0.13248  -0.1357  0.0579  0.2500  -5.5586   0.0000   0.2739
  10.000   2.1770   0.14085   0.13585  -0.1338  0.0537  0.2500  -5.7150   0.0000   0.2713
  10.500   2.1752   0.14457   0.13966  -0.1324  0.0495  0.2500  -5.8656   0.0000   0.2690
  11.000   2.1710   0.14853   0.14370  -0.1316  0.0453  0.2500  -6.0087   0.0000   0.2670
  11.500   2.1670   0.15242   0.14769  -0.1314  0.0416  0.2500  -6.1562   0.0000   0.2651
  12.000   2.1594   0.15665   0.15204  -0.1318  0.0388  0.2500  -6.2934   0.0000   0.2636
  12.500   2.1503   0.16100   0.15649  -0.1329  0.0361  0.2500  -6.4213   0.0000   0.2624
  13.000   2.1399   0.16548   0.16111  -0.1347  0.0337  0.2500  -6.5403   0.0000   0.2615
  13.500   2.1277   0.17014   0.16590  -0.1372  0.0317  0.2500  -6.6475   0.0000   0.2609
  14.000   2.1139   0.17500   0.17089  -0.1404  0.0298  0.2500  -6.7429   0.0000   0.2606
  14.500   2.0987   0.18004   0.17607  -0.1442  0.0280  0.2500  -6.8267   0.0000   0.2606
  15.000   2.0820   0.18526   0.18142  -0.1486  0.0261  0.2500  -6.8982   0.0000   0.2609
  15.500   2.0647   0.19058   0.18688  -0.1536  0.0245  0.2500  -6.9608   0.0000   0.2614
  16.000   2.0480   0.19584   0.19226  -0.1587  0.0230  0.2500  -7.0211   0.0000   0.2621
  16.500   2.0339   0.20077   0.19732  -0.1638  0.0218  0.2500  -7.0908   0.0000   0.2626
  17.000   2.0197   0.20568   0.20235  -0.1691  0.0206  0.2500  -7.1558   0.0000   0.2633
  17.500   2.0055   0.21058   0.20736  -0.1747  0.0195  0.2500  -7.2151   0.0000   0.2641
  18.000   1.9936   0.21509   0.21199  -0.1799  0.0185  0.2500  -7.2848   0.0000   0.2646
  18.500   1.9801   0.21977   0.21678  -0.1857  0.0175  0.2500  -7.3400   0.0000   0.2655


