xflr5 v6.47

 Calculated polar for: NACA24018_theta30_Ku4.5_Kl0.5_d0.24_delta7.31

 1 1 Reynolds number fixed          Mach number fixed         

 xtrf =   0.250 (top)        0.250 (bottom)
 Mach =   0.000     Re =     4.000 e 6     Ncrit =   5.000

  alpha     CL        CD       CDp       Cm    Top Xtr Bot Xtr   Cpmin    Chinge    XCp    
 ------- -------- --------- --------- -------- ------- ------- -------- --------- ---------
 -15.000  -0.5361   0.02673   0.02117  -0.1462  0.2500  0.0301  -4.9473   0.0000  -0.0556
 -14.500  -0.4659   0.02668   0.02110  -0.1499  0.2500  0.0316  -4.5726   0.0000  -0.1068
 -14.000  -0.3959   0.02674   0.02113  -0.1534  0.2500  0.0326  -4.2121   0.0000  -0.1758
 -13.500  -0.3242   0.02686   0.02125  -0.1572  0.2500  0.0348  -3.8578   0.0000  -0.2782
 -13.000  -0.2545   0.02708   0.02144  -0.1604  0.2500  0.0363  -3.5198   0.0000  -0.4315
 -12.500  -0.1822   0.02735   0.02172  -0.1641  0.2500  0.0387  -3.1986   0.0000  -0.7167
 -12.000  -0.1115   0.02769   0.02204  -0.1673  0.2500  0.0406  -2.8935   0.0000  -1.3499
 -11.500  -0.0400   0.02809   0.02243  -0.1707  0.2500  0.0435  -2.6081   0.0000  -4.2718
 -11.000   0.0301   0.02853   0.02287  -0.1737  0.2500  0.0465  -2.3373   0.0000   6.3296
 -10.500   0.1002   0.02901   0.02335  -0.1766  0.2500  0.0500  -2.0764   0.0000   2.1003
 -10.000   0.1706   0.02955   0.02389  -0.1796  0.2500  0.0545  -1.8307   0.0000   1.3493
  -9.500   0.2413   0.03013   0.02448  -0.1826  0.2500  0.0594  -1.6021   0.0000   1.0368
  -9.000   0.3104   0.03074   0.02509  -0.1853  0.2500  0.0650  -1.3926   0.0000   0.8678
  -8.500   0.3797   0.03139   0.02576  -0.1879  0.2500  0.0729  -1.1911   0.0000   0.7602
  -8.000   0.4487   0.03207   0.02647  -0.1905  0.2500  0.0815  -1.0026   0.0000   0.6859
  -7.500   0.5178   0.03280   0.02722  -0.1930  0.2500  0.0930  -0.8960   0.0000   0.6313
  -7.000   0.5878   0.03357   0.02803  -0.1957  0.2500  0.1079  -0.9126   0.0000   0.5892
  -6.500   0.6592   0.03442   0.02893  -0.1986  0.2500  0.1288  -0.9837   0.0000   0.5558
  -6.000   0.7329   0.03537   0.02995  -0.2019  0.2500  0.1613  -1.0615   0.0000   0.5285
  -5.500   0.8111   0.03649   0.03117  -0.2060  0.2500  0.2088  -1.1446   0.0000   0.5057
  -5.000   0.8854   0.03757   0.03233  -0.2094  0.2500  0.2500  -1.2328   0.0000   0.4870
  -4.500   0.9409   0.03820   0.03295  -0.2092  0.2500  0.2500  -1.3072   0.0000   0.4720
  -4.000   0.9961   0.03883   0.03357  -0.2090  0.2500  0.2500  -1.3822   0.0000   0.4585
  -3.500   1.0510   0.03946   0.03420  -0.2088  0.2500  0.2500  -1.4600   0.0000   0.4465
  -3.000   1.1057   0.04007   0.03482  -0.2085  0.2500  0.2500  -1.5400   0.0000   0.4356
  -2.500   1.1598   0.04067   0.03540  -0.2081  0.2461  0.2500  -1.6210   0.0000   0.4256
  -2.000   1.2130   0.04125   0.03595  -0.2075  0.2395  0.2500  -1.7091   0.0000   0.4165
  -1.500   1.2654   0.04183   0.03650  -0.2068  0.2311  0.2500  -1.7977   0.0000   0.4081
  -1.000   1.3176   0.04243   0.03707  -0.2060  0.2249  0.2500  -1.8878   0.0000   0.4003
  -0.500   1.3688   0.04304   0.03764  -0.2051  0.2160  0.2500  -1.9813   0.0000   0.3931
   0.000   1.4195   0.04366   0.03823  -0.2041  0.2081  0.2500  -2.0775   0.0000   0.3863
   0.500   1.4697   0.04430   0.03884  -0.2030  0.2014  0.2500  -2.1764   0.0000   0.3799
   1.000   1.5194   0.04495   0.03948  -0.2018  0.1963  0.2500  -2.2831   0.0000   0.3738
   1.500   1.5681   0.04562   0.04013  -0.2005  0.1890  0.2500  -2.3914   0.0000   0.3681
   2.000   1.6161   0.04633   0.04082  -0.1990  0.1820  0.2500  -2.5006   0.0000   0.3626
   2.500   1.6630   0.04708   0.04154  -0.1974  0.1739  0.2500  -2.6097   0.0000   0.3574
   3.000   1.7086   0.04789   0.04231  -0.1956  0.1647  0.2500  -2.7211   0.0000   0.3524
   3.500   1.7541   0.04871   0.04313  -0.1938  0.1585  0.2500  -2.8454   0.0000   0.3476
   4.000   1.7972   0.04965   0.04405  -0.1916  0.1505  0.2500  -2.9773   0.0000   0.3429
   4.500   1.8368   0.05079   0.04516  -0.1889  0.1416  0.2500  -3.1062   0.0000   0.3382
   5.000   1.8766   0.05191   0.04627  -0.1863  0.1345  0.2500  -3.2472   0.0000   0.3338
   5.500   1.9147   0.05311   0.04745  -0.1835  0.1252  0.2500  -3.3887   0.0000   0.3294
   6.000   1.9513   0.05439   0.04871  -0.1805  0.1163  0.2500  -3.5450   0.0000   0.3252
   6.500   1.9859   0.05581   0.05010  -0.1772  0.1080  0.2500  -3.7205   0.0000   0.3210
   7.000   2.0147   0.05765   0.05193  -0.1732  0.0990  0.2500  -3.8890   0.0000   0.3167
   7.500   2.0440   0.05946   0.05372  -0.1694  0.0906  0.2500  -4.0682   0.0000   0.3126
   8.000   2.0711   0.06145   0.05571  -0.1654  0.0827  0.2500  -4.2566   0.0000   0.3086
   8.500   2.0920   0.06397   0.05822  -0.1608  0.0740  0.2500  -4.4440   0.0000   0.3045
   9.000   2.1133   0.06644   0.06070  -0.1564  0.0671  0.2500  -4.6436   0.0000   0.3006
   9.500   2.1314   0.06925   0.06354  -0.1519  0.0617  0.2500  -4.8379   0.0000   0.2967
  10.000   2.1463   0.07239   0.06672  -0.1472  0.0568  0.2500  -5.0262   0.0000   0.2928
  10.500   2.1589   0.07580   0.07017  -0.1427  0.0521  0.2500  -5.2101   0.0000   0.2891
  11.000   2.1671   0.07967   0.07409  -0.1382  0.0473  0.2500  -5.3932   0.0000   0.2855
  11.500   2.1720   0.08397   0.07845  -0.1340  0.0429  0.2500  -5.5756   0.0000   0.2821
  12.000   2.1748   0.08859   0.08316  -0.1303  0.0392  0.2500  -5.7519   0.0000   0.2789
  12.500   2.1748   0.09362   0.08827  -0.1272  0.0363  0.2500  -5.9184   0.0000   0.2761
  13.000   2.1722   0.09899   0.09374  -0.1247  0.0338  0.2500  -6.0747   0.0000   0.2735
  13.500   2.1719   0.10410   0.09896  -0.1230  0.0320  0.2500  -6.2374   0.0000   0.2712
  14.000   2.1638   0.11014   0.10511  -0.1220  0.0297  0.2500  -6.3703   0.0000   0.2694
  14.500   2.1557   0.11627   0.11136  -0.1219  0.0279  0.2500  -6.4993   0.0000   0.2679
  15.000   2.1449   0.12278   0.11799  -0.1228  0.0263  0.2500  -6.6136   0.0000   0.2669
  15.500   2.1344   0.12929   0.12463  -0.1244  0.0250  0.2500  -6.7275   0.0000   0.2661
  16.000   2.1184   0.13647   0.13194  -0.1271  0.0237  0.2500  -6.8256   0.0000   0.2660
  16.500   2.1047   0.14341   0.13903  -0.1303  0.0228  0.2500  -6.9286   0.0000   0.2660
  17.000   2.0869   0.15094   0.14669  -0.1345  0.0217  0.2500  -7.0061   0.0000   0.2667
  17.500   2.0683   0.15858   0.15448  -0.1394  0.0206  0.2500  -7.0728   0.0000   0.2676
  18.000   2.0517   0.16596   0.16199  -0.1446  0.0197  0.2500  -7.1436   0.0000   0.2687
  18.500   2.0308   0.17398   0.17015  -0.1509  0.0187  0.2500  -7.1840   0.0000   0.2704
  19.000   2.0145   0.18131   0.17760  -0.1570  0.0178  0.2500  -7.2429   0.0000   0.2718
  19.500   2.0008   0.18821   0.18462  -0.1630  0.0170  0.2500  -7.3106   0.0000   0.2733
  20.000   1.9863   0.19520   0.19171  -0.1695  0.0161  0.2500  -7.3677   0.0000   0.2749
  20.500   1.9747   0.20170   0.19832  -0.1757  0.0155  0.2500  -7.4369   0.0000   0.2764
  21.000   1.9641   0.20799   0.20471  -0.1820  0.0148  0.2500  -7.5076   0.0000   0.2778
  21.500   1.9522   0.21445   0.21128  -0.1888  0.0140  0.2500  -7.5638   0.0000   0.2796
  22.000   1.9420   0.22058   0.21750  -0.1954  0.0134  0.2500  -7.6266   0.0000   0.2812
  22.500   1.9335   0.22638   0.22340  -0.2019  0.0128  0.2500  -7.6959   0.0000   0.2827
  23.000   1.9247   0.23217   0.22927  -0.2086  0.0122  0.2500  -7.7690   0.0000   0.2842
  23.500   1.9202   0.23711   0.23429  -0.2145  0.0115  0.2500  -7.8734   0.0000   0.2851
  24.000   1.9134   0.24240   0.23966  -0.2209  0.0111  0.2500  -7.9556   0.0000   0.2865
  24.500   1.9055   0.24781   0.24516  -0.2277  0.0106  0.2500  -8.0245   0.0000   0.2880
  25.000   1.8973   0.25321   0.25065  -0.2347  0.0101  0.2500  -8.0851   0.0000   0.2897


