xflr5 v6.47

 Calculated polar for: NACA24018_theta30_Ku4.5_Kl0.5_d0.21_delta5.84

 1 1 Reynolds number fixed          Mach number fixed         

 xtrf =   0.250 (top)        0.250 (bottom)
 Mach =   0.000     Re =     2.500 e 6     Ncrit =   5.000

  alpha     CL        CD       CDp       Cm    Top Xtr Bot Xtr   Cpmin    Chinge    XCp    
 ------- -------- --------- --------- -------- ------- ------- -------- --------- ---------
 -15.000  -0.7587   0.02390   0.01777  -0.1190  0.2500  0.0288  -5.7132   0.0000   0.0677
 -14.500  -0.6983   0.02323   0.01708  -0.1216  0.2500  0.0300  -5.3469   0.0000   0.0503
 -14.000  -0.6345   0.02273   0.01654  -0.1245  0.2500  0.0313  -4.9799   0.0000   0.0277
 -13.500  -0.5700   0.02239   0.01616  -0.1272  0.2500  0.0323  -4.6317   0.0000  -0.0000
 -13.000  -0.5024   0.02209   0.01584  -0.1304  0.2500  0.0340  -4.2840   0.0000  -0.0379
 -12.500  -0.4343   0.02191   0.01564  -0.1336  0.2500  0.0358  -3.9441   0.0000  -0.0877
 -12.000  -0.3652   0.02181   0.01551  -0.1368  0.2500  0.0379  -3.6120   0.0000  -0.1576
 -11.500  -0.2965   0.02179   0.01547  -0.1398  0.2500  0.0399  -3.2911   0.0000  -0.2591
 -11.000  -0.2257   0.02182   0.01549  -0.1432  0.2500  0.0429  -2.9880   0.0000  -0.4298
 -10.500  -0.1555   0.02191   0.01558  -0.1463  0.2500  0.0457  -2.6975   0.0000  -0.7513
 -10.000  -0.0859   0.02206   0.01572  -0.1493  0.2500  0.0491  -2.4223   0.0000  -1.5882
  -9.500  -0.0159   0.02226   0.01591  -0.1523  0.2500  0.0529  -2.1639   0.0000  -9.8103
  -9.000   0.0543   0.02250   0.01615  -0.1553  0.2500  0.0574  -1.9189   0.0000   3.2426
  -8.500   0.1245   0.02278   0.01644  -0.1582  0.2500  0.0630  -1.6896   0.0000   1.5724
  -8.000   0.1948   0.02311   0.01678  -0.1611  0.2500  0.0699  -1.4691   0.0000   1.1070
  -7.500   0.2650   0.02347   0.01717  -0.1640  0.2500  0.0782  -1.2576   0.0000   0.8883
  -7.000   0.3349   0.02387   0.01759  -0.1667  0.2500  0.0889  -1.0698   0.0000   0.7614
  -6.500   0.4060   0.02432   0.01808  -0.1697  0.2500  0.1041  -0.8926   0.0000   0.6776
  -6.000   0.4775   0.02480   0.01862  -0.1727  0.2500  0.1235  -0.8698   0.0000   0.6185
  -5.500   0.5513   0.02536   0.01925  -0.1762  0.2500  0.1524  -0.9435   0.0000   0.5742
  -5.000   0.6367   0.02615   0.02019  -0.1818  0.2500  0.2141  -1.0297   0.0000   0.5385
  -4.500   0.7099   0.02680   0.02092  -0.1851  0.2500  0.2500  -1.1119   0.0000   0.5122
  -4.000   0.7683   0.02723   0.02134  -0.1854  0.2500  0.2500  -1.1843   0.0000   0.4918
  -3.500   0.8262   0.02767   0.02176  -0.1857  0.2500  0.2500  -1.2573   0.0000   0.4742
  -3.000   0.8837   0.02811   0.02220  -0.1859  0.2500  0.2500  -1.3315   0.0000   0.4589
  -2.500   0.9409   0.02856   0.02264  -0.1860  0.2500  0.2500  -1.4124   0.0000   0.4454
  -2.000   0.9975   0.02901   0.02310  -0.1860  0.2500  0.2500  -1.4939   0.0000   0.4333
  -1.500   1.0538   0.02947   0.02356  -0.1859  0.2500  0.2500  -1.5761   0.0000   0.4226
  -1.000   1.1097   0.02994   0.02405  -0.1858  0.2500  0.2500  -1.6643   0.0000   0.4128
  -0.500   1.1646   0.03042   0.02451  -0.1855  0.2446  0.2500  -1.7548   0.0000   0.4039
   0.000   1.2187   0.03092   0.02498  -0.1851  0.2369  0.2500  -1.8455   0.0000   0.3958
   0.500   1.2723   0.03144   0.02549  -0.1845  0.2299  0.2500  -1.9370   0.0000   0.3883
   1.000   1.3248   0.03199   0.02601  -0.1838  0.2216  0.2500  -2.0324   0.0000   0.3813
   1.500   1.3769   0.03255   0.02656  -0.1830  0.2150  0.2500  -2.1365   0.0000   0.3747
   2.000   1.4278   0.03314   0.02713  -0.1820  0.2080  0.2500  -2.2405   0.0000   0.3686
   2.500   1.4782   0.03376   0.02775  -0.1810  0.2020  0.2500  -2.3456   0.0000   0.3628
   3.000   1.5271   0.03444   0.02841  -0.1797  0.1939  0.2500  -2.4513   0.0000   0.3572
   3.500   1.5747   0.03519   0.02916  -0.1782  0.1867  0.2500  -2.5621   0.0000   0.3519
   4.000   1.6207   0.03603   0.02999  -0.1764  0.1798  0.2500  -2.6803   0.0000   0.3469
   4.500   1.6654   0.03692   0.03087  -0.1745  0.1719  0.2500  -2.8034   0.0000   0.3420
   5.000   1.7102   0.03779   0.03176  -0.1726  0.1657  0.2500  -2.9352   0.0000   0.3373
   5.500   1.7524   0.03881   0.03275  -0.1703  0.1563  0.2500  -3.0665   0.0000   0.3327
   6.000   1.7937   0.03988   0.03382  -0.1679  0.1487  0.2500  -3.2112   0.0000   0.3283
   6.500   1.8326   0.04111   0.03507  -0.1652  0.1411  0.2500  -3.3542   0.0000   0.3240
   7.000   1.8684   0.04252   0.03647  -0.1622  0.1323  0.2500  -3.5094   0.0000   0.3197
   7.500   1.9039   0.04395   0.03791  -0.1591  0.1250  0.2500  -3.6738   0.0000   0.3155
   8.000   1.9352   0.04568   0.03964  -0.1555  0.1159  0.2500  -3.8441   0.0000   0.3113
   8.500   1.9633   0.04766   0.04161  -0.1516  0.1067  0.2500  -4.0316   0.0000   0.3072
   9.000   1.9892   0.04982   0.04378  -0.1476  0.0980  0.2500  -4.2177   0.0000   0.3031
   9.500   2.0130   0.05217   0.04615  -0.1434  0.0909  0.2500  -4.4013   0.0000   0.2991
  10.000   2.0330   0.05487   0.04889  -0.1391  0.0843  0.2500  -4.5788   0.0000   0.2952
  10.500   2.0492   0.05795   0.05201  -0.1346  0.0774  0.2500  -4.7601   0.0000   0.2913
  11.000   2.0613   0.06149   0.05559  -0.1300  0.0705  0.2500  -4.9397   0.0000   0.2876
  11.500   2.0699   0.06545   0.05962  -0.1257  0.0648  0.2500  -5.1178   0.0000   0.2840
  12.000   2.0764   0.06980   0.06405  -0.1217  0.0600  0.2500  -5.2904   0.0000   0.2806
  12.500   2.0792   0.07468   0.06902  -0.1182  0.0553  0.2500  -5.4518   0.0000   0.2775
  13.000   2.0774   0.08019   0.07463  -0.1152  0.0511  0.2500  -5.5991   0.0000   0.2747
  13.500   2.0726   0.08614   0.08069  -0.1129  0.0478  0.2500  -5.7403   0.0000   0.2724
  14.000   2.0646   0.09259   0.08727  -0.1115  0.0447  0.2500  -5.8683   0.0000   0.2704
  14.500   2.0560   0.09927   0.09409  -0.1111  0.0418  0.2500  -5.9901   0.0000   0.2689
  15.000   2.0421   0.10666   0.10161  -0.1116  0.0391  0.2500  -6.0921   0.0000   0.2679
  15.500   2.0269   0.11433   0.10943  -0.1132  0.0367  0.2500  -6.1896   0.0000   0.2674
  16.000   2.0115   0.12213   0.11737  -0.1157  0.0348  0.2500  -6.2803   0.0000   0.2674
  16.500   1.9919   0.13053   0.12594  -0.1193  0.0329  0.2500  -6.3465   0.0000   0.2680
  17.000   1.9736   0.13883   0.13439  -0.1236  0.0314  0.2500  -6.4104   0.0000   0.2689
  17.500   1.9527   0.14751   0.14323  -0.1288  0.0298  0.2500  -6.4550   0.0000   0.2704
  18.000   1.9323   0.15617   0.15204  -0.1347  0.0286  0.2500  -6.4937   0.0000   0.2722
  18.500   1.9173   0.16406   0.16006  -0.1404  0.0271  0.2500  -6.5518   0.0000   0.2738
  19.000   1.8967   0.17282   0.16896  -0.1474  0.0257  0.2500  -6.5731   0.0000   0.2763
  19.500   1.8850   0.18022   0.17649  -0.1535  0.0245  0.2500  -6.6343   0.0000   0.2781
  20.000   1.8721   0.18776   0.18414  -0.1602  0.0232  0.2500  -6.6833   0.0000   0.2802
  20.500   1.8628   0.19470   0.19119  -0.1665  0.0222  0.2500  -6.7563   0.0000   0.2820
  21.000   1.8537   0.20155   0.19814  -0.1731  0.0211  0.2500  -6.8274   0.0000   0.2839
  21.500   1.8444   0.20840   0.20509  -0.1800  0.0200  0.2500  -6.8915   0.0000   0.2860
  22.000   1.8381   0.21472   0.21152  -0.1865  0.0190  0.2500  -6.9700   0.0000   0.2877
  22.500   1.8298   0.22134   0.21822  -0.1936  0.0179  0.2500  -7.0304   0.0000   0.2899
  23.000   1.8263   0.22707   0.22403  -0.1999  0.0170  0.2500  -7.1206   0.0000   0.2914
  23.500   1.8223   0.23283   0.22988  -0.2064  0.0160  0.2500  -7.2029   0.0000   0.2930
  24.000   1.8162   0.23891   0.23605  -0.2135  0.0153  0.2500  -7.2642   0.0000   0.2950
  24.500   1.8124   0.24449   0.24172  -0.2202  0.0147  0.2500  -7.3401   0.0000   0.2966
  25.000   1.8082   0.25009   0.24740  -0.2270  0.0140  0.2500  -7.4077   0.0000   0.2983


