xflr5 v6.47

 Calculated polar for: NACA24018_theta30_Ku4.5_Kl0.5_d0.00_delta0.00

 1 1 Reynolds number fixed          Mach number fixed         

 xtrf =   0.250 (top)        0.250 (bottom)
 Mach =   0.000     Re =     0.600 e 6     Ncrit =   5.000

  alpha     CL        CD       CDp       Cm    Top Xtr Bot Xtr   Cpmin    Chinge    XCp    
 ------- -------- --------- --------- -------- ------- ------- -------- --------- ---------
 -15.000  -0.9588   0.03207   0.02401  -0.0967  0.2500  0.0295  -6.4368   0.0000   0.1240
 -14.500  -0.9439   0.02965   0.02147  -0.0945  0.2500  0.0302  -6.2243   0.0000   0.1258
 -14.000  -0.9260   0.02760   0.01933  -0.0919  0.2500  0.0309  -5.9968   0.0000   0.1276
 -13.500  -0.9046   0.02588   0.01752  -0.0891  0.2500  0.0318  -5.7587   0.0000   0.1292
 -13.000  -0.8810   0.02439   0.01592  -0.0860  0.2500  0.0328  -5.5233   0.0000   0.1308
 -12.500  -0.8568   0.02303   0.01446  -0.0827  0.2500  0.0338  -5.2880   0.0000   0.1327
 -12.000  -0.8314   0.02181   0.01318  -0.0792  0.2500  0.0349  -5.0487   0.0000   0.1347
 -11.500  -0.8033   0.02077   0.01206  -0.0757  0.2500  0.0362  -4.8049   0.0000   0.1365
 -11.000  -0.7733   0.01987   0.01105  -0.0721  0.2500  0.0374  -4.5597   0.0000   0.1380
 -10.500  -0.7441   0.01896   0.01011  -0.0683  0.2500  0.0389  -4.3233   0.0000   0.1402
 -10.000  -0.7117   0.01823   0.00931  -0.0646  0.2500  0.0407  -4.0864   0.0000   0.1416
  -9.500  -0.6788   0.01753   0.00855  -0.0609  0.2500  0.0424  -3.8534   0.0000   0.1433
  -9.000  -0.6450   0.01689   0.00788  -0.0571  0.2500  0.0444  -3.6212   0.0000   0.1449
  -8.500  -0.6094   0.01635   0.00727  -0.0535  0.2500  0.0467  -3.3913   0.0000   0.1461
  -8.000  -0.5748   0.01580   0.00671  -0.0495  0.2500  0.0494  -3.1754   0.0000   0.1481
  -7.500  -0.5392   0.01540   0.00625  -0.0456  0.2500  0.0522  -2.9625   0.0000   0.1501
  -7.000  -0.5043   0.01502   0.00587  -0.0414  0.2500  0.0557  -2.7551   0.0000   0.1528
  -6.500  -0.4657   0.01467   0.00548  -0.0379  0.2500  0.0595  -2.5453   0.0000   0.1538
  -6.000  -0.4240   0.01434   0.00513  -0.0350  0.2500  0.0642  -2.3426   0.0000   0.1528
  -5.500  -0.3816   0.01401   0.00480  -0.0322  0.2500  0.0699  -2.1437   0.0000   0.1511
  -5.000  -0.3382   0.01369   0.00449  -0.0296  0.2500  0.0769  -1.9521   0.0000   0.1480
  -4.500  -0.2937   0.01341   0.00422  -0.0271  0.2500  0.0856  -1.7686   0.0000   0.1430
  -4.000  -0.2486   0.01314   0.00397  -0.0248  0.2500  0.0968  -1.5963   0.0000   0.1354
  -3.500  -0.2036   0.01285   0.00374  -0.0224  0.2500  0.1127  -1.4302   0.0000   0.1245
  -3.000  -0.1585   0.01255   0.00352  -0.0201  0.2500  0.1360  -1.2745   0.0000   0.1070
  -2.500  -0.1150   0.01217   0.00330  -0.0175  0.2500  0.1785  -1.1279   0.0000   0.0802
  -2.000  -0.0738   0.01167   0.00306  -0.0145  0.2500  0.2500  -0.9946   0.0000   0.0335
  -1.500  -0.0230   0.01166   0.00299  -0.0131  0.2500  0.2500  -0.8565   0.0000  -0.3609
  -1.000   0.0278   0.01167   0.00294  -0.0117  0.2500  0.2500  -0.7889   0.0000   0.6879
  -0.500   0.0785   0.01169   0.00291  -0.0104  0.2500  0.2500  -0.8466   0.0000   0.3807
   0.000   0.1292   0.01172   0.00290  -0.0090  0.2500  0.2500  -0.9067   0.0000   0.3147
   0.500   0.1797   0.01176   0.00292  -0.0077  0.2500  0.2500  -0.9678   0.0000   0.2858
   1.000   0.2301   0.01181   0.00295  -0.0063  0.2500  0.2500  -1.0319   0.0000   0.2694
   1.500   0.2802   0.01188   0.00301  -0.0049  0.2500  0.2500  -1.0964   0.0000   0.2587
   2.000   0.3300   0.01195   0.00308  -0.0034  0.2500  0.2500  -1.1633   0.0000   0.2511
   2.500   0.3794   0.01204   0.00318  -0.0019  0.2500  0.2500  -1.2326   0.0000   0.2453
   3.000   0.4283   0.01213   0.00329  -0.0004  0.2500  0.2500  -1.3048   0.0000   0.2405
   3.500   0.4767   0.01224   0.00343   0.0013  0.2500  0.2500  -1.3776   0.0000   0.2365
   4.000   0.5245   0.01236   0.00358   0.0030  0.2500  0.2500  -1.4539   0.0000   0.2330
   4.500   0.5714   0.01250   0.00376   0.0049  0.2500  0.2500  -1.5303   0.0000   0.2297
   5.000   0.6171   0.01265   0.00396   0.0070  0.2500  0.2500  -1.6091   0.0000   0.2264
   5.500   0.6599   0.01280   0.00417   0.0096  0.2500  0.2500  -1.6870   0.0000   0.2226
   6.000   0.7019   0.01298   0.00441   0.0124  0.2500  0.2500  -1.7664   0.0000   0.2190
   6.500   0.7415   0.01327   0.00470   0.0154  0.2449  0.2500  -1.8500   0.0000   0.2152
   7.000   0.7834   0.01355   0.00503   0.0180  0.2388  0.2500  -1.9376   0.0000   0.2124
   7.500   0.8223   0.01394   0.00542   0.0210  0.2319  0.2500  -2.0238   0.0000   0.2092
   8.000   0.8631   0.01428   0.00582   0.0236  0.2256  0.2500  -2.1173   0.0000   0.2068
   8.500   0.9004   0.01475   0.00630   0.0267  0.2193  0.2500  -2.2110   0.0000   0.2039
   9.000   0.9397   0.01516   0.00677   0.0293  0.2135  0.2500  -2.3099   0.0000   0.2017
   9.500   0.9750   0.01571   0.00735   0.0324  0.2070  0.2500  -2.4074   0.0000   0.1989
  10.000   1.0121   0.01623   0.00794   0.0351  0.2010  0.2500  -2.5107   0.0000   0.1967
  10.500   1.0447   0.01691   0.00865   0.0383  0.1948  0.2500  -2.6204   0.0000   0.1939
  11.000   1.0792   0.01756   0.00939   0.0411  0.1890  0.2500  -2.7344   0.0000   0.1918
  11.500   1.1082   0.01846   0.01031   0.0444  0.1823  0.2500  -2.8523   0.0000   0.1889
  12.000   1.1398   0.01930   0.01124   0.0471  0.1759  0.2500  -2.9796   0.0000   0.1868
  12.500   1.1660   0.02043   0.01242   0.0503  0.1699  0.2500  -3.0985   0.0000   0.1841
  13.000   1.1931   0.02160   0.01368   0.0530  0.1633  0.2500  -3.2281   0.0000   0.1818
  13.500   1.2159   0.02308   0.01521   0.0559  0.1565  0.2500  -3.3634   0.0000   0.1793
  14.000   1.2367   0.02477   0.01698   0.0585  0.1503  0.2500  -3.4974   0.0000   0.1770
  14.500   1.2563   0.02667   0.01898   0.0609  0.1446  0.2500  -3.6394   0.0000   0.1748
  15.000   1.2686   0.02921   0.02158   0.0632  0.1377  0.2500  -3.7687   0.0000   0.1723
  15.500   1.2833   0.03179   0.02427   0.0649  0.1311  0.2500  -3.9070   0.0000   0.1704
  16.000   1.2912   0.03510   0.02767   0.0664  0.1252  0.2500  -4.0295   0.0000   0.1683
  16.500   1.2950   0.03901   0.03168   0.0674  0.1190  0.2500  -4.1445   0.0000   0.1664
  17.000   1.2966   0.04339   0.03618   0.0678  0.1132  0.2500  -4.2525   0.0000   0.1648
  17.500   1.2884   0.04902   0.04191   0.0677  0.1075  0.2500  -4.3324   0.0000   0.1632
  18.000   1.2808   0.05491   0.04794   0.0669  0.1020  0.2500  -4.4109   0.0000   0.1621
  18.500   1.2649   0.06201   0.05516   0.0655  0.0972  0.2500  -4.4624   0.0000   0.1611
  19.000   1.2458   0.06978   0.06306   0.0635  0.0922  0.2500  -4.4988   0.0000   0.1604
  19.500   1.2251   0.07804   0.07147   0.0610  0.0877  0.2500  -4.5265   0.0000   0.1601
  20.000   1.1989   0.08730   0.08085   0.0578  0.0830  0.2500  -4.5275   0.0000   0.1602
  20.500   1.1800   0.09584   0.08952   0.0545  0.0786  0.2500  -4.5497   0.0000   0.1607
  21.000   1.1565   0.10521   0.09900   0.0506  0.0742  0.2500  -4.5500   0.0000   0.1616
  21.500   1.1404   0.11375   0.10766   0.0468  0.0698  0.2500  -4.5743   0.0000   0.1629
  22.000   1.1247   0.12232   0.11632   0.0427  0.0658  0.2500  -4.5944   0.0000   0.1645
  22.500   1.1107   0.13078   0.12486   0.0384  0.0618  0.2500  -4.6148   0.0000   0.1664
  23.000   1.1029   0.13833   0.13252   0.0343  0.0582  0.2500  -4.6578   0.0000   0.1685
  23.500   1.0927   0.14630   0.14056   0.0298  0.0547  0.2500  -4.6837   0.0000   0.1708
  24.000   1.0883   0.15343   0.14778   0.0255  0.0513  0.2500  -4.7362   0.0000   0.1732
  24.500   1.0831   0.16067   0.15509   0.0210  0.0482  0.2500  -4.7806   0.0000   0.1758
  25.000   1.0790   0.16775   0.16224   0.0163  0.0452  0.2500  -4.8269   0.0000   0.1785


