xflr5 v6.47

 Calculated polar for: NACA24018_theta30_Ku4.5_Kl0.5_d0.31_delta11.03

 1 1 Reynolds number fixed          Mach number fixed         

 xtrf =   0.250 (top)        0.250 (bottom)
 Mach =   0.000     Re =     3.500 e 6     Ncrit =   5.000

  alpha     CL        CD       CDp       Cm    Top Xtr Bot Xtr   Cpmin    Chinge    XCp    
 ------- -------- --------- --------- -------- ------- ------- -------- --------- ---------
 -15.000  -0.0951   0.04456   0.03945  -0.1780  0.2500  0.0405  -3.4076   0.0000  -1.7694
 -14.500  -0.0237   0.04547   0.04036  -0.1816  0.2500  0.0429  -3.0776   0.0000  -7.9558
 -14.000   0.0462   0.04646   0.04132  -0.1849  0.2500  0.0448  -2.7857   0.0000   4.5098
 -13.500   0.1163   0.04754   0.04239  -0.1881  0.2500  0.0480  -2.5029   0.0000   1.9621
 -13.000   0.1848   0.04866   0.04351  -0.1910  0.2500  0.0511  -2.2334   0.0000   1.3376
 -12.500   0.2523   0.04982   0.04465  -0.1936  0.2500  0.0541  -1.9812   0.0000   1.0535
 -12.000   0.3222   0.05111   0.04595  -0.1966  0.2500  0.0590  -1.7397   0.0000   0.8857
 -11.500   0.3904   0.05242   0.04727  -0.1993  0.2500  0.0646  -1.5107   0.0000   0.7791
 -11.000   0.4571   0.05375   0.04860  -0.2016  0.2500  0.0707  -1.2991   0.0000   0.7051
 -10.500   0.5233   0.05513   0.04998  -0.2037  0.2500  0.0776  -1.1088   0.0000   0.6500
 -10.000   0.5903   0.05659   0.05146  -0.2060  0.2500  0.0868  -1.0719   0.0000   0.6070
  -9.500   0.6589   0.05820   0.05309  -0.2085  0.2500  0.0987  -1.0920   0.0000   0.5722
  -9.000   0.7241   0.05974   0.05466  -0.2104  0.2500  0.1123  -1.1085   0.0000   0.5445
  -8.500   0.7918   0.06147   0.05643  -0.2127  0.2500  0.1321  -1.1264   0.0000   0.5210
  -8.000   0.8619   0.06339   0.05841  -0.2153  0.2500  0.1599  -1.1459   0.0000   0.5009
  -7.500   0.9401   0.06580   0.06091  -0.2192  0.2500  0.2060  -1.1813   0.0000   0.4831
  -7.000   1.0125   0.06803   0.06321  -0.2221  0.2500  0.2500  -1.2695   0.0000   0.4682
  -6.500   1.0624   0.06912   0.06429  -0.2212  0.2500  0.2500  -1.3402   0.0000   0.4561
  -6.000   1.1124   0.07017   0.06534  -0.2204  0.2500  0.2500  -1.4118   0.0000   0.4451
  -5.500   1.1624   0.07121   0.06636  -0.2195  0.2500  0.2500  -1.4842   0.0000   0.4350
  -5.000   1.2124   0.07222   0.06738  -0.2186  0.2500  0.2500  -1.5621   0.0000   0.4256
  -4.500   1.2621   0.07322   0.06838  -0.2177  0.2500  0.2500  -1.6432   0.0000   0.4170
  -4.000   1.3108   0.07416   0.06933  -0.2166  0.2500  0.2500  -1.7270   0.0000   0.4089
  -3.500   1.3583   0.07509   0.07021  -0.2153  0.2417  0.2500  -1.8115   0.0000   0.4015
  -3.000   1.4054   0.07600   0.07109  -0.2139  0.2344  0.2500  -1.8968   0.0000   0.3944
  -2.500   1.4516   0.07691   0.07195  -0.2125  0.2256  0.2500  -1.9839   0.0000   0.3878
  -2.000   1.4978   0.07780   0.07284  -0.2110  0.2207  0.2500  -2.0783   0.0000   0.3815
  -1.500   1.5428   0.07871   0.07370  -0.2093  0.2120  0.2500  -2.1724   0.0000   0.3756
  -1.000   1.5879   0.07961   0.07459  -0.2076  0.2064  0.2500  -2.2698   0.0000   0.3699
  -0.500   1.6315   0.08054   0.07547  -0.2058  0.1963  0.2500  -2.3689   0.0000   0.3645
   0.000   1.6756   0.08145   0.07638  -0.2040  0.1916  0.2500  -2.4696   0.0000   0.3593
   0.500   1.7180   0.08243   0.07731  -0.2020  0.1820  0.2500  -2.5782   0.0000   0.3543
   1.000   1.7603   0.08338   0.07826  -0.2000  0.1765  0.2500  -2.6882   0.0000   0.3495
   1.500   1.7998   0.08441   0.07926  -0.1976  0.1679  0.2500  -2.8031   0.0000   0.3449
   2.000   1.8375   0.08559   0.08042  -0.1950  0.1606  0.2500  -2.9188   0.0000   0.3403
   2.500   1.8745   0.08674   0.08155  -0.1924  0.1528  0.2500  -3.0396   0.0000   0.3359
   3.000   1.9104   0.08790   0.08267  -0.1896  0.1432  0.2500  -3.1698   0.0000   0.3317
   3.500   1.9464   0.08902   0.08378  -0.1869  0.1358  0.2500  -3.3020   0.0000   0.3275
   4.000   1.9811   0.09019   0.08493  -0.1841  0.1281  0.2500  -3.4540   0.0000   0.3235
   4.500   2.0125   0.09153   0.08622  -0.1809  0.1167  0.2500  -3.6114   0.0000   0.3194
   5.000   2.0411   0.09314   0.08780  -0.1775  0.1080  0.2500  -3.7733   0.0000   0.3155
   5.500   2.0682   0.09487   0.08952  -0.1740  0.1001  0.2500  -3.9432   0.0000   0.3116
   6.000   2.0947   0.09658   0.09120  -0.1705  0.0910  0.2500  -4.1227   0.0000   0.3078
   6.500   2.1202   0.09835   0.09296  -0.1670  0.0836  0.2500  -4.3023   0.0000   0.3041
   7.000   2.1399   0.10060   0.09522  -0.1631  0.0768  0.2500  -4.4873   0.0000   0.3004
   7.500   2.1595   0.10274   0.09734  -0.1593  0.0689  0.2500  -4.6755   0.0000   0.2967
   8.000   2.1739   0.10537   0.09998  -0.1553  0.0621  0.2500  -4.8582   0.0000   0.2931
   8.500   2.1894   0.10784   0.10247  -0.1516  0.0560  0.2500  -5.0588   0.0000   0.2896
   9.000   2.1999   0.11083   0.10549  -0.1478  0.0508  0.2500  -5.2472   0.0000   0.2862
   9.500   2.2100   0.11387   0.10857  -0.1442  0.0465  0.2500  -5.4359   0.0000   0.2829
  10.000   2.2178   0.11711   0.11187  -0.1409  0.0428  0.2500  -5.6187   0.0000   0.2798
  10.500   2.2227   0.12066   0.11547  -0.1379  0.0395  0.2500  -5.7928   0.0000   0.2768
  11.000   2.2256   0.12444   0.11933  -0.1354  0.0367  0.2500  -5.9608   0.0000   0.2741
  11.500   2.2270   0.12834   0.12330  -0.1333  0.0339  0.2500  -6.1335   0.0000   0.2715
  12.000   2.2233   0.13280   0.12785  -0.1319  0.0312  0.2500  -6.2927   0.0000   0.2692
  12.500   2.2198   0.13722   0.13236  -0.1310  0.0286  0.2500  -6.4579   0.0000   0.2672
  13.000   2.2128   0.14201   0.13726  -0.1309  0.0264  0.2500  -6.6067   0.0000   0.2655
  13.500   2.2036   0.14700   0.14235  -0.1315  0.0245  0.2500  -6.7437   0.0000   0.2642
  14.000   2.1960   0.15181   0.14728  -0.1327  0.0232  0.2500  -6.8846   0.0000   0.2630
  14.500   2.1828   0.15727   0.15286  -0.1349  0.0218  0.2500  -6.9965   0.0000   0.2624
  15.000   2.1728   0.16233   0.15804  -0.1373  0.0207  0.2500  -7.1198   0.0000   0.2618
  15.500   2.1568   0.16812   0.16397  -0.1409  0.0194  0.2500  -7.2098   0.0000   0.2617
  16.000   2.1395   0.17409   0.17007  -0.1452  0.0184  0.2500  -7.2876   0.0000   0.2621
  16.500   2.1253   0.17966   0.17576  -0.1494  0.0176  0.2500  -7.3771   0.0000   0.2623
  17.000   2.1055   0.18599   0.18224  -0.1549  0.0168  0.2500  -7.4304   0.0000   0.2632
  17.500   2.0902   0.19173   0.18809  -0.1600  0.0161  0.2500  -7.5028   0.0000   0.2639
  18.000   2.0768   0.19719   0.19367  -0.1652  0.0155  0.2500  -7.5817   0.0000   0.2645
  18.500   2.0623   0.20278   0.19939  -0.1708  0.0148  0.2500  -7.6491   0.0000   0.2653
  19.000   2.0471   0.20844   0.20514  -0.1768  0.0140  0.2500  -7.7072   0.0000   0.2664
  19.500   2.0356   0.21349   0.21031  -0.1823  0.0135  0.2500  -7.7838   0.0000   0.2671
  20.000   2.0232   0.21860   0.21552  -0.1881  0.0129  0.2500  -7.8508   0.0000   0.2680
  20.500   2.0095   0.22385   0.22087  -0.1943  0.0122  0.2500  -7.9038   0.0000   0.2691
  21.000   1.9978   0.22875   0.22587  -0.2004  0.0117  0.2500  -7.9656   0.0000   0.2701
  21.500   1.9891   0.23313   0.23034  -0.2058  0.0111  0.2500  -8.0448   0.0000   0.2706
  22.000   1.9803   0.23743   0.23472  -0.2114  0.0106  0.2500  -8.1208   0.0000   0.2713
  22.500   1.9683   0.24227   0.23965  -0.2179  0.0100  0.2500  -8.1662   0.0000   0.2724


