xflr5 v6.47

 Calculated polar for: NACA24018_theta30_Ku4.5_Kl0.5_d0.24_delta7.31

 1 1 Reynolds number fixed          Mach number fixed         

 xtrf =   0.250 (top)        0.250 (bottom)
 Mach =   0.000     Re =     2.000 e 6     Ncrit =   5.000

  alpha     CL        CD       CDp       Cm    Top Xtr Bot Xtr   Cpmin    Chinge    XCp    
 ------- -------- --------- --------- -------- ------- ------- -------- --------- ---------
 -15.000  -0.6063   0.02861   0.02253  -0.1310  0.2500  0.0327  -5.1458   0.0000   0.0047
 -14.500  -0.5383   0.02824   0.02213  -0.1348  0.2500  0.0343  -4.7701   0.0000  -0.0311
 -14.000  -0.4704   0.02805   0.02190  -0.1383  0.2500  0.0360  -4.4123   0.0000  -0.0764
 -13.500  -0.4009   0.02797   0.02178  -0.1419  0.2500  0.0377  -4.0602   0.0000  -0.1393
 -13.000  -0.3303   0.02800   0.02178  -0.1456  0.2500  0.0397  -3.7153   0.0000  -0.2303
 -12.500  -0.2592   0.02812   0.02189  -0.1492  0.2500  0.0420  -3.3847   0.0000  -0.3723
 -12.000  -0.1889   0.02834   0.02207  -0.1526  0.2500  0.0444  -3.0754   0.0000  -0.6168
 -11.500  -0.1172   0.02862   0.02235  -0.1562  0.2500  0.0473  -2.7759   0.0000  -1.1699
 -11.000  -0.0457   0.02898   0.02269  -0.1596  0.2500  0.0509  -2.4970   0.0000  -3.4512
 -10.500   0.0249   0.02939   0.02308  -0.1628  0.2500  0.0547  -2.2298   0.0000   7.1276
 -10.000   0.0959   0.02986   0.02356  -0.1659  0.2500  0.0596  -1.9722   0.0000   2.0630
  -9.500   0.1666   0.03039   0.02409  -0.1690  0.2500  0.0650  -1.7357   0.0000   1.3074
  -9.000   0.2373   0.03097   0.02468  -0.1721  0.2500  0.0716  -1.5152   0.0000   1.0022
  -8.500   0.3093   0.03163   0.02535  -0.1753  0.2500  0.0806  -1.3045   0.0000   0.8353
  -8.000   0.3803   0.03231   0.02606  -0.1783  0.2500  0.0916  -1.1039   0.0000   0.7320
  -7.500   0.4504   0.03303   0.02679  -0.1811  0.2500  0.1044  -0.9265   0.0000   0.6616
  -7.000   0.5225   0.03383   0.02764  -0.1842  0.2500  0.1237  -0.8642   0.0000   0.6095
  -6.500   0.5993   0.03480   0.02870  -0.1882  0.2500  0.1553  -0.9412   0.0000   0.5688
  -6.000   0.6844   0.03606   0.03009  -0.1937  0.2500  0.2114  -1.0262   0.0000   0.5360
  -5.500   0.7593   0.03713   0.03124  -0.1972  0.2500  0.2500  -1.1055   0.0000   0.5114
  -5.000   0.8163   0.03775   0.03183  -0.1973  0.2500  0.2500  -1.1774   0.0000   0.4923
  -4.500   0.8728   0.03837   0.03243  -0.1974  0.2500  0.2500  -1.2516   0.0000   0.4757
  -4.000   0.9288   0.03899   0.03304  -0.1974  0.2500  0.2500  -1.3264   0.0000   0.4611
  -3.500   0.9844   0.03961   0.03366  -0.1973  0.2500  0.2500  -1.4021   0.0000   0.4481
  -3.000   1.0396   0.04024   0.03429  -0.1971  0.2500  0.2500  -1.4815   0.0000   0.4365
  -2.500   1.0943   0.04088   0.03493  -0.1968  0.2500  0.2500  -1.5616   0.0000   0.4260
  -2.000   1.1487   0.04153   0.03559  -0.1964  0.2500  0.2500  -1.6468   0.0000   0.4164
  -1.500   1.2025   0.04218   0.03627  -0.1960  0.2500  0.2500  -1.7356   0.0000   0.4076
  -1.000   1.2558   0.04284   0.03695  -0.1954  0.2493  0.2500  -1.8249   0.0000   0.3995
  -0.500   1.3078   0.04351   0.03761  -0.1947  0.2425  0.2500  -1.9172   0.0000   0.3920
   0.000   1.3585   0.04420   0.03825  -0.1937  0.2342  0.2500  -2.0104   0.0000   0.3850
   0.500   1.4090   0.04489   0.03895  -0.1927  0.2278  0.2500  -2.1085   0.0000   0.3785
   1.000   1.4578   0.04563   0.03965  -0.1915  0.2183  0.2500  -2.2088   0.0000   0.3723
   1.500   1.5067   0.04639   0.04042  -0.1902  0.2119  0.2500  -2.3162   0.0000   0.3664
   2.000   1.5534   0.04725   0.04125  -0.1887  0.2048  0.2500  -2.4225   0.0000   0.3608
   2.500   1.5996   0.04816   0.04218  -0.1870  0.1997  0.2500  -2.5294   0.0000   0.3555
   3.000   1.6440   0.04912   0.04313  -0.1851  0.1911  0.2500  -2.6353   0.0000   0.3504
   3.500   1.6884   0.05008   0.04410  -0.1832  0.1844  0.2500  -2.7536   0.0000   0.3455
   4.000   1.7308   0.05113   0.04513  -0.1810  0.1756  0.2500  -2.8777   0.0000   0.3407
   4.500   1.7732   0.05219   0.04621  -0.1789  0.1689  0.2500  -3.0091   0.0000   0.3362
   5.000   1.8137   0.05337   0.04739  -0.1765  0.1614  0.2500  -3.1443   0.0000   0.3317
   5.500   1.8509   0.05476   0.04878  -0.1736  0.1533  0.2500  -3.2813   0.0000   0.3273
   6.000   1.8867   0.05625   0.05029  -0.1707  0.1455  0.2500  -3.4245   0.0000   0.3231
   6.500   1.9208   0.05781   0.05185  -0.1675  0.1368  0.2500  -3.5865   0.0000   0.3189
   7.000   1.9525   0.05953   0.05357  -0.1642  0.1280  0.2500  -3.7579   0.0000   0.3148
   7.500   1.9803   0.06160   0.05566  -0.1604  0.1203  0.2500  -3.9243   0.0000   0.3106
   8.000   2.0085   0.06363   0.05771  -0.1568  0.1127  0.2500  -4.1082   0.0000   0.3067
   8.500   2.0297   0.06622   0.06031  -0.1525  0.1034  0.2500  -4.2827   0.0000   0.3027
   9.000   2.0515   0.06878   0.06291  -0.1485  0.0962  0.2500  -4.4769   0.0000   0.2988
   9.500   2.0679   0.07187   0.06603  -0.1441  0.0892  0.2500  -4.6628   0.0000   0.2950
  10.000   2.0794   0.07544   0.06964  -0.1397  0.0807  0.2500  -4.8378   0.0000   0.2912
  10.500   2.0890   0.07928   0.07353  -0.1355  0.0740  0.2500  -5.0086   0.0000   0.2877
  11.000   2.0948   0.08358   0.07791  -0.1315  0.0686  0.2500  -5.1698   0.0000   0.2843
  11.500   2.0988   0.08819   0.08261  -0.1281  0.0636  0.2500  -5.3347   0.0000   0.2812
  12.000   2.1023   0.09295   0.08746  -0.1253  0.0594  0.2500  -5.5060   0.0000   0.2784
  12.500   2.1003   0.09836   0.09298  -0.1230  0.0551  0.2500  -5.6586   0.0000   0.2759
  13.000   2.0935   0.10435   0.09908  -0.1215  0.0507  0.2500  -5.7927   0.0000   0.2738
  13.500   2.0848   0.11067   0.10551  -0.1210  0.0468  0.2500  -5.9164   0.0000   0.2722
  14.000   2.0779   0.11687   0.11184  -0.1213  0.0438  0.2500  -6.0427   0.0000   0.2709
  14.500   2.0659   0.12373   0.11884  -0.1226  0.0409  0.2500  -6.1455   0.0000   0.2702
  15.000   2.0519   0.13087   0.12613  -0.1249  0.0383  0.2500  -6.2352   0.0000   0.2699
  15.500   2.0379   0.13805   0.13345  -0.1279  0.0363  0.2500  -6.3194   0.0000   0.2700
  16.000   2.0209   0.14568   0.14124  -0.1319  0.0344  0.2500  -6.3841   0.0000   0.2706
  16.500   2.0041   0.15333   0.14904  -0.1365  0.0329  0.2500  -6.4462   0.0000   0.2716
  17.000   1.9869   0.16105   0.15692  -0.1418  0.0312  0.2500  -6.5099   0.0000   0.2728
  17.500   1.9688   0.16890   0.16490  -0.1476  0.0296  0.2500  -6.5625   0.0000   0.2744
  18.000   1.9517   0.17664   0.17279  -0.1539  0.0280  0.2500  -6.6124   0.0000   0.2762
  18.500   1.9353   0.18424   0.18051  -0.1604  0.0265  0.2500  -6.6598   0.0000   0.2782
  19.000   1.9241   0.19102   0.18742  -0.1664  0.0252  0.2500  -6.7303   0.0000   0.2797
  19.500   1.9112   0.19804   0.19455  -0.1731  0.0238  0.2500  -6.7851   0.0000   0.2816
  20.000   1.9021   0.20444   0.20106  -0.1793  0.0227  0.2500  -6.8575   0.0000   0.2832
  20.500   1.8927   0.21085   0.20758  -0.1859  0.0215  0.2500  -6.9226   0.0000   0.2849
  21.000   1.8836   0.21716   0.21399  -0.1925  0.0204  0.2500  -6.9848   0.0000   0.2867
  21.500   1.8766   0.22308   0.22001  -0.1990  0.0193  0.2500  -7.0557   0.0000   0.2883
  22.000   1.8678   0.22922   0.22624  -0.2059  0.0182  0.2500  -7.1095   0.0000   0.2902
  22.500   1.8652   0.23419   0.23130  -0.2117  0.0173  0.2500  -7.2055   0.0000   0.2911
  23.000   1.8587   0.23980   0.23699  -0.2184  0.0164  0.2500  -7.2670   0.0000   0.2928
  23.500   1.8517   0.24541   0.24269  -0.2253  0.0156  0.2500  -7.3312   0.0000   0.2945
  24.000   1.8471   0.25053   0.24790  -0.2317  0.0149  0.2500  -7.4114   0.0000   0.2959
  24.500   1.8437   0.25532   0.25276  -0.2379  0.0141  0.2500  -7.4996   0.0000   0.2970
  25.000   1.8379   0.26046   0.25799  -0.2447  0.0134  0.2500  -7.5621   0.0000   0.2986


