xflr5 v6.47

 Calculated polar for: NACA24018_theta30_Ku4.5_Kl0.5_d0.31_delta11.03

 1 1 Reynolds number fixed          Mach number fixed         

 xtrf =   0.250 (top)        0.250 (bottom)
 Mach =   0.000     Re =     0.500 e 6     Ncrit =   5.000

  alpha     CL        CD       CDp       Cm    Top Xtr Bot Xtr   Cpmin    Chinge    XCp    
 ------- -------- --------- --------- -------- ------- ------- -------- --------- ---------
 -15.000  -0.3748   0.04688   0.04021  -0.1244  0.2500  0.0511  -4.1019   0.0000  -0.1199
 -14.500  -0.3061   0.04663   0.03984  -0.1290  0.2500  0.0537  -3.7694   0.0000  -0.2145
 -14.000  -0.2317   0.04664   0.03980  -0.1345  0.2500  0.0566  -3.4271   0.0000  -0.3830
 -13.500  -0.1591   0.04695   0.04001  -0.1392  0.2500  0.0598  -3.1102   0.0000  -0.6945
 -13.000  -0.0848   0.04748   0.04048  -0.1439  0.2500  0.0639  -2.8073   0.0000  -1.5672
 -12.500  -0.0092   0.04822   0.04118  -0.1487  0.2500  0.0685  -2.5191   0.0000  -16.9990
 -12.000   0.0651   0.04911   0.04203  -0.1531  0.2500  0.0741  -2.2428   0.0000   2.7257
 -11.500   0.1396   0.05016   0.04304  -0.1573  0.2500  0.0806  -1.9814   0.0000   1.4290
 -11.000   0.2147   0.05137   0.04423  -0.1615  0.2500  0.0889  -1.7342   0.0000   1.0322
 -10.500   0.2894   0.05271   0.04556  -0.1655  0.2500  0.0994  -1.4967   0.0000   0.8411
 -10.000   0.3634   0.05416   0.04700  -0.1693  0.2500  0.1123  -1.2801   0.0000   0.7289
  -9.500   0.4427   0.05593   0.04879  -0.1740  0.2500  0.1313  -1.0719   0.0000   0.6516
  -9.000   0.5240   0.05794   0.05084  -0.1790  0.2500  0.1596  -0.8714   0.0000   0.5970
  -8.500   0.6234   0.06095   0.05398  -0.1870  0.2500  0.2171  -0.8950   0.0000   0.5529
  -8.000   0.7029   0.06326   0.05631  -0.1913  0.2500  0.2500  -0.9744   0.0000   0.5234
  -7.500   0.7589   0.06450   0.05748  -0.1916  0.2500  0.2500  -1.0390   0.0000   0.5024
  -7.000   0.8138   0.06573   0.05865  -0.1917  0.2500  0.2500  -1.1041   0.0000   0.4842
  -6.500   0.8682   0.06696   0.05984  -0.1917  0.2500  0.2500  -1.1746   0.0000   0.4684
  -6.000   0.9219   0.06819   0.06104  -0.1915  0.2500  0.2500  -1.2462   0.0000   0.4544
  -5.500   0.9747   0.06941   0.06225  -0.1912  0.2500  0.2500  -1.3182   0.0000   0.4419
  -5.000   1.0267   0.07063   0.06346  -0.1908  0.2500  0.2500  -1.3903   0.0000   0.4307
  -4.500   1.0778   0.07183   0.06467  -0.1902  0.2500  0.2500  -1.4652   0.0000   0.4205
  -4.000   1.1283   0.07305   0.06589  -0.1896  0.2500  0.2500  -1.5448   0.0000   0.4112
  -3.500   1.1781   0.07426   0.06713  -0.1888  0.2500  0.2500  -1.6250   0.0000   0.4027
  -3.000   1.2271   0.07548   0.06838  -0.1879  0.2500  0.2500  -1.7088   0.0000   0.3948
  -2.500   1.2752   0.07672   0.06966  -0.1869  0.2500  0.2500  -1.7927   0.0000   0.3874
  -2.000   1.3223   0.07798   0.07097  -0.1857  0.2500  0.2500  -1.8764   0.0000   0.3806
  -1.500   1.3686   0.07924   0.07229  -0.1844  0.2500  0.2500  -1.9678   0.0000   0.3741
  -1.000   1.4141   0.08048   0.07360  -0.1831  0.2500  0.2500  -2.0598   0.0000   0.3680
  -0.500   1.4588   0.08171   0.07490  -0.1816  0.2500  0.2500  -2.1526   0.0000   0.3622
   0.000   1.5029   0.08293   0.07621  -0.1800  0.2500  0.2500  -2.2490   0.0000   0.3567
   0.500   1.5461   0.08415   0.07752  -0.1783  0.2500  0.2500  -2.3454   0.0000   0.3515
   1.000   1.5883   0.08537   0.07884  -0.1765  0.2497  0.2500  -2.4490   0.0000   0.3465
   1.500   1.6265   0.08684   0.08030  -0.1743  0.2413  0.2500  -2.5507   0.0000   0.3417
   2.000   1.6650   0.08826   0.08180  -0.1722  0.2343  0.2500  -2.6580   0.0000   0.3370
   2.500   1.6996   0.08993   0.08349  -0.1697  0.2258  0.2500  -2.7662   0.0000   0.3325
   3.000   1.7359   0.09143   0.08507  -0.1674  0.2189  0.2500  -2.8788   0.0000   0.3282
   3.500   1.7687   0.09311   0.08679  -0.1648  0.2112  0.2500  -2.9980   0.0000   0.3240
   4.000   1.8015   0.09476   0.08853  -0.1622  0.2041  0.2500  -3.1212   0.0000   0.3199
   4.500   1.8303   0.09673   0.09055  -0.1594  0.1967  0.2500  -3.2477   0.0000   0.3159
   5.000   1.8599   0.09853   0.09244  -0.1567  0.1893  0.2500  -3.3882   0.0000   0.3120
   5.500   1.8845   0.10075   0.09470  -0.1537  0.1816  0.2500  -3.5290   0.0000   0.3083
   6.000   1.9107   0.10281   0.09687  -0.1509  0.1744  0.2500  -3.6819   0.0000   0.3046
   6.500   1.9310   0.10533   0.09945  -0.1479  0.1666  0.2500  -3.8341   0.0000   0.3010
   7.000   1.9530   0.10770   0.10193  -0.1452  0.1590  0.2500  -3.9978   0.0000   0.2976
   7.500   1.9701   0.11052   0.10484  -0.1424  0.1519  0.2500  -4.1523   0.0000   0.2942
   8.000   1.9842   0.11361   0.10801  -0.1397  0.1439  0.2500  -4.3132   0.0000   0.2911
   8.500   1.9982   0.11668   0.11121  -0.1374  0.1366  0.2500  -4.4781   0.0000   0.2880
   9.000   2.0066   0.12032   0.11495  -0.1353  0.1293  0.2500  -4.6281   0.0000   0.2853
   9.500   2.0132   0.12412   0.11885  -0.1335  0.1216  0.2500  -4.7828   0.0000   0.2827
  10.000   2.0190   0.12799   0.12285  -0.1322  0.1150  0.2500  -4.9414   0.0000   0.2803
  10.500   2.0193   0.13248   0.12746  -0.1316  0.1085  0.2500  -5.0808   0.0000   0.2784
  11.000   2.0182   0.13710   0.13221  -0.1315  0.1015  0.2500  -5.2143   0.0000   0.2767
  11.500   2.0152   0.14194   0.13720  -0.1321  0.0952  0.2500  -5.3385   0.0000   0.2754
  12.000   2.0081   0.14727   0.14266  -0.1336  0.0894  0.2500  -5.4449   0.0000   0.2745
  12.500   1.9984   0.15293   0.14846  -0.1359  0.0837  0.2500  -5.5383   0.0000   0.2741
  13.000   1.9901   0.15844   0.15413  -0.1387  0.0785  0.2500  -5.6363   0.0000   0.2739
  13.500   1.9768   0.16459   0.16043  -0.1427  0.0735  0.2500  -5.7110   0.0000   0.2743
  14.000   1.9618   0.17096   0.16694  -0.1473  0.0686  0.2500  -5.7745   0.0000   0.2751
  14.500   1.9499   0.17694   0.17308  -0.1520  0.0640  0.2500  -5.8467   0.0000   0.2758
  15.000   1.9353   0.18333   0.17960  -0.1575  0.0599  0.2500  -5.9009   0.0000   0.2771
  15.500   1.9224   0.18945   0.18584  -0.1631  0.0559  0.2500  -5.9659   0.0000   0.2783
  16.000   1.9118   0.19524   0.19177  -0.1686  0.0523  0.2500  -6.0379   0.0000   0.2794
  16.500   1.8996   0.20123   0.19786  -0.1746  0.0490  0.2500  -6.0961   0.0000   0.2809
  17.000   1.8909   0.20664   0.20339  -0.1802  0.0456  0.2500  -6.1701   0.0000   0.2820
  17.500   1.8834   0.21182   0.20868  -0.1858  0.0428  0.2500  -6.2467   0.0000   0.2830
  18.000   1.8745   0.21716   0.21411  -0.1918  0.0400  0.2500  -6.3106   0.0000   0.2843
  18.500   1.8689   0.22192   0.21898  -0.1972  0.0375  0.2500  -6.3919   0.0000   0.2851
  19.000   1.8611   0.22698   0.22412  -0.2033  0.0351  0.2500  -6.4543   0.0000   0.2864
  19.500   1.8564   0.23142   0.22867  -0.2087  0.0328  0.2500  -6.5354   0.0000   0.2872
  20.000   1.8514   0.23585   0.23318  -0.2143  0.0308  0.2500  -6.6112   0.0000   0.2880
  20.500   1.8464   0.24021   0.23764  -0.2200  0.0288  0.2500  -6.6830   0.0000   0.2889


