xflr5 v6.47

 Calculated polar for: NACA24018_theta30_Ku4.5_Kl0.5_d0.07_delta1.57

 1 1 Reynolds number fixed          Mach number fixed         

 xtrf =   0.250 (top)        0.250 (bottom)
 Mach =   0.000     Re =     0.400 e 6     Ncrit =   5.000

  alpha     CL        CD       CDp       Cm    Top Xtr Bot Xtr   Cpmin    Chinge    XCp    
 ------- -------- --------- --------- -------- ------- ------- -------- --------- ---------
 -15.000  -0.7500   0.03599   0.02755  -0.1224  0.2500  0.0360  -5.5741   0.0000   0.0583
 -14.500  -0.7293   0.03358   0.02500  -0.1213  0.2500  0.0370  -5.3650   0.0000   0.0560
 -14.000  -0.7066   0.03147   0.02273  -0.1198  0.2500  0.0381  -5.1502   0.0000   0.0537
 -13.500  -0.6851   0.02945   0.02062  -0.1179  0.2500  0.0391  -4.9382   0.0000   0.0520
 -13.000  -0.6613   0.02775   0.01885  -0.1157  0.2500  0.0404  -4.7148   0.0000   0.0500
 -12.500  -0.6353   0.02630   0.01730  -0.1132  0.2500  0.0420  -4.4941   0.0000   0.0474
 -12.000  -0.6086   0.02500   0.01588  -0.1104  0.2500  0.0435  -4.2795   0.0000   0.0448
 -11.500  -0.5851   0.02367   0.01451  -0.1069  0.2500  0.0451  -4.0753   0.0000   0.0442
 -11.000  -0.5589   0.02261   0.01338  -0.1034  0.2500  0.0469  -3.8678   0.0000   0.0426
 -10.500  -0.5318   0.02169   0.01237  -0.0996  0.2500  0.0491  -3.6677   0.0000   0.0408
 -10.000  -0.5084   0.02074   0.01139  -0.0951  0.2500  0.0512  -3.4795   0.0000   0.0418
  -9.500  -0.4846   0.01996   0.01057  -0.0902  0.2500  0.0535  -3.2914   0.0000   0.0433
  -9.000  -0.4616   0.01932   0.00985  -0.0849  0.2500  0.0561  -3.1086   0.0000   0.0461
  -8.500  -0.4458   0.01865   0.00918  -0.0781  0.2500  0.0588  -2.9448   0.0000   0.0557
  -8.000  -0.4219   0.01807   0.00856  -0.0726  0.2500  0.0621  -2.7646   0.0000   0.0593
  -7.500  -0.3909   0.01746   0.00791  -0.0684  0.2500  0.0658  -2.5771   0.0000   0.0568
  -7.000  -0.3547   0.01692   0.00735  -0.0650  0.2500  0.0708  -2.3862   0.0000   0.0484
  -6.500  -0.3160   0.01639   0.00682  -0.0621  0.2500  0.0765  -2.1949   0.0000   0.0349
  -6.000  -0.2742   0.01594   0.00635  -0.0597  0.2500  0.0838  -2.0085   0.0000   0.0133
  -5.500  -0.2306   0.01552   0.00594  -0.0575  0.2500  0.0932  -1.8267   0.0000  -0.0195
  -5.000  -0.1854   0.01513   0.00557  -0.0556  0.2500  0.1057  -1.6496   0.0000  -0.0720
  -4.500  -0.1385   0.01475   0.00525  -0.0541  0.2500  0.1232  -1.4811   0.0000  -0.1658
  -4.000  -0.0901   0.01436   0.00495  -0.0529  0.2500  0.1509  -1.3152   0.0000  -0.3695
  -3.500  -0.0402   0.01379   0.00463  -0.0522  0.2500  0.2138  -1.1591   0.0000  -1.1096
  -3.000   0.0123   0.01353   0.00444  -0.0517  0.2500  0.2500  -1.0072   0.0000   4.5945
  -2.500   0.0650   0.01355   0.00437  -0.0509  0.2500  0.2500  -0.8684   0.0000   1.0539
  -2.000   0.1178   0.01359   0.00434  -0.0501  0.2500  0.2500  -0.8031   0.0000   0.6829
  -1.500   0.1705   0.01365   0.00434  -0.0494  0.2500  0.2500  -0.8616   0.0000   0.5415
  -1.000   0.2232   0.01373   0.00438  -0.0487  0.2500  0.2500  -0.9219   0.0000   0.4669
  -0.500   0.2756   0.01383   0.00445  -0.0479  0.2500  0.2500  -0.9840   0.0000   0.4208
   0.000   0.3277   0.01395   0.00455  -0.0471  0.2500  0.2500  -1.0494   0.0000   0.3894
   0.500   0.3795   0.01409   0.00468  -0.0462  0.2500  0.2500  -1.1175   0.0000   0.3666
   1.000   0.4312   0.01425   0.00485  -0.0454  0.2500  0.2500  -1.1863   0.0000   0.3492
   1.500   0.4826   0.01444   0.00504  -0.0445  0.2500  0.2500  -1.2555   0.0000   0.3355
   2.000   0.5337   0.01464   0.00527  -0.0437  0.2500  0.2500  -1.3287   0.0000   0.3243
   2.500   0.5845   0.01487   0.00553  -0.0427  0.2500  0.2500  -1.4026   0.0000   0.3150
   3.000   0.6345   0.01513   0.00583  -0.0417  0.2500  0.2500  -1.4795   0.0000   0.3070
   3.500   0.6839   0.01541   0.00617  -0.0406  0.2500  0.2500  -1.5575   0.0000   0.3001
   4.000   0.7328   0.01573   0.00655  -0.0395  0.2500  0.2500  -1.6399   0.0000   0.2940
   4.500   0.7812   0.01607   0.00697  -0.0383  0.2500  0.2500  -1.7248   0.0000   0.2886
   5.000   0.8288   0.01646   0.00744  -0.0370  0.2500  0.2500  -1.8124   0.0000   0.2836
   5.500   0.8754   0.01689   0.00796  -0.0357  0.2500  0.2500  -1.8996   0.0000   0.2791
   6.000   0.9214   0.01737   0.00854  -0.0342  0.2500  0.2500  -1.9889   0.0000   0.2749
   6.500   0.9656   0.01792   0.00917  -0.0326  0.2476  0.2500  -2.0801   0.0000   0.2709
   7.000   1.0069   0.01857   0.00987  -0.0307  0.2409  0.2500  -2.1730   0.0000   0.2669
   7.500   1.0483   0.01923   0.01061  -0.0289  0.2344  0.2500  -2.2721   0.0000   0.2632
   8.000   1.0867   0.02003   0.01146  -0.0267  0.2279  0.2500  -2.3703   0.0000   0.2595
   8.500   1.1256   0.02083   0.01237  -0.0248  0.2212  0.2500  -2.4743   0.0000   0.2562
   9.000   1.1608   0.02183   0.01343  -0.0225  0.2148  0.2500  -2.5814   0.0000   0.2528
   9.500   1.1966   0.02284   0.01455  -0.0205  0.2080  0.2500  -2.6903   0.0000   0.2498
  10.000   1.2284   0.02409   0.01589  -0.0182  0.2019  0.2500  -2.8020   0.0000   0.2466
  10.500   1.2608   0.02539   0.01731  -0.0162  0.1952  0.2500  -2.9196   0.0000   0.2438
  11.000   1.2886   0.02700   0.01900  -0.0140  0.1890  0.2500  -3.0405   0.0000   0.2409
  11.500   1.3170   0.02867   0.02081  -0.0121  0.1825  0.2500  -3.1656   0.0000   0.2383
  12.000   1.3403   0.03075   0.02300  -0.0101  0.1762  0.2500  -3.2904   0.0000   0.2358
  12.500   1.3630   0.03300   0.02538  -0.0085  0.1694  0.2500  -3.4248   0.0000   0.2334
  13.000   1.3816   0.03569   0.02820  -0.0070  0.1634  0.2500  -3.5548   0.0000   0.2312
  13.500   1.3974   0.03876   0.03140  -0.0058  0.1564  0.2500  -3.6866   0.0000   0.2293
  14.000   1.4107   0.04222   0.03501  -0.0050  0.1504  0.2500  -3.8152   0.0000   0.2276
  14.500   1.4182   0.04641   0.03934  -0.0046  0.1437  0.2500  -3.9314   0.0000   0.2261
  15.000   1.4246   0.05094   0.04403  -0.0047  0.1372  0.2500  -4.0433   0.0000   0.2249
  15.500   1.4209   0.05673   0.04995  -0.0054  0.1310  0.2500  -4.1319   0.0000   0.2242
  16.000   1.4208   0.06241   0.05582  -0.0066  0.1251  0.2500  -4.2320   0.0000   0.2237
  16.500   1.4068   0.06990   0.06345  -0.0086  0.1194  0.2500  -4.2862   0.0000   0.2239
  17.000   1.3986   0.07697   0.07073  -0.0110  0.1136  0.2500  -4.3592   0.0000   0.2243
  17.500   1.3782   0.08576   0.07966  -0.0144  0.1081  0.2500  -4.3864   0.0000   0.2255
  18.000   1.3639   0.09399   0.08808  -0.0179  0.1024  0.2500  -4.4289   0.0000   0.2268
  18.500   1.3433   0.10321   0.09744  -0.0223  0.0973  0.2500  -4.4423   0.0000   0.2289
  19.000   1.3282   0.11183   0.10622  -0.0268  0.0918  0.2500  -4.4697   0.0000   0.2310
  19.500   1.3128   0.12058   0.11510  -0.0318  0.0868  0.2500  -4.4889   0.0000   0.2337
  20.000   1.3002   0.12905   0.12369  -0.0371  0.0816  0.2500  -4.5189   0.0000   0.2365
  20.500   1.2912   0.13702   0.13178  -0.0423  0.0769  0.2500  -4.5604   0.0000   0.2393
  21.000   1.2816   0.14514   0.13999  -0.0481  0.0720  0.2500  -4.5932   0.0000   0.2426
  21.500   1.2774   0.15251   0.14749  -0.0535  0.0676  0.2500  -4.6446   0.0000   0.2455
  22.000   1.2713   0.16018   0.15521  -0.0595  0.0632  0.2500  -4.6827   0.0000   0.2489
  22.500   1.2699   0.16714   0.16231  -0.0652  0.0592  0.2500  -4.7447   0.0000   0.2519
  23.000   1.2673   0.17426   0.16946  -0.0713  0.0554  0.2500  -4.7992   0.0000   0.2553
  23.500   1.2674   0.18099   0.17633  -0.0772  0.0519  0.2500  -4.8623   0.0000   0.2584
  24.000   1.2683   0.18751   0.18288  -0.0832  0.0487  0.2500  -4.9282   0.0000   0.2614
  24.500   1.2690   0.19416   0.18969  -0.0894  0.0457  0.2500  -4.9841   0.0000   0.2647
  25.000   1.2713   0.20044   0.19599  -0.0955  0.0429  0.2500  -5.0498   0.0000   0.2677


