xflr5 v6.47

 Calculated polar for: NACA24018_theta30_Ku4.5_Kl0.5_d0.10_delta2.45

 1 1 Reynolds number fixed          Mach number fixed         

 xtrf =   0.250 (top)        0.250 (bottom)
 Mach =   0.000     Re =     0.300 e 6     Ncrit =   5.000

  alpha     CL        CD       CDp       Cm    Top Xtr Bot Xtr   Cpmin    Chinge    XCp    
 ------- -------- --------- --------- -------- ------- ------- -------- --------- ---------
 -15.000  -0.6964   0.03941   0.03070  -0.1216  0.2500  0.0403  -5.3020   0.0000   0.0462
 -14.500  -0.6801   0.03680   0.02792  -0.1201  0.2500  0.0414  -5.1219   0.0000   0.0451
 -14.000  -0.6623   0.03457   0.02561  -0.1184  0.2500  0.0426  -4.9248   0.0000   0.0440
 -13.500  -0.6424   0.03260   0.02354  -0.1162  0.2500  0.0440  -4.7235   0.0000   0.0428
 -13.000  -0.6209   0.03083   0.02161  -0.1137  0.2500  0.0456  -4.5227   0.0000   0.0414
 -12.500  -0.6004   0.02916   0.01986  -0.1107  0.2500  0.0469  -4.3326   0.0000   0.0408
 -12.000  -0.5789   0.02771   0.01835  -0.1075  0.2500  0.0485  -4.1372   0.0000   0.0404
 -11.500  -0.5564   0.02644   0.01697  -0.1039  0.2500  0.0505  -3.9426   0.0000   0.0400
 -11.000  -0.5358   0.02521   0.01567  -0.0998  0.2500  0.0524  -3.7548   0.0000   0.0413
 -10.500  -0.5160   0.02415   0.01456  -0.0952  0.2500  0.0545  -3.5680   0.0000   0.0438
 -10.000  -0.4974   0.02322   0.01354  -0.0900  0.2500  0.0570  -3.3935   0.0000   0.0482
  -9.500  -0.4833   0.02228   0.01258  -0.0839  0.2500  0.0593  -3.2342   0.0000   0.0564
  -9.000  -0.4552   0.02142   0.01166  -0.0800  0.2500  0.0625  -3.0434   0.0000   0.0546
  -8.500  -0.4218   0.02055   0.01076  -0.0770  0.2500  0.0660  -2.8440   0.0000   0.0481
  -8.000  -0.3825   0.01983   0.00996  -0.0748  0.2500  0.0706  -2.6425   0.0000   0.0349
  -7.500  -0.3400   0.01909   0.00922  -0.0732  0.2500  0.0758  -2.4403   0.0000   0.0147
  -7.000  -0.2936   0.01845   0.00856  -0.0722  0.2500  0.0823  -2.2349   0.0000  -0.0167
  -6.500  -0.2442   0.01790   0.00798  -0.0716  0.2500  0.0904  -2.0284   0.0000  -0.0657
  -6.000  -0.1924   0.01740   0.00749  -0.0714  0.2500  0.1012  -1.8254   0.0000  -0.1465
  -5.500  -0.1384   0.01695   0.00706  -0.0716  0.2500  0.1164  -1.6360   0.0000  -0.2980
  -5.000  -0.0823   0.01651   0.00670  -0.0722  0.2500  0.1396  -1.4535   0.0000  -0.6721
  -4.500  -0.0226   0.01602   0.00636  -0.0736  0.2500  0.1833  -1.2804   0.0000  -3.1410
  -4.000   0.0414   0.01554   0.00609  -0.0758  0.2500  0.2500  -1.1070   0.0000   2.1423
  -3.500   0.0979   0.01559   0.00602  -0.0759  0.2500  0.2500  -0.9567   0.0000   1.0462
  -3.000   0.1541   0.01567   0.00599  -0.0759  0.2500  0.2500  -0.8126   0.0000   0.7522
  -2.500   0.2101   0.01577   0.00601  -0.0759  0.2500  0.2500  -0.8421   0.0000   0.6155
  -2.000   0.2659   0.01590   0.00608  -0.0758  0.2500  0.2500  -0.9037   0.0000   0.5365
  -1.500   0.3214   0.01605   0.00618  -0.0757  0.2500  0.2500  -0.9663   0.0000   0.4849
  -1.000   0.3766   0.01623   0.00632  -0.0756  0.2500  0.2500  -1.0319   0.0000   0.4485
  -0.500   0.4313   0.01643   0.00650  -0.0753  0.2500  0.2500  -1.1012   0.0000   0.4214
   0.000   0.4855   0.01666   0.00673  -0.0750  0.2500  0.2500  -1.1708   0.0000   0.4003
   0.500   0.5391   0.01691   0.00699  -0.0746  0.2500  0.2500  -1.2414   0.0000   0.3834
   1.000   0.5923   0.01720   0.00729  -0.0742  0.2500  0.2500  -1.3152   0.0000   0.3694
   1.500   0.6448   0.01751   0.00763  -0.0736  0.2500  0.2500  -1.3894   0.0000   0.3576
   2.000   0.6969   0.01785   0.00802  -0.0730  0.2500  0.2500  -1.4665   0.0000   0.3476
   2.500   0.7483   0.01823   0.00844  -0.0723  0.2500  0.2500  -1.5480   0.0000   0.3388
   3.000   0.7989   0.01864   0.00892  -0.0715  0.2500  0.2500  -1.6306   0.0000   0.3310
   3.500   0.8485   0.01909   0.00945  -0.0705  0.2500  0.2500  -1.7130   0.0000   0.3241
   4.000   0.8974   0.01959   0.01003  -0.0695  0.2500  0.2500  -1.7985   0.0000   0.3177
   4.500   0.9455   0.02013   0.01066  -0.0684  0.2500  0.2500  -1.8886   0.0000   0.3120
   5.000   0.9928   0.02072   0.01135  -0.0672  0.2500  0.2500  -1.9797   0.0000   0.3067
   5.500   1.0389   0.02138   0.01212  -0.0659  0.2500  0.2500  -2.0702   0.0000   0.3017
   6.000   1.0843   0.02209   0.01295  -0.0645  0.2500  0.2500  -2.1687   0.0000   0.2971
   6.500   1.1293   0.02288   0.01385  -0.0631  0.2499  0.2500  -2.2687   0.0000   0.2928
   7.000   1.1713   0.02371   0.01482  -0.0614  0.2425  0.2500  -2.3687   0.0000   0.2886
   7.500   1.2081   0.02478   0.01594  -0.0590  0.2361  0.2500  -2.4677   0.0000   0.2843
   8.000   1.2471   0.02580   0.01711  -0.0571  0.2290  0.2500  -2.5771   0.0000   0.2805
   8.500   1.2798   0.02713   0.01849  -0.0546  0.2223  0.2500  -2.6816   0.0000   0.2765
   9.000   1.3154   0.02839   0.01993  -0.0525  0.2157  0.2500  -2.7931   0.0000   0.2729
   9.500   1.3445   0.03003   0.02165  -0.0499  0.2093  0.2500  -2.9041   0.0000   0.2693
  10.000   1.3756   0.03167   0.02346  -0.0478  0.2026  0.2500  -3.0278   0.0000   0.2660
  10.500   1.3999   0.03377   0.02565  -0.0454  0.1960  0.2500  -3.1480   0.0000   0.2627
  11.000   1.4266   0.03586   0.02794  -0.0434  0.1895  0.2500  -3.2774   0.0000   0.2598
  11.500   1.4458   0.03857   0.03075  -0.0412  0.1831  0.2500  -3.3973   0.0000   0.2569
  12.000   1.4669   0.04130   0.03368  -0.0396  0.1763  0.2500  -3.5334   0.0000   0.2543
  13.000   1.4945   0.04841   0.04112  -0.0369  0.1631  0.2500  -3.7862   0.0000   0.2498
  13.500   1.5004   0.05296   0.04581  -0.0361  0.1569  0.2500  -3.9001   0.0000   0.2480
  14.000   1.5075   0.05767   0.05074  -0.0360  0.1503  0.2500  -4.0204   0.0000   0.2466
  14.500   1.5070   0.06339   0.05662  -0.0363  0.1443  0.2500  -4.1213   0.0000   0.2456
  15.000   1.5040   0.06963   0.06306  -0.0373  0.1378  0.2500  -4.2133   0.0000   0.2450
  15.500   1.4963   0.07667   0.07029  -0.0390  0.1318  0.2500  -4.2912   0.0000   0.2449
  16.000   1.4830   0.08460   0.07841  -0.0415  0.1255  0.2500  -4.3477   0.0000   0.2455
  16.500   1.4703   0.09268   0.08669  -0.0445  0.1196  0.2500  -4.4006   0.0000   0.2464
  17.000   1.4514   0.10172   0.09587  -0.0485  0.1138  0.2500  -4.4269   0.0000   0.2481
  17.500   1.4378   0.11022   0.10459  -0.0527  0.1078  0.2500  -4.4678   0.0000   0.2499
  18.000   1.4221   0.11907   0.11358  -0.0576  0.1023  0.2500  -4.4955   0.0000   0.2523
  18.500   1.4083   0.12776   0.12243  -0.0629  0.0964  0.2500  -4.5229   0.0000   0.2550
  19.000   1.3971   0.13611   0.13093  -0.0684  0.0909  0.2500  -4.5564   0.0000   0.2578
  19.500   1.3873   0.14429   0.13918  -0.0742  0.0855  0.2500  -4.5962   0.0000   0.2608
  20.000   1.3789   0.15237   0.14743  -0.0802  0.0801  0.2500  -4.6357   0.0000   0.2640
  20.500   1.3729   0.16005   0.15521  -0.0863  0.0752  0.2500  -4.6842   0.0000   0.2671
  21.000   1.3685   0.16745   0.16268  -0.0924  0.0703  0.2500  -4.7360   0.0000   0.2702
  21.500   1.3645   0.17488   0.17026  -0.0987  0.0658  0.2500  -4.7816   0.0000   0.2735
  22.000   1.3644   0.18158   0.17701  -0.1047  0.0618  0.2500  -4.8465   0.0000   0.2763
  22.500   1.3623   0.18869   0.18425  -0.1113  0.0577  0.2500  -4.8920   0.0000   0.2795
  23.000   1.3620   0.19545   0.19110  -0.1177  0.0541  0.2500  -4.9436   0.0000   0.2826
  23.500   1.3645   0.20166   0.19738  -0.1238  0.0507  0.2500  -5.0096   0.0000   0.2852
  24.000   1.3625   0.20875   0.20460  -0.1308  0.0475  0.2500  -5.0363   0.0000   0.2888
  24.500   1.3707   0.21373   0.20958  -0.1362  0.0448  0.2500  -5.1422   0.0000   0.2903
  25.000   1.3653   0.22151   0.21755  -0.1441  0.0418  0.2500  -5.1334   0.0000   0.2948


