xflr5 v6.47

 Calculated polar for: NACA24018_theta30_Ku4.5_Kl0.5_d0.17_delta4.56

 1 1 Reynolds number fixed          Mach number fixed         

 xtrf =   0.250 (top)        0.250 (bottom)
 Mach =   0.000     Re =     4.000 e 6     Ncrit =   5.000

  alpha     CL        CD       CDp       Cm    Top Xtr Bot Xtr   Cpmin    Chinge    XCp    
 ------- -------- --------- --------- -------- ------- ------- -------- --------- ---------
 -15.000  -0.8779   0.01971   0.01376  -0.1107  0.2500  0.0250  -6.2339   0.0000   0.1002
 -14.500  -0.8247   0.01899   0.01301  -0.1118  0.2500  0.0259  -5.8698   0.0000   0.0910
 -14.000  -0.7677   0.01843   0.01242  -0.1133  0.2500  0.0265  -5.5007   0.0000   0.0791
 -13.500  -0.7068   0.01788   0.01185  -0.1154  0.2500  0.0278  -5.1312   0.0000   0.0633
 -13.000  -0.6442   0.01747   0.01142  -0.1176  0.2500  0.0289  -4.7770   0.0000   0.0437
 -12.500  -0.5798   0.01714   0.01107  -0.1199  0.2500  0.0300  -4.4270   0.0000   0.0188
 -12.000  -0.5133   0.01684   0.01076  -0.1227  0.2500  0.0318  -4.0809   0.0000  -0.0143
 -11.500  -0.4473   0.01665   0.01055  -0.1251  0.2500  0.0330  -3.7527   0.0000  -0.0565
 -11.000  -0.3791   0.01647   0.01037  -0.1280  0.2500  0.0352  -3.4363   0.0000  -0.1166
 -10.500  -0.3110   0.01637   0.01025  -0.1307  0.2500  0.0374  -3.1298   0.0000  -0.2029
 -10.000  -0.2423   0.01630   0.01018  -0.1335  0.2500  0.0399  -2.8335   0.0000  -0.3392
  -9.500  -0.1738   0.01627   0.01015  -0.1362  0.2500  0.0423  -2.5591   0.0000  -0.5823
  -9.000  -0.1051   0.01629   0.01017  -0.1389  0.2500  0.0455  -2.2937   0.0000  -1.1445
  -7.500   0.1021   0.01653   0.01045  -0.1470  0.2500  0.0597  -1.5743   0.0000   1.7450
  -7.000   0.1704   0.01667   0.01060  -0.1494  0.2500  0.0655  -1.3736   0.0000   1.1566
  -6.500   0.2388   0.01684   0.01079  -0.1519  0.2500  0.0730  -1.1841   0.0000   0.9047
  -6.000   0.3076   0.01704   0.01102  -0.1544  0.2500  0.0837  -1.0015   0.0000   0.7645
  -5.500   0.3765   0.01726   0.01129  -0.1569  0.2500  0.0968  -0.8298   0.0000   0.6754
  -5.000   0.4459   0.01752   0.01159  -0.1595  0.2500  0.1137  -0.8898   0.0000   0.6137
  -4.500   0.5172   0.01781   0.01195  -0.1625  0.2500  0.1385  -0.9650   0.0000   0.5680
  -4.000   0.5932   0.01817   0.01243  -0.1664  0.2500  0.1828  -1.0448   0.0000   0.5327
  -3.500   0.6757   0.01863   0.01305  -0.1716  0.2500  0.2500  -1.1305   0.0000   0.5048
  -3.000   0.7352   0.01890   0.01331  -0.1721  0.2500  0.2500  -1.2009   0.0000   0.4839
  -2.500   0.7944   0.01918   0.01358  -0.1726  0.2500  0.2500  -1.2773   0.0000   0.4661
  -2.000   0.8532   0.01946   0.01386  -0.1729  0.2500  0.2500  -1.3552   0.0000   0.4507
  -1.500   0.9117   0.01975   0.01415  -0.1732  0.2500  0.2500  -1.4373   0.0000   0.4373
  -1.000   0.9695   0.02006   0.01445  -0.1734  0.2460  0.2500  -1.5232   0.0000   0.4254
  -0.500   1.0265   0.02039   0.01474  -0.1735  0.2384  0.2500  -1.6095   0.0000   0.4148
   0.000   1.0829   0.02073   0.01505  -0.1734  0.2304  0.2500  -1.6963   0.0000   0.4052
   0.500   1.1386   0.02110   0.01539  -0.1732  0.2233  0.2500  -1.7851   0.0000   0.3965
   1.000   1.1935   0.02149   0.01576  -0.1729  0.2160  0.2500  -1.8799   0.0000   0.3885
   1.500   1.2475   0.02192   0.01614  -0.1724  0.2078  0.2500  -1.9751   0.0000   0.3812
   2.000   1.3013   0.02235   0.01658  -0.1719  0.2029  0.2500  -2.0770   0.0000   0.3743
   2.500   1.3538   0.02284   0.01703  -0.1712  0.1946  0.2500  -2.1807   0.0000   0.3679
   3.000   1.4063   0.02332   0.01751  -0.1704  0.1890  0.2500  -2.2858   0.0000   0.3620
   3.500   1.4570   0.02387   0.01803  -0.1693  0.1799  0.2500  -2.3941   0.0000   0.3563
   4.000   1.5079   0.02440   0.01856  -0.1683  0.1747  0.2500  -2.5083   0.0000   0.3510
   4.500   1.5569   0.02501   0.01915  -0.1670  0.1667  0.2500  -2.6271   0.0000   0.3458
   5.000   1.6049   0.02567   0.01979  -0.1655  0.1593  0.2500  -2.7514   0.0000   0.3409
   5.500   1.6520   0.02637   0.02048  -0.1639  0.1518  0.2500  -2.8820   0.0000   0.3362
   6.000   1.6964   0.02720   0.02130  -0.1619  0.1441  0.2500  -3.0112   0.0000   0.3316
   6.500   1.7379   0.02816   0.02223  -0.1594  0.1348  0.2500  -3.1476   0.0000   0.3271
   7.000   1.7787   0.02917   0.02322  -0.1568  0.1258  0.2500  -3.2946   0.0000   0.3227
   7.500   1.8184   0.03025   0.02428  -0.1542  0.1172  0.2500  -3.4544   0.0000   0.3184
   8.000   1.8540   0.03156   0.02557  -0.1509  0.1075  0.2500  -3.6186   0.0000   0.3141
   8.500   1.8885   0.03294   0.02695  -0.1476  0.1002  0.2500  -3.8025   0.0000   0.3099
   9.000   1.9223   0.03437   0.02838  -0.1442  0.0932  0.2500  -3.9897   0.0000   0.3059
   9.500   1.9506   0.03617   0.03018  -0.1402  0.0856  0.2500  -4.1681   0.0000   0.3017
  10.000   1.9768   0.03815   0.03216  -0.1360  0.0772  0.2500  -4.3488   0.0000   0.2977
  10.500   2.0012   0.04029   0.03432  -0.1318  0.0711  0.2500  -4.5450   0.0000   0.2937
  11.000   2.0213   0.04278   0.03683  -0.1273  0.0649  0.2500  -4.7373   0.0000   0.2897
  11.500   2.0394   0.04553   0.03962  -0.1228  0.0595  0.2500  -4.9267   0.0000   0.2859
  12.000   2.0527   0.04879   0.04292  -0.1183  0.0541  0.2500  -5.1089   0.0000   0.2821
  12.500   2.0631   0.05245   0.04665  -0.1140  0.0496  0.2500  -5.2901   0.0000   0.2785
  13.000   2.0700   0.05662   0.05088  -0.1099  0.0456  0.2500  -5.4722   0.0000   0.2752
  13.500   2.0731   0.06135   0.05569  -0.1063  0.0419  0.2500  -5.6433   0.0000   0.2721
  14.000   2.0719   0.06674   0.06118  -0.1033  0.0388  0.2500  -5.8003   0.0000   0.2693
  14.500   2.0684   0.07255   0.06710  -0.1009  0.0363  0.2500  -5.9485   0.0000   0.2668
  15.000   2.0617   0.07890   0.07358  -0.0994  0.0343  0.2500  -6.0845   0.0000   0.2648
  15.500   2.0492   0.08614   0.08094  -0.0987  0.0323  0.2500  -6.1966   0.0000   0.2633
  16.000   2.0367   0.09352   0.08847  -0.0989  0.0308  0.2500  -6.3045   0.0000   0.2622
  16.500   2.0161   0.10207   0.09717  -0.1003  0.0292  0.2500  -6.3774   0.0000   0.2618
  17.000   1.9975   0.11050   0.10576  -0.1027  0.0280  0.2500  -6.4547   0.0000   0.2617
  17.500   1.9748   0.11952   0.11493  -0.1061  0.0266  0.2500  -6.5080   0.0000   0.2623
  18.000   1.9513   0.12873   0.12430  -0.1104  0.0254  0.2500  -6.5493   0.0000   0.2635
  18.500   1.9306   0.13761   0.13333  -0.1153  0.0244  0.2500  -6.6038   0.0000   0.2648
  19.000   1.9082   0.14674   0.14260  -0.1210  0.0231  0.2500  -6.6414   0.0000   0.2666
  19.500   1.8871   0.15573   0.15173  -0.1273  0.0221  0.2500  -6.6763   0.0000   0.2688
  20.000   1.8704   0.16405   0.16017  -0.1335  0.0210  0.2500  -6.7270   0.0000   0.2708
  20.500   1.8532   0.17252   0.16877  -0.1402  0.0201  0.2500  -6.7661   0.0000   0.2732
  21.000   1.8412   0.18018   0.17654  -0.1467  0.0193  0.2500  -6.8277   0.0000   0.2753
  21.500   1.8303   0.18763   0.18410  -0.1533  0.0185  0.2500  -6.8900   0.0000   0.2774
  22.000   1.8211   0.19479   0.19136  -0.1600  0.0177  0.2500  -6.9562   0.0000   0.2795
  22.500   1.8176   0.20097   0.19762  -0.1659  0.0170  0.2500  -7.0543   0.0000   0.2809
  23.000   1.8119   0.20745   0.20419  -0.1724  0.0162  0.2500  -7.1343   0.0000   0.2828
  23.500   1.8046   0.21414   0.21096  -0.1794  0.0154  0.2500  -7.1984   0.0000   0.2849
  24.000   1.7995   0.22038   0.21730  -0.1861  0.0148  0.2500  -7.2736   0.0000   0.2868
  24.500   1.7934   0.22677   0.22377  -0.1931  0.0141  0.2500  -7.3367   0.0000   0.2889
  25.000   1.7874   0.23311   0.23020  -0.2003  0.0134  0.2500  -7.3942   0.0000   0.2911


