xflr5 v6.47

 Calculated polar for: NACA24018_theta30_Ku4.5_Kl0.5_d0.17_delta4.56

 1 1 Reynolds number fixed          Mach number fixed         

 xtrf =   0.250 (top)        0.250 (bottom)
 Mach =   0.000     Re =     1.750 e 6     Ncrit =   5.000

  alpha     CL        CD       CDp       Cm    Top Xtr Bot Xtr   Cpmin    Chinge    XCp    
 ------- -------- --------- --------- -------- ------- ------- -------- --------- ---------
 -15.000  -0.8639   0.02394   0.01737  -0.1066  0.2500  0.0287  -6.1276   0.0000   0.1028
 -14.500  -0.8343   0.02276   0.01613  -0.1045  0.2500  0.0293  -5.8536   0.0000   0.1017
 -14.000  -0.7929   0.02172   0.01503  -0.1041  0.2500  0.0302  -5.5434   0.0000   0.0961
 -13.500  -0.7442   0.02083   0.01411  -0.1046  0.2500  0.0314  -5.2136   0.0000   0.0870
 -13.000  -0.6898   0.02013   0.01336  -0.1058  0.2500  0.0327  -4.8850   0.0000   0.0742
 -12.500  -0.6317   0.01949   0.01269  -0.1076  0.2500  0.0341  -4.5541   0.0000   0.0572
 -12.000  -0.5707   0.01899   0.01215  -0.1096  0.2500  0.0358  -4.2224   0.0000   0.0350
 -11.500  -0.5078   0.01858   0.01171  -0.1118  0.2500  0.0375  -3.8944   0.0000   0.0061
 -11.000  -0.4430   0.01825   0.01135  -0.1142  0.2500  0.0398  -3.5834   0.0000  -0.0329
 -10.500  -0.3772   0.01798   0.01106  -0.1168  0.2500  0.0420  -3.2798   0.0000  -0.0866
 -10.000  -0.3109   0.01779   0.01085  -0.1193  0.2500  0.0445  -2.9843   0.0000  -0.1637
  -9.500  -0.2430   0.01764   0.01070  -0.1221  0.2500  0.0480  -2.7018   0.0000  -0.2874
  -9.000  -0.1748   0.01756   0.01060  -0.1248  0.2500  0.0516  -2.4337   0.0000  -0.5082
  -8.500  -0.1065   0.01752   0.01057  -0.1275  0.2500  0.0563  -2.1744   0.0000  -1.0132
  -8.000  -0.0380   0.01753   0.01058  -0.1302  0.2500  0.0617  -1.9268   0.0000  -3.3470
  -7.500   0.0307   0.01758   0.01064  -0.1328  0.2500  0.0678  -1.6969   0.0000   4.7682
  -7.000   0.0993   0.01767   0.01074  -0.1354  0.2500  0.0750  -1.4837   0.0000   1.6656
  -6.500   0.1690   0.01780   0.01090  -0.1383  0.2500  0.0855  -1.2877   0.0000   1.0943
  -6.000   0.2389   0.01796   0.01110  -0.1411  0.2500  0.0993  -1.0997   0.0000   0.8566
  -5.500   0.3093   0.01816   0.01135  -0.1440  0.2500  0.1170  -0.9189   0.0000   0.7259
  -5.000   0.3815   0.01840   0.01167  -0.1472  0.2500  0.1437  -0.8456   0.0000   0.6427
  -4.500   0.4642   0.01873   0.01217  -0.1525  0.2500  0.2040  -0.9276   0.0000   0.5829
  -4.000   0.5401   0.01908   0.01263  -0.1565  0.2500  0.2500  -1.0065   0.0000   0.5421
  -3.500   0.6002   0.01937   0.01290  -0.1571  0.2500  0.2500  -1.0754   0.0000   0.5129
  -3.000   0.6598   0.01968   0.01318  -0.1577  0.2500  0.2500  -1.1449   0.0000   0.4890
  -2.500   0.7189   0.01999   0.01349  -0.1582  0.2500  0.2500  -1.2176   0.0000   0.4690
  -2.000   0.7777   0.02032   0.01381  -0.1586  0.2500  0.2500  -1.2943   0.0000   0.4520
  -1.500   0.8359   0.02066   0.01415  -0.1589  0.2500  0.2500  -1.3730   0.0000   0.4373
  -1.000   0.8936   0.02101   0.01451  -0.1591  0.2500  0.2500  -1.4558   0.0000   0.4245
  -0.500   0.9509   0.02137   0.01488  -0.1592  0.2500  0.2500  -1.5410   0.0000   0.4131
   0.000   1.0076   0.02174   0.01527  -0.1592  0.2500  0.2500  -1.6268   0.0000   0.4030
   0.500   1.0638   0.02213   0.01569  -0.1592  0.2500  0.2500  -1.7132   0.0000   0.3939
   1.000   1.1191   0.02256   0.01612  -0.1589  0.2453  0.2500  -1.8053   0.0000   0.3856
   1.500   1.1733   0.02302   0.01657  -0.1585  0.2378  0.2500  -1.8994   0.0000   0.3780
   2.000   1.2267   0.02352   0.01705  -0.1580  0.2308  0.2500  -1.9955   0.0000   0.3710
   2.500   1.2793   0.02405   0.01757  -0.1574  0.2229  0.2500  -2.0978   0.0000   0.3645
   3.000   1.3311   0.02460   0.01812  -0.1566  0.2163  0.2500  -2.2005   0.0000   0.3584
   3.500   1.3816   0.02521   0.01873  -0.1555  0.2094  0.2500  -2.3035   0.0000   0.3526
   4.000   1.4305   0.02589   0.01942  -0.1543  0.2022  0.2500  -2.4135   0.0000   0.3471
   4.500   1.4783   0.02662   0.02016  -0.1529  0.1951  0.2500  -2.5248   0.0000   0.3419
   5.000   1.5255   0.02738   0.02093  -0.1514  0.1883  0.2500  -2.6440   0.0000   0.3370
   5.500   1.5711   0.02822   0.02177  -0.1496  0.1808  0.2500  -2.7671   0.0000   0.3322
   6.000   1.6166   0.02905   0.02263  -0.1479  0.1747  0.2500  -2.8958   0.0000   0.3277
   6.500   1.6582   0.03008   0.02366  -0.1456  0.1666  0.2500  -3.0225   0.0000   0.3231
   7.000   1.6981   0.03122   0.02481  -0.1431  0.1584  0.2500  -3.1600   0.0000   0.3187
   7.500   1.7383   0.03235   0.02598  -0.1407  0.1515  0.2500  -3.3102   0.0000   0.3145
   8.000   1.7746   0.03371   0.02735  -0.1378  0.1432  0.2500  -3.4670   0.0000   0.3103
   8.500   1.8080   0.03524   0.02889  -0.1346  0.1351  0.2500  -3.6293   0.0000   0.3062
   9.000   1.8397   0.03692   0.03059  -0.1312  0.1267  0.2500  -3.8082   0.0000   0.3021
   9.500   1.8673   0.03890   0.03258  -0.1275  0.1176  0.2500  -3.9812   0.0000   0.2981
  10.000   1.8938   0.04100   0.03473  -0.1238  0.1104  0.2500  -4.1542   0.0000   0.2942
  10.500   1.9183   0.04329   0.03707  -0.1200  0.1041  0.2500  -4.3345   0.0000   0.2903
  11.000   1.9378   0.04604   0.03987  -0.1160  0.0970  0.2500  -4.5162   0.0000   0.2866
  11.500   1.9511   0.04943   0.04330  -0.1118  0.0887  0.2500  -4.6877   0.0000   0.2829
  12.000   1.9631   0.05309   0.04703  -0.1080  0.0824  0.2500  -4.8571   0.0000   0.2794
  12.500   1.9710   0.05728   0.05131  -0.1044  0.0766  0.2500  -5.0194   0.0000   0.2762
  13.000   1.9744   0.06212   0.05625  -0.1013  0.0712  0.2500  -5.1715   0.0000   0.2732
  13.500   1.9737   0.06760   0.06183  -0.0987  0.0664  0.2500  -5.3201   0.0000   0.2706
  14.000   1.9675   0.07384   0.06819  -0.0967  0.0616  0.2500  -5.4518   0.0000   0.2684
  14.500   1.9578   0.08072   0.07521  -0.0956  0.0573  0.2500  -5.5690   0.0000   0.2666
  15.000   1.9449   0.08820   0.08284  -0.0956  0.0537  0.2500  -5.6716   0.0000   0.2654
  15.500   1.9269   0.09648   0.09128  -0.0966  0.0506  0.2500  -5.7502   0.0000   0.2649
  16.000   1.9058   0.10531   0.10028  -0.0987  0.0476  0.2500  -5.8109   0.0000   0.2650
  16.500   1.8867   0.11403   0.10917  -0.1017  0.0451  0.2500  -5.8712   0.0000   0.2655
  17.000   1.8624   0.12350   0.11880  -0.1059  0.0427  0.2500  -5.9026   0.0000   0.2667
  17.500   1.8407   0.13271   0.12819  -0.1108  0.0405  0.2500  -5.9358   0.0000   0.2683
  18.000   1.8184   0.14211   0.13774  -0.1165  0.0386  0.2500  -5.9601   0.0000   0.2704
  18.500   1.7986   0.15115   0.14693  -0.1226  0.0367  0.2500  -5.9886   0.0000   0.2727
  19.000   1.7823   0.15967   0.15559  -0.1288  0.0349  0.2500  -6.0253   0.0000   0.2750
  19.500   1.7680   0.16794   0.16399  -0.1352  0.0331  0.2500  -6.0652   0.0000   0.2774
  20.000   1.7542   0.17616   0.17234  -0.1420  0.0315  0.2500  -6.1093   0.0000   0.2800
  20.500   1.7443   0.18375   0.18003  -0.1486  0.0297  0.2500  -6.1693   0.0000   0.2824
  21.000   1.7360   0.19108   0.18747  -0.1553  0.0282  0.2500  -6.2318   0.0000   0.2847
  21.500   1.7298   0.19803   0.19452  -0.1618  0.0266  0.2500  -6.3024   0.0000   0.2869
  22.000   1.7239   0.20490   0.20148  -0.1686  0.0252  0.2500  -6.3693   0.0000   0.2892
  22.500   1.7202   0.21133   0.20801  -0.1751  0.0238  0.2500  -6.4460   0.0000   0.2912
  23.000   1.7169   0.21762   0.21438  -0.1818  0.0225  0.2500  -6.5213   0.0000   0.2932
  23.500   1.7137   0.22387   0.22072  -0.1885  0.0212  0.2500  -6.5925   0.0000   0.2953
  24.000   1.7091   0.23033   0.22726  -0.1957  0.0201  0.2500  -6.6485   0.0000   0.2977
  24.500   1.7078   0.23613   0.23316  -0.2023  0.0191  0.2500  -6.7251   0.0000   0.2996
  25.000   1.7048   0.24219   0.23930  -0.2094  0.0182  0.2500  -6.7838   0.0000   0.3018


