xflr5 v6.47

 Calculated polar for: NACA24018_theta30_Ku4.5_Kl0.5_d0.17_delta4.56

 1 1 Reynolds number fixed          Mach number fixed         

 xtrf =   0.250 (top)        0.250 (bottom)
 Mach =   0.000     Re =     1.500 e 6     Ncrit =   5.000

  alpha     CL        CD       CDp       Cm    Top Xtr Bot Xtr   Cpmin    Chinge    XCp    
 ------- -------- --------- --------- -------- ------- ------- -------- --------- ---------
 -15.000  -0.8426   0.02507   0.01837  -0.1083  0.2500  0.0295  -6.0369   0.0000   0.0972
 -14.500  -0.8282   0.02369   0.01693  -0.1041  0.2500  0.0301  -5.8198   0.0000   0.1011
 -14.000  -0.7926   0.02252   0.01571  -0.1030  0.2500  0.0311  -5.5306   0.0000   0.0974
 -13.500  -0.7474   0.02158   0.01472  -0.1030  0.2500  0.0323  -5.2134   0.0000   0.0899
 -13.000  -0.6956   0.02077   0.01386  -0.1039  0.2500  0.0335  -4.8944   0.0000   0.0784
 -12.500  -0.6395   0.02007   0.01313  -0.1054  0.2500  0.0351  -4.5696   0.0000   0.0629
 -12.000  -0.5802   0.01953   0.01253  -0.1072  0.2500  0.0365  -4.2432   0.0000   0.0426
 -11.500  -0.5180   0.01904   0.01202  -0.1094  0.2500  0.0385  -3.9173   0.0000   0.0155
 -11.000  -0.4547   0.01869   0.01162  -0.1116  0.2500  0.0406  -3.6088   0.0000  -0.0199
 -10.500  -0.3889   0.01836   0.01128  -0.1142  0.2500  0.0431  -3.3051   0.0000  -0.0699
 -10.000  -0.3229   0.01813   0.01103  -0.1167  0.2500  0.0456  -3.0099   0.0000  -0.1405
  -9.500  -0.2561   0.01797   0.01085  -0.1193  0.2500  0.0490  -2.7282   0.0000  -0.2491
  -9.000  -0.1879   0.01785   0.01072  -0.1221  0.2500  0.0528  -2.4596   0.0000  -0.4409
  -8.500  -0.1198   0.01779   0.01066  -0.1248  0.2500  0.0577  -2.1999   0.0000  -0.8507
  -8.000  -0.0514   0.01778   0.01065  -0.1275  0.2500  0.0632  -1.9511   0.0000  -2.3522
  -7.500   0.0170   0.01781   0.01069  -0.1301  0.2500  0.0692  -1.7208   0.0000   8.2252
  -7.000   0.0864   0.01788   0.01078  -0.1329  0.2500  0.0774  -1.5044   0.0000   1.8466
  -6.500   0.1556   0.01800   0.01092  -0.1356  0.2500  0.0880  -1.3077   0.0000   1.1502
  -6.000   0.2259   0.01815   0.01111  -0.1385  0.2500  0.1027  -1.1184   0.0000   0.8804
  -5.500   0.2965   0.01835   0.01136  -0.1415  0.2500  0.1216  -0.9362   0.0000   0.7382
  -5.000   0.3702   0.01859   0.01169  -0.1451  0.2500  0.1519  -0.8379   0.0000   0.6489
  -4.500   0.4570   0.01892   0.01225  -0.1513  0.2500  0.2262  -0.9226   0.0000   0.5854
  -4.000   0.5254   0.01924   0.01260  -0.1537  0.2500  0.2500  -0.9961   0.0000   0.5450
  -3.500   0.5856   0.01954   0.01287  -0.1543  0.2500  0.2500  -1.0649   0.0000   0.5147
  -3.000   0.6452   0.01985   0.01315  -0.1549  0.2500  0.2500  -1.1341   0.0000   0.4901
  -2.500   0.7044   0.02017   0.01346  -0.1554  0.2500  0.2500  -1.2062   0.0000   0.4696
  -2.000   0.7631   0.02050   0.01379  -0.1558  0.2500  0.2500  -1.2827   0.0000   0.4522
  -1.500   0.8214   0.02085   0.01414  -0.1562  0.2500  0.2500  -1.3609   0.0000   0.4373
  -1.000   0.8791   0.02120   0.01450  -0.1564  0.2500  0.2500  -1.4429   0.0000   0.4243
  -0.500   0.9362   0.02157   0.01488  -0.1565  0.2500  0.2500  -1.5278   0.0000   0.4128
   0.000   0.9929   0.02195   0.01529  -0.1565  0.2500  0.2500  -1.6133   0.0000   0.4026
   0.500   1.0490   0.02236   0.01572  -0.1564  0.2500  0.2500  -1.6994   0.0000   0.3934
   1.000   1.1046   0.02278   0.01617  -0.1563  0.2500  0.2500  -1.7908   0.0000   0.3850
   1.500   1.1590   0.02325   0.01665  -0.1559  0.2435  0.2500  -1.8847   0.0000   0.3774
   2.000   1.2121   0.02377   0.01715  -0.1553  0.2359  0.2500  -1.9795   0.0000   0.3703
   2.500   1.2648   0.02430   0.01768  -0.1547  0.2289  0.2500  -2.0815   0.0000   0.3638
   3.000   1.3157   0.02490   0.01827  -0.1538  0.2208  0.2500  -2.1830   0.0000   0.3576
   3.500   1.3659   0.02553   0.01892  -0.1527  0.2151  0.2500  -2.2850   0.0000   0.3518
   4.000   1.4143   0.02625   0.01963  -0.1514  0.2069  0.2500  -2.3936   0.0000   0.3463
   4.500   1.4628   0.02696   0.02037  -0.1501  0.2009  0.2500  -2.5046   0.0000   0.3411
   5.000   1.5091   0.02778   0.02118  -0.1485  0.1926  0.2500  -2.6221   0.0000   0.3362
   5.500   1.5558   0.02857   0.02201  -0.1470  0.1867  0.2500  -2.7452   0.0000   0.3314
   6.000   1.5992   0.02953   0.02297  -0.1450  0.1793  0.2500  -2.8705   0.0000   0.3268
   6.500   1.6417   0.03053   0.02401  -0.1428  0.1727  0.2500  -2.9965   0.0000   0.3223
   7.000   1.6821   0.03166   0.02516  -0.1404  0.1646  0.2500  -3.1342   0.0000   0.3179
   7.500   1.7205   0.03291   0.02642  -0.1378  0.1566  0.2500  -3.2787   0.0000   0.3137
   8.000   1.7570   0.03427   0.02782  -0.1350  0.1493  0.2500  -3.4338   0.0000   0.3095
   8.500   1.7916   0.03576   0.02934  -0.1320  0.1411  0.2500  -3.5952   0.0000   0.3054
   9.000   1.8228   0.03749   0.03110  -0.1286  0.1339  0.2500  -3.7710   0.0000   0.3014
   9.500   1.8513   0.03944   0.03308  -0.1251  0.1250  0.2500  -3.9451   0.0000   0.2974
  10.000   1.8759   0.04170   0.03537  -0.1213  0.1165  0.2500  -4.1130   0.0000   0.2934
  10.500   1.8987   0.04416   0.03787  -0.1175  0.1096  0.2500  -4.2853   0.0000   0.2896
  11.000   1.9196   0.04686   0.04065  -0.1137  0.1033  0.2500  -4.4678   0.0000   0.2859
  11.500   1.9341   0.05021   0.04406  -0.1098  0.0957  0.2500  -4.6414   0.0000   0.2823
  12.000   1.9435   0.05415   0.04807  -0.1060  0.0882  0.2500  -4.8024   0.0000   0.2789
  12.500   1.9514   0.05843   0.05244  -0.1026  0.0824  0.2500  -4.9620   0.0000   0.2757
  13.000   1.9544   0.06338   0.05749  -0.0997  0.0767  0.2500  -5.1114   0.0000   0.2729
  13.500   1.9529   0.06901   0.06323  -0.0973  0.0716  0.2500  -5.2520   0.0000   0.2704
  14.000   1.9464   0.07536   0.06972  -0.0956  0.0669  0.2500  -5.3806   0.0000   0.2683
  14.500   1.9357   0.08244   0.07694  -0.0948  0.0624  0.2500  -5.4923   0.0000   0.2667
  15.000   1.9224   0.09003   0.08468  -0.0951  0.0584  0.2500  -5.5908   0.0000   0.2657
  15.500   1.9046   0.09834   0.09315  -0.0963  0.0550  0.2500  -5.6677   0.0000   0.2653
  16.000   1.8813   0.10754   0.10253  -0.0989  0.0518  0.2500  -5.7168   0.0000   0.2657
  16.500   1.8610   0.11647   0.11163  -0.1023  0.0490  0.2500  -5.7690   0.0000   0.2664
  17.000   1.8376   0.12589   0.12122  -0.1067  0.0465  0.2500  -5.8002   0.0000   0.2678
  17.500   1.8149   0.13532   0.13082  -0.1120  0.0440  0.2500  -5.8249   0.0000   0.2697
  18.000   1.7938   0.14459   0.14024  -0.1178  0.0418  0.2500  -5.8491   0.0000   0.2719
  18.500   1.7745   0.15357   0.14936  -0.1240  0.0394  0.2500  -5.8761   0.0000   0.2743
  19.000   1.7586   0.16212   0.15806  -0.1303  0.0375  0.2500  -5.9107   0.0000   0.2768
  19.500   1.7439   0.17051   0.16656  -0.1370  0.0355  0.2500  -5.9439   0.0000   0.2794
  20.000   1.7353   0.17796   0.17413  -0.1432  0.0337  0.2500  -6.0083   0.0000   0.2815
  20.500   1.7252   0.18563   0.18191  -0.1500  0.0318  0.2500  -6.0630   0.0000   0.2841
  21.000   1.7189   0.19267   0.18906  -0.1565  0.0301  0.2500  -6.1344   0.0000   0.2863
  21.500   1.7117   0.19985   0.19633  -0.1633  0.0284  0.2500  -6.1942   0.0000   0.2887
  22.000   1.7077   0.20643   0.20302  -0.1698  0.0269  0.2500  -6.2700   0.0000   0.2908
  22.500   1.7025   0.21318   0.20985  -0.1768  0.0254  0.2500  -6.3324   0.0000   0.2932
  23.000   1.6999   0.21940   0.21617  -0.1833  0.0239  0.2500  -6.4088   0.0000   0.2952
  23.500   1.6963   0.22577   0.22262  -0.1903  0.0226  0.2500  -6.4728   0.0000   0.2975
  24.000   1.6964   0.23139   0.22833  -0.1966  0.0214  0.2500  -6.5612   0.0000   0.2991
  24.500   1.6924   0.23774   0.23475  -0.2038  0.0202  0.2500  -6.6129   0.0000   0.3015
  25.000   1.6923   0.24331   0.24041  -0.2104  0.0192  0.2500  -6.6910   0.0000   0.3033


