xflr5 v6.47

 Calculated polar for: NACA24018_theta30_Ku4.5_Kl0.5_d0.28_delta9.02

 1 1 Reynolds number fixed          Mach number fixed         

 xtrf =   0.250 (top)        0.250 (bottom)
 Mach =   0.000     Re =     1.250 e 6     Ncrit =   5.000

  alpha     CL        CD       CDp       Cm    Top Xtr Bot Xtr   Cpmin    Chinge    XCp    
 ------- -------- --------- --------- -------- ------- ------- -------- --------- ---------
 -15.000  -0.4622   0.03605   0.02987  -0.1360  0.2500  0.0393  -4.5559   0.0000  -0.0792
 -14.500  -0.3937   0.03594   0.02970  -0.1399  0.2500  0.0410  -4.2145   0.0000  -0.1434
 -14.000  -0.3214   0.03598   0.02970  -0.1444  0.2500  0.0431  -3.8716   0.0000  -0.2423
 -13.500  -0.2509   0.03620   0.02986  -0.1482  0.2500  0.0456  -3.5423   0.0000  -0.3917
 -13.000  -0.1779   0.03654   0.03018  -0.1524  0.2500  0.0485  -3.2168   0.0000  -0.6727
 -12.500  -0.1061   0.03698   0.03058  -0.1562  0.2500  0.0512  -2.9050   0.0000  -1.3241
 -12.000  -0.0335   0.03754   0.03111  -0.1600  0.2500  0.0549  -2.6015   0.0000  -4.8293
 -11.500   0.0388   0.03819   0.03175  -0.1636  0.2500  0.0592  -2.3288   0.0000   4.7077
 -11.000   0.1108   0.03893   0.03248  -0.1672  0.2500  0.0641  -2.0724   0.0000   1.8334
 -10.500   0.1830   0.03976   0.03329  -0.1707  0.2500  0.0702  -1.8245   0.0000   1.2231
 -10.000   0.2548   0.04065   0.03418  -0.1740  0.2500  0.0775  -1.5870   0.0000   0.9591
  -9.500   0.3260   0.04160   0.03514  -0.1771  0.2500  0.0863  -1.3685   0.0000   0.8115
  -9.000   0.3973   0.04263   0.03617  -0.1803  0.2500  0.0973  -1.1623   0.0000   0.7166
  -8.500   0.4712   0.04381   0.03738  -0.1838  0.2500  0.1130  -0.9711   0.0000   0.6493
  -8.000   0.5454   0.04508   0.03870  -0.1874  0.2500  0.1342  -0.8636   0.0000   0.6000
  -7.500   0.6232   0.04655   0.04025  -0.1915  0.2500  0.1683  -0.9240   0.0000   0.5617
  -7.000   0.7205   0.04885   0.04272  -0.1991  0.2500  0.2429  -1.0182   0.0000   0.5288
  -6.500   0.7802   0.04985   0.04369  -0.1998  0.2500  0.2500  -1.0866   0.0000   0.5074
  -6.000   0.8358   0.05072   0.04453  -0.1999  0.2500  0.2500  -1.1548   0.0000   0.4892
  -5.500   0.8909   0.05160   0.04539  -0.1998  0.2500  0.2500  -1.2251   0.0000   0.4733
  -5.000   0.9454   0.05247   0.04625  -0.1996  0.2500  0.2500  -1.2987   0.0000   0.4592
  -4.500   0.9994   0.05335   0.04712  -0.1993  0.2500  0.2500  -1.3736   0.0000   0.4466
  -4.000   1.0529   0.05423   0.04800  -0.1990  0.2500  0.2500  -1.4517   0.0000   0.4353
  -3.500   1.1060   0.05512   0.04889  -0.1985  0.2500  0.2500  -1.5304   0.0000   0.4250
  -3.000   1.1585   0.05602   0.04980  -0.1979  0.2500  0.2500  -1.6104   0.0000   0.4156
  -2.500   1.2104   0.05691   0.05071  -0.1973  0.2500  0.2500  -1.6948   0.0000   0.4070
  -2.000   1.2615   0.05780   0.05163  -0.1965  0.2500  0.2500  -1.7822   0.0000   0.3990
  -1.500   1.3118   0.05870   0.05256  -0.1956  0.2500  0.2500  -1.8727   0.0000   0.3915
  -1.000   1.3614   0.05961   0.05350  -0.1945  0.2500  0.2500  -1.9648   0.0000   0.3846
  -0.500   1.4102   0.06053   0.05447  -0.1934  0.2488  0.2500  -2.0572   0.0000   0.3781
   0.000   1.4574   0.06152   0.05546  -0.1920  0.2419  0.2500  -2.1521   0.0000   0.3719
   0.500   1.5027   0.06257   0.05650  -0.1903  0.2333  0.2500  -2.2514   0.0000   0.3661
   1.000   1.5476   0.06365   0.05758  -0.1886  0.2259  0.2500  -2.3516   0.0000   0.3605
   1.500   1.5914   0.06475   0.05868  -0.1868  0.2186  0.2500  -2.4539   0.0000   0.3552
   2.000   1.6350   0.06586   0.05980  -0.1849  0.2114  0.2500  -2.5640   0.0000   0.3501
   2.500   1.6770   0.06703   0.06098  -0.1828  0.2037  0.2500  -2.6739   0.0000   0.3452
   3.000   1.7188   0.06822   0.06219  -0.1808  0.1972  0.2500  -2.7891   0.0000   0.3405
   3.500   1.7583   0.06951   0.06348  -0.1784  0.1896  0.2500  -2.9103   0.0000   0.3359
   4.000   1.7965   0.07088   0.06489  -0.1759  0.1823  0.2500  -3.0332   0.0000   0.3315
   4.500   1.8315   0.07245   0.06648  -0.1731  0.1749  0.2500  -3.1632   0.0000   0.3271
   5.000   1.8658   0.07403   0.06807  -0.1702  0.1667  0.2500  -3.3011   0.0000   0.3229
   5.500   1.8998   0.07562   0.06970  -0.1673  0.1595  0.2500  -3.4475   0.0000   0.3188
   6.000   1.9296   0.07752   0.07161  -0.1640  0.1511  0.2500  -3.6072   0.0000   0.3148
   6.500   1.9575   0.07958   0.07371  -0.1606  0.1426  0.2500  -3.7684   0.0000   0.3108
   7.000   1.9845   0.08166   0.07582  -0.1573  0.1340  0.2500  -3.9355   0.0000   0.3069
   7.500   2.0074   0.08412   0.07832  -0.1537  0.1271  0.2500  -4.1037   0.0000   0.3031
   8.000   2.0291   0.08665   0.08088  -0.1501  0.1191  0.2500  -4.2848   0.0000   0.2994
   8.500   2.0470   0.08955   0.08384  -0.1464  0.1111  0.2500  -4.4608   0.0000   0.2957
   9.000   2.0623   0.09270   0.08703  -0.1428  0.1035  0.2500  -4.6363   0.0000   0.2922
   9.500   2.0738   0.09622   0.09061  -0.1393  0.0959  0.2500  -4.8109   0.0000   0.2889
  10.000   2.0821   0.10008   0.09453  -0.1360  0.0890  0.2500  -4.9822   0.0000   0.2857
  10.500   2.0872   0.10430   0.09884  -0.1331  0.0825  0.2500  -5.1460   0.0000   0.2827
  11.000   2.0910   0.10870   0.10332  -0.1308  0.0763  0.2500  -5.3152   0.0000   0.2800
  11.500   2.0908   0.11356   0.10829  -0.1290  0.0707  0.2500  -5.4703   0.0000   0.2776
  12.000   2.0876   0.11879   0.11362  -0.1279  0.0655  0.2500  -5.6134   0.0000   0.2756
  12.500   2.0812   0.12441   0.11934  -0.1277  0.0606  0.2500  -5.7423   0.0000   0.2740
  13.000   2.0755   0.12996   0.12503  -0.1281  0.0565  0.2500  -5.8709   0.0000   0.2727
  13.500   2.0661   0.13597   0.13118  -0.1295  0.0529  0.2500  -5.9819   0.0000   0.2719
  14.000   2.0522   0.14261   0.13795  -0.1320  0.0493  0.2500  -6.0698   0.0000   0.2717
  14.500   2.0397   0.14912   0.14462  -0.1351  0.0461  0.2500  -6.1578   0.0000   0.2717
  15.000   2.0229   0.15623   0.15187  -0.1393  0.0432  0.2500  -6.2216   0.0000   0.2723
  15.500   2.0066   0.16331   0.15911  -0.1440  0.0405  0.2500  -6.2807   0.0000   0.2732
  16.000   1.9899   0.17046   0.16641  -0.1493  0.0384  0.2500  -6.3311   0.0000   0.2744
  16.500   1.9727   0.17767   0.17378  -0.1552  0.0363  0.2500  -6.3729   0.0000   0.2759
  17.000   1.9578   0.18452   0.18076  -0.1610  0.0344  0.2500  -6.4285   0.0000   0.2774
  17.500   1.9442   0.19118   0.18755  -0.1670  0.0324  0.2500  -6.4856   0.0000   0.2789
  18.000   1.9298   0.19794   0.19444  -0.1735  0.0307  0.2500  -6.5317   0.0000   0.2806
  18.500   1.9190   0.20413   0.20075  -0.1796  0.0290  0.2500  -6.5933   0.0000   0.2821
  19.000   1.9078   0.21036   0.20709  -0.1860  0.0275  0.2500  -6.6462   0.0000   0.2837
  19.500   1.9008   0.21584   0.21267  -0.1918  0.0259  0.2500  -6.7222   0.0000   0.2849
  20.000   1.8910   0.22172   0.21865  -0.1984  0.0244  0.2500  -6.7743   0.0000   0.2865
  20.500   1.8845   0.22700   0.22403  -0.2044  0.0231  0.2500  -6.8551   0.0000   0.2877
  21.000   1.8751   0.23269   0.22981  -0.2111  0.0217  0.2500  -6.9107   0.0000   0.2895
  21.500   1.8701   0.23759   0.23481  -0.2171  0.0206  0.2500  -6.9941   0.0000   0.2905
  22.000   1.8649   0.24243   0.23973  -0.2231  0.0193  0.2500  -7.0736   0.0000   0.2916
  22.500   1.8596   0.24720   0.24459  -0.2292  0.0184  0.2500  -7.1535   0.0000   0.2928
  23.000   1.8540   0.25194   0.24942  -0.2355  0.0173  0.2500  -7.2275   0.0000   0.2940
  23.500   1.8471   0.25683   0.25439  -0.2421  0.0163  0.2500  -7.2856   0.0000   0.2954
  24.000   1.8448   0.26078   0.25842  -0.2476  0.0154  0.2500  -7.3833   0.0000   0.2960


