xflr5 v6.47

 Calculated polar for: NACA24018_theta30_Ku4.5_Kl0.5_d0.17_delta4.56

 1 1 Reynolds number fixed          Mach number fixed         

 xtrf =   0.250 (top)        0.250 (bottom)
 Mach =   0.000     Re =     0.900 e 6     Ncrit =   5.000

  alpha     CL        CD       CDp       Cm    Top Xtr Bot Xtr   Cpmin    Chinge    XCp    
 ------- -------- --------- --------- -------- ------- ------- -------- --------- ---------
 -15.000  -0.7685   0.02924   0.02208  -0.1136  0.2500  0.0330  -5.7150   0.0000   0.0763
 -14.500  -0.7627   0.02751   0.02030  -0.1090  0.2500  0.0339  -5.5375   0.0000   0.0826
 -14.000  -0.7650   0.02599   0.01873  -0.1025  0.2500  0.0346  -5.3860   0.0000   0.0930
 -13.500  -0.7402   0.02467   0.01734  -0.0998  0.2500  0.0357  -5.1444   0.0000   0.0928
 -13.000  -0.7023   0.02355   0.01613  -0.0989  0.2500  0.0368  -4.8756   0.0000   0.0872
 -12.500  -0.6569   0.02249   0.01503  -0.0991  0.2500  0.0383  -4.5875   0.0000   0.0774
 -12.000  -0.6047   0.02169   0.01416  -0.1001  0.2500  0.0401  -4.2845   0.0000   0.0627
 -11.500  -0.5483   0.02096   0.01339  -0.1016  0.2500  0.0420  -3.9768   0.0000   0.0425
 -11.000  -0.4887   0.02040   0.01278  -0.1035  0.2500  0.0442  -3.6753   0.0000   0.0154
 -10.500  -0.4263   0.01990   0.01225  -0.1057  0.2500  0.0467  -3.3806   0.0000  -0.0220
 -10.000  -0.3624   0.01952   0.01183  -0.1080  0.2500  0.0498  -3.0903   0.0000  -0.0740
  -9.500  -0.2973   0.01923   0.01150  -0.1105  0.2500  0.0533  -2.8075   0.0000  -0.1504
  -9.000  -0.2307   0.01900   0.01125  -0.1131  0.2500  0.0577  -2.5410   0.0000  -0.2741
  -8.500  -0.1633   0.01884   0.01108  -0.1158  0.2500  0.0627  -2.2815   0.0000  -0.5028
  -8.000  -0.0953   0.01874   0.01098  -0.1186  0.2500  0.0686  -2.0299   0.0000  -1.0605
  -7.500  -0.0270   0.01870   0.01093  -0.1213  0.2500  0.0756  -1.7970   0.0000  -4.4472
  -7.000   0.0423   0.01871   0.01096  -0.1242  0.2500  0.0853  -1.5752   0.0000   3.3028
  -6.500   0.1120   0.01877   0.01105  -0.1271  0.2500  0.0976  -1.3720   0.0000   1.4246
  -6.000   0.1828   0.01888   0.01120  -0.1302  0.2500  0.1148  -1.1801   0.0000   0.9834
  -5.500   0.2556   0.01904   0.01144  -0.1337  0.2500  0.1409  -0.9926   0.0000   0.7857
  -5.000   0.3361   0.01925   0.01182  -0.1387  0.2500  0.1942  -0.8151   0.0000   0.6706
  -4.500   0.4157   0.01955   0.01226  -0.1435  0.2500  0.2500  -0.8939   0.0000   0.6000
  -4.000   0.4763   0.01984   0.01250  -0.1443  0.2500  0.2500  -0.9614   0.0000   0.5558
  -3.500   0.5365   0.02015   0.01277  -0.1450  0.2500  0.2500  -1.0296   0.0000   0.5217
  -3.000   0.5962   0.02047   0.01306  -0.1457  0.2500  0.2500  -1.0982   0.0000   0.4944
  -2.500   0.6554   0.02081   0.01338  -0.1462  0.2500  0.2500  -1.1678   0.0000   0.4721
  -2.000   0.7140   0.02117   0.01373  -0.1466  0.2500  0.2500  -1.2435   0.0000   0.4534
  -1.500   0.7721   0.02153   0.01409  -0.1469  0.2500  0.2500  -1.3197   0.0000   0.4375
  -1.000   0.8296   0.02192   0.01449  -0.1471  0.2500  0.2500  -1.3996   0.0000   0.4237
  -0.500   0.8865   0.02232   0.01491  -0.1472  0.2500  0.2500  -1.4830   0.0000   0.4117
   0.000   0.9427   0.02275   0.01536  -0.1472  0.2500  0.2500  -1.5673   0.0000   0.4011
   0.500   0.9983   0.02320   0.01584  -0.1471  0.2500  0.2500  -1.6520   0.0000   0.3915
   1.000   1.0533   0.02367   0.01636  -0.1469  0.2500  0.2500  -1.7396   0.0000   0.3829
   1.500   1.1074   0.02418   0.01691  -0.1465  0.2500  0.2500  -1.8320   0.0000   0.3751
   2.000   1.1604   0.02473   0.01752  -0.1459  0.2500  0.2500  -1.9244   0.0000   0.3679
   2.500   1.2120   0.02534   0.01816  -0.1451  0.2470  0.2500  -2.0221   0.0000   0.3612
   3.000   1.2628   0.02598   0.01884  -0.1443  0.2402  0.2500  -2.1224   0.0000   0.3549
   3.500   1.3117   0.02672   0.01957  -0.1431  0.2323  0.2500  -2.2217   0.0000   0.3491
   4.000   1.3609   0.02744   0.02034  -0.1420  0.2256  0.2500  -2.3274   0.0000   0.3435
   4.500   1.4075   0.02829   0.02119  -0.1405  0.2183  0.2500  -2.4345   0.0000   0.3383
   5.000   1.4537   0.02914   0.02209  -0.1389  0.2113  0.2500  -2.5478   0.0000   0.3333
   5.500   1.4970   0.03016   0.02313  -0.1370  0.2043  0.2500  -2.6630   0.0000   0.3284
   6.000   1.5406   0.03116   0.02418  -0.1351  0.1973  0.2500  -2.7849   0.0000   0.3238
   6.500   1.5818   0.03230   0.02536  -0.1329  0.1906  0.2500  -2.9070   0.0000   0.3193
   7.000   1.6212   0.03354   0.02666  -0.1306  0.1837  0.2500  -3.0359   0.0000   0.3149
   7.500   1.6589   0.03489   0.02807  -0.1280  0.1768  0.2500  -3.1722   0.0000   0.3107
   8.000   1.6934   0.03646   0.02967  -0.1251  0.1686  0.2500  -3.3139   0.0000   0.3065
   8.500   1.7276   0.03807   0.03135  -0.1223  0.1616  0.2500  -3.4688   0.0000   0.3025
   9.000   1.7577   0.03999   0.03333  -0.1191  0.1543  0.2500  -3.6274   0.0000   0.2985
  10.000   1.8106   0.04447   0.03795  -0.1125  0.1391  0.2500  -3.9624   0.0000   0.2908
  10.500   1.8321   0.04721   0.04077  -0.1090  0.1316  0.2500  -4.1220   0.0000   0.2872
  11.000   1.8489   0.05045   0.04408  -0.1055  0.1235  0.2500  -4.2842   0.0000   0.2836
  11.500   1.8625   0.05412   0.04784  -0.1022  0.1165  0.2500  -4.4459   0.0000   0.2803
  12.000   1.8737   0.05816   0.05199  -0.0993  0.1102  0.2500  -4.6067   0.0000   0.2772
  12.500   1.8806   0.06279   0.05675  -0.0967  0.1039  0.2500  -4.7560   0.0000   0.2744
  13.000   1.8812   0.06825   0.06233  -0.0945  0.0971  0.2500  -4.8896   0.0000   0.2719
  13.500   1.8765   0.07446   0.06866  -0.0929  0.0909  0.2500  -5.0086   0.0000   0.2699
  14.000   1.8672   0.08142   0.07578  -0.0923  0.0856  0.2500  -5.1132   0.0000   0.2684
  14.500   1.8556   0.08888   0.08340  -0.0926  0.0805  0.2500  -5.2121   0.0000   0.2674
  15.000   1.8403   0.09694   0.09164  -0.0938  0.0759  0.2500  -5.2940   0.0000   0.2670
  15.500   1.8201   0.10582   0.10070  -0.0963  0.0718  0.2500  -5.3514   0.0000   0.2673
  16.000   1.7982   0.11505   0.11011  -0.0998  0.0678  0.2500  -5.3942   0.0000   0.2683
  16.500   1.7780   0.12414   0.11937  -0.1041  0.0641  0.2500  -5.4352   0.0000   0.2697
  17.000   1.7557   0.13363   0.12902  -0.1094  0.0606  0.2500  -5.4585   0.0000   0.2718
  17.500   1.7339   0.14312   0.13867  -0.1153  0.0570  0.2500  -5.4746   0.0000   0.2743
  18.000   1.7186   0.15167   0.14736  -0.1212  0.0537  0.2500  -5.5115   0.0000   0.2765
  18.500   1.7019   0.16047   0.15630  -0.1277  0.0506  0.2500  -5.5340   0.0000   0.2793
  19.000   1.6886   0.16880   0.16473  -0.1343  0.0475  0.2500  -5.5694   0.0000   0.2820
  19.500   1.6807   0.17627   0.17233  -0.1405  0.0447  0.2500  -5.6268   0.0000   0.2843
  20.000   1.6730   0.18372   0.17988  -0.1471  0.0420  0.2500  -5.6790   0.0000   0.2868
  20.500   1.6654   0.19113   0.18738  -0.1539  0.0393  0.2500  -5.7281   0.0000   0.2894
  21.000   1.6624   0.19778   0.19414  -0.1601  0.0370  0.2500  -5.8075   0.0000   0.2915
  21.500   1.6583   0.20456   0.20101  -0.1668  0.0349  0.2500  -5.8762   0.0000   0.2938
  22.000   1.6560   0.21098   0.20753  -0.1733  0.0328  0.2500  -5.9514   0.0000   0.2960
  22.500   1.6547   0.21716   0.21379  -0.1798  0.0309  0.2500  -6.0296   0.0000   0.2980
  23.000   1.6526   0.22341   0.22012  -0.1866  0.0290  0.2500  -6.0990   0.0000   0.3002
  23.500   1.6537   0.22906   0.22586  -0.1928  0.0274  0.2500  -6.1867   0.0000   0.3019
  24.000   1.6519   0.23519   0.23207  -0.1998  0.0259  0.2500  -6.2489   0.0000   0.3042
  24.500   1.6535   0.24060   0.23757  -0.2061  0.0244  0.2500  -6.3342   0.0000   0.3058
  25.000   1.6528   0.24639   0.24343  -0.2129  0.0230  0.2500  -6.3973   0.0000   0.3079


