xflr5 v6.47

 Calculated polar for: NACA24018_theta30_Ku4.5_Kl0.5_d0.17_delta4.56

 1 1 Reynolds number fixed          Mach number fixed         

 xtrf =   0.250 (top)        0.250 (bottom)
 Mach =   0.000     Re =     0.300 e 6     Ncrit =   5.000

  alpha     CL        CD       CDp       Cm    Top Xtr Bot Xtr   Cpmin    Chinge    XCp    
 ------- -------- --------- --------- -------- ------- ------- -------- --------- ---------
 -15.000  -0.6491   0.04049   0.03216  -0.1162  0.2500  0.0436  -5.0771   0.0000   0.0420
 -14.500  -0.6384   0.03808   0.02958  -0.1138  0.2500  0.0449  -4.9143   0.0000   0.0439
 -14.000  -0.6269   0.03599   0.02743  -0.1110  0.2500  0.0460  -4.7386   0.0000   0.0463
 -13.500  -0.6147   0.03409   0.02543  -0.1077  0.2500  0.0473  -4.5726   0.0000   0.0493
 -13.000  -0.6030   0.03237   0.02356  -0.1038  0.2500  0.0488  -4.4125   0.0000   0.0535
 -12.500  -0.5982   0.03074   0.02189  -0.0986  0.2500  0.0499  -4.2665   0.0000   0.0621
 -12.000  -0.5825   0.02927   0.02034  -0.0947  0.2500  0.0516  -4.0877   0.0000   0.0653
 -11.500  -0.5529   0.02792   0.01887  -0.0927  0.2500  0.0539  -3.8748   0.0000   0.0607
 -11.000  -0.5155   0.02666   0.01757  -0.0918  0.2500  0.0562  -3.6393   0.0000   0.0505
 -10.500  -0.4711   0.02557   0.01639  -0.0917  0.2500  0.0592  -3.4042   0.0000   0.0338
 -10.000  -0.4214   0.02465   0.01540  -0.0922  0.2500  0.0628  -3.1577   0.0000   0.0088
  -9.500  -0.3671   0.02381   0.01452  -0.0935  0.2500  0.0668  -2.9058   0.0000  -0.0281
  -9.000  -0.3091   0.02310   0.01377  -0.0952  0.2500  0.0718  -2.6575   0.0000  -0.0833
  -8.500  -0.2480   0.02252   0.01315  -0.0973  0.2500  0.0777  -2.4156   0.0000  -0.1709
  -8.000  -0.1844   0.02206   0.01265  -0.0997  0.2500  0.0853  -2.1746   0.0000  -0.3257
  -7.500  -0.1187   0.02171   0.01227  -0.1024  0.2500  0.0950  -1.9413   0.0000  -0.6611
  -7.000  -0.0502   0.02142   0.01200  -0.1056  0.2500  0.1077  -1.7168   0.0000  -1.9535
  -6.500   0.0204   0.02124   0.01185  -0.1090  0.2500  0.1260  -1.5038   0.0000   5.8179
  -6.000   0.0950   0.02112   0.01180  -0.1133  0.2500  0.1564  -1.3011   0.0000   1.4839
  -5.500   0.1918   0.02098   0.01200  -0.1222  0.2500  0.2500  -1.0762   0.0000   0.9044
  -5.000   0.2535   0.02122   0.01210  -0.1233  0.2500  0.2500  -0.9155   0.0000   0.7473
  -4.500   0.3143   0.02149   0.01226  -0.1243  0.2500  0.2500  -0.8248   0.0000   0.6521
  -4.000   0.3746   0.02178   0.01246  -0.1251  0.2500  0.2500  -0.8900   0.0000   0.5880
  -3.500   0.4342   0.02211   0.01272  -0.1258  0.2500  0.2500  -0.9562   0.0000   0.5418
  -3.000   0.4933   0.02246   0.01302  -0.1264  0.2500  0.2500  -1.0229   0.0000   0.5068
  -2.500   0.5516   0.02284   0.01336  -0.1269  0.2500  0.2500  -1.0900   0.0000   0.4792
  -2.000   0.6095   0.02325   0.01374  -0.1273  0.2500  0.2500  -1.1602   0.0000   0.4570
  -1.500   0.6666   0.02368   0.01417  -0.1275  0.2500  0.2500  -1.2339   0.0000   0.4385
  -1.000   0.7231   0.02415   0.01464  -0.1277  0.2500  0.2500  -1.3088   0.0000   0.4229
  -0.500   0.7787   0.02465   0.01515  -0.1277  0.2500  0.2500  -1.3863   0.0000   0.4095
   0.000   0.8336   0.02518   0.01572  -0.1275  0.2500  0.2500  -1.4670   0.0000   0.3978
   0.500   0.8875   0.02575   0.01632  -0.1272  0.2500  0.2500  -1.5481   0.0000   0.3875
   1.000   0.9405   0.02636   0.01699  -0.1268  0.2500  0.2500  -1.6293   0.0000   0.3782
   1.500   0.9926   0.02701   0.01771  -0.1263  0.2500  0.2500  -1.7148   0.0000   0.3699
   2.000   1.0441   0.02770   0.01847  -0.1256  0.2500  0.2500  -1.8032   0.0000   0.3623
   2.500   1.0945   0.02843   0.01929  -0.1248  0.2500  0.2500  -1.8921   0.0000   0.3553
   3.000   1.1440   0.02921   0.02017  -0.1238  0.2500  0.2500  -1.9861   0.0000   0.3488
   3.500   1.1920   0.03005   0.02112  -0.1227  0.2500  0.2500  -2.0811   0.0000   0.3428
   4.000   1.2391   0.03095   0.02214  -0.1214  0.2500  0.2500  -2.1758   0.0000   0.3371
   4.500   1.2852   0.03191   0.02323  -0.1200  0.2500  0.2500  -2.2770   0.0000   0.3318
   5.000   1.3306   0.03293   0.02438  -0.1186  0.2500  0.2500  -2.3790   0.0000   0.3268
   5.500   1.3726   0.03411   0.02566  -0.1167  0.2462  0.2500  -2.4855   0.0000   0.3219
   6.000   1.4127   0.03539   0.02708  -0.1146  0.2388  0.2500  -2.5940   0.0000   0.3172
   6.500   1.4483   0.03696   0.02869  -0.1121  0.2319  0.2500  -2.7018   0.0000   0.3126
   7.000   1.4848   0.03848   0.03037  -0.1097  0.2246  0.2500  -2.8140   0.0000   0.3083
   7.500   1.5158   0.04038   0.03235  -0.1069  0.2179  0.2500  -2.9270   0.0000   0.3040
   8.000   1.5484   0.04221   0.03435  -0.1043  0.2107  0.2500  -3.0496   0.0000   0.2999
   8.500   1.5745   0.04453   0.03677  -0.1013  0.2043  0.2500  -3.1708   0.0000   0.2959
   9.000   1.6023   0.04683   0.03925  -0.0986  0.1972  0.2500  -3.3045   0.0000   0.2922
   9.500   1.6234   0.04971   0.04225  -0.0956  0.1908  0.2500  -3.4328   0.0000   0.2885
  10.000   1.6447   0.05270   0.04542  -0.0930  0.1835  0.2500  -3.5732   0.0000   0.2851
  10.500   1.6612   0.05621   0.04909  -0.0905  0.1769  0.2500  -3.7112   0.0000   0.2819
  11.000   1.6747   0.06015   0.05320  -0.0882  0.1699  0.2500  -3.8430   0.0000   0.2790
  11.500   1.6861   0.06443   0.05767  -0.0863  0.1632  0.2500  -3.9697   0.0000   0.2763
  12.000   1.6895   0.06965   0.06303  -0.0848  0.1566  0.2500  -4.0877   0.0000   0.2741
  12.500   1.6952   0.07483   0.06843  -0.0839  0.1496  0.2500  -4.2135   0.0000   0.2721
  13.000   1.6945   0.08085   0.07465  -0.0836  0.1434  0.2500  -4.3235   0.0000   0.2706
  13.500   1.6894   0.08755   0.08153  -0.0840  0.1369  0.2500  -4.4192   0.0000   0.2697
  14.000   1.6844   0.09437   0.08857  -0.0852  0.1303  0.2500  -4.5115   0.0000   0.2691
  14.500   1.6743   0.10198   0.09637  -0.0874  0.1240  0.2500  -4.5869   0.0000   0.2692
  15.000   1.6616   0.11007   0.10462  -0.0905  0.1179  0.2500  -4.6485   0.0000   0.2700
  15.500   1.6520   0.11782   0.11258  -0.0940  0.1118  0.2500  -4.7170   0.0000   0.2709
  16.000   1.6399   0.12595   0.12089  -0.0983  0.1062  0.2500  -4.7731   0.0000   0.2724
  16.500   1.6261   0.13440   0.12947  -0.1034  0.1006  0.2500  -4.8187   0.0000   0.2744
  17.000   1.6155   0.14244   0.13768  -0.1088  0.0946  0.2500  -4.8720   0.0000   0.2765
  17.500   1.6047   0.15052   0.14591  -0.1146  0.0890  0.2500  -4.9184   0.0000   0.2789
  18.000   1.5956   0.15834   0.15386  -0.1206  0.0835  0.2500  -4.9663   0.0000   0.2814
  18.500   1.5876   0.16599   0.16162  -0.1268  0.0784  0.2500  -5.0138   0.0000   0.2840
  19.000   1.5811   0.17340   0.16912  -0.1331  0.0734  0.2500  -5.0630   0.0000   0.2866
  19.500   1.5761   0.18058   0.17643  -0.1395  0.0686  0.2500  -5.1147   0.0000   0.2891
  20.000   1.5724   0.18754   0.18351  -0.1459  0.0642  0.2500  -5.1718   0.0000   0.2917
  20.500   1.5698   0.19426   0.19032  -0.1523  0.0600  0.2500  -5.2309   0.0000   0.2941
  21.000   1.5682   0.20073   0.19687  -0.1587  0.0563  0.2500  -5.2923   0.0000   0.2964
  21.500   1.5667   0.20719   0.20344  -0.1653  0.0526  0.2500  -5.3526   0.0000   0.2989
  22.000   1.5657   0.21352   0.20988  -0.1719  0.0492  0.2500  -5.4162   0.0000   0.3013
  22.500   1.5666   0.21941   0.21585  -0.1783  0.0462  0.2500  -5.4923   0.0000   0.3033
  23.000   1.5687   0.22500   0.22150  -0.1845  0.0434  0.2500  -5.5744   0.0000   0.3052
  23.500   1.5675   0.23126   0.22790  -0.1915  0.0406  0.2500  -5.6229   0.0000   0.3078
  24.000   1.5696   0.23675   0.23347  -0.1979  0.0382  0.2500  -5.6961   0.0000   0.3096
  24.500   1.5710   0.24232   0.23912  -0.2045  0.0360  0.2500  -5.7600   0.0000   0.3116
  25.000   1.5704   0.24828   0.24521  -0.2116  0.0338  0.2500  -5.7969   0.0000   0.3141


