xflr5 v6.47

 Calculated polar for: NACA 23015

 1 1 Reynolds number fixed          Mach number fixed         

 xtrf =   1.000 (top)        1.000 (bottom)
 Mach =   0.000     Re =     1.500 e 6     Ncrit =   0.100

  alpha     CL        CD       CDp       Cm    Top Xtr Bot Xtr   Cpmin    Chinge    XCp    
 ------- -------- --------- --------- -------- ------- ------- -------- --------- ---------
 -10.000  -0.9371   0.01675   0.00883  -0.0206  0.0426  0.0114  -6.1830   0.0000   0.2158
  -9.800  -0.9182   0.01648   0.00853  -0.0200  0.0426  0.0114  -6.0173   0.0000   0.2162
  -9.600  -0.8992   0.01622   0.00823  -0.0194  0.0426  0.0114  -5.8525   0.0000   0.2165
  -9.400  -0.8800   0.01597   0.00795  -0.0189  0.0427  0.0114  -5.6887   0.0000   0.2168
  -9.200  -0.8606   0.01572   0.00767  -0.0184  0.0373  0.0087  -5.5260   0.0000   0.2171
  -9.000  -0.8410   0.01549   0.00741  -0.0179  0.0373  0.0087  -5.3644   0.0000   0.2174
  -8.800  -0.8213   0.01526   0.00715  -0.0175  0.0374  0.0087  -5.2040   0.0000   0.2176
  -8.600  -0.8014   0.01504   0.00690  -0.0170  0.0374  0.0087  -5.0450   0.0000   0.2178
  -8.400  -0.7815   0.01482   0.00666  -0.0166  0.0375  0.0087  -4.8873   0.0000   0.2180
  -8.200  -0.7613   0.01462   0.00643  -0.0162  0.0324  0.0064  -4.7310   0.0000   0.2181
  -8.000  -0.7411   0.01442   0.00620  -0.0158  0.0324  0.0064  -4.5763   0.0000   0.2182
  -7.800  -0.7207   0.01423   0.00599  -0.0154  0.0325  0.0064  -4.4230   0.0000   0.2183
  -7.600  -0.7002   0.01405   0.00578  -0.0151  0.0325  0.0063  -4.2775   0.0000   0.2183
  -7.400  -0.6796   0.01387   0.00558  -0.0147  0.0326  0.0063  -4.1370   0.0000   0.2183
  -7.200  -0.6589   0.01371   0.00539  -0.0144  0.0278  0.0044  -3.9978   0.0000   0.2183
  -7.000  -0.6381   0.01354   0.00521  -0.0141  0.0279  0.0044  -3.8600   0.0000   0.2182
  -6.800  -0.6172   0.01339   0.00503  -0.0138  0.0279  0.0044  -3.7237   0.0000   0.2180
  -6.600  -0.5963   0.01324   0.00486  -0.0135  0.0280  0.0044  -3.5889   0.0000   0.2179
  -6.400  -0.5752   0.01309   0.00469  -0.0132  0.0280  0.0043  -3.4557   0.0000   0.2176
  -6.200  -0.5540   0.01296   0.00453  -0.0129  0.0236  0.0028  -3.3239   0.0000   0.2173
  -6.000  -0.5328   0.01282   0.00438  -0.0127  0.0237  0.0028  -3.1939   0.0000   0.2170
  -5.800  -0.5115   0.01270   0.00424  -0.0124  0.0237  0.0027  -3.0654   0.0000   0.2165
  -5.600  -0.4901   0.01258   0.00410  -0.0122  0.0237  0.0027  -2.9386   0.0000   0.2160
  -5.400  -0.4686   0.01247   0.00397  -0.0120  0.0238  0.0027  -2.8135   0.0000   0.2154
  -5.200  -0.4471   0.01236   0.00384  -0.0118  0.0197  0.0015  -2.6901   0.0000   0.2147
  -5.000  -0.4255   0.01225   0.00372  -0.0116  0.0198  0.0015  -2.5685   0.0000   0.2139
  -4.800  -0.4038   0.01216   0.00361  -0.0114  0.0198  0.0015  -2.4508   0.0000   0.2129
  -4.600  -0.3821   0.01206   0.00350  -0.0112  0.0198  0.0015  -2.3410   0.0000   0.2118
  -4.400  -0.3603   0.01198   0.00340  -0.0110  0.0162  0.0006  -2.2329   0.0000   0.2105
  -4.200  -0.3385   0.01190   0.00330  -0.0109  0.0162  0.0006  -2.1262   0.0000   0.2090
  -4.000  -0.3167   0.01182   0.00321  -0.0107  0.0162  0.0006  -2.0212   0.0000   0.2073
  -3.800  -0.2947   0.01175   0.00313  -0.0106  0.0163  0.0006  -1.9178   0.0000   0.2052
  -3.600  -0.2728   0.01168   0.00305  -0.0104  0.0163  0.0006  -1.8159   0.0000   0.2028
  -3.400  -0.2508   0.01162   0.00297  -0.0103  0.0130  0.0001  -1.7157   0.0000   0.1999
  -3.200  -0.2287   0.01156   0.00290  -0.0102  0.0130  0.0001  -1.6171   0.0000   0.1964
  -3.000  -0.2067   0.01151   0.00284  -0.0101  0.0130  0.0001  -1.5211   0.0000   0.1920
  -2.800  -0.1846   0.01146   0.00278  -0.0099  0.0131  0.0001  -1.4331   0.0000   0.1866
  -2.600  -0.1624   0.01141   0.00273  -0.0098  0.0131  0.0001  -1.3465   0.0000   0.1796
  -2.400  -0.1403   0.01137   0.00267  -0.0097  0.0101  0.0000  -1.2614   0.0000   0.1704
  -2.200  -0.1181   0.01134   0.00263  -0.0097  0.0101  0.0000  -1.1777   0.0000   0.1576
  -2.000  -0.0959   0.01131   0.00259  -0.0096  0.0102  0.0000  -1.0955   0.0000   0.1388
  -1.800  -0.0736   0.01128   0.00256  -0.0095  0.0102  0.0000  -1.0147   0.0000   0.1085
  -1.600  -0.0514   0.01126   0.00252  -0.0094  0.0076  0.0003  -0.9402   0.0000   0.0519
  -1.400  -0.0291   0.01124   0.00250  -0.0093  0.0076  0.0003  -0.8684   0.0000  -0.0914
  -1.200  -0.0069   0.01122   0.00248  -0.0092  0.0076  0.0003  -0.7979   0.0000  -1.1644
  -1.000   0.0154   0.01121   0.00246  -0.0092  0.0076  0.0003  -0.7287   0.0000   0.8656
  -0.800   0.0377   0.01121   0.00245  -0.0091  0.0077  0.0003  -0.6972   0.0000   0.4957
  -0.600   0.0600   0.01121   0.00244  -0.0090  0.0054  0.0010  -0.7250   0.0000   0.4006
  -0.400   0.0823   0.01121   0.00244  -0.0090  0.0054  0.0010  -0.7530   0.0000   0.3571
  -0.200   0.1046   0.01121   0.00244  -0.0089  0.0054  0.0010  -0.7811   0.0000   0.3322
   0.000   0.1269   0.01122   0.00244  -0.0089  0.0055  0.0010  -0.8095   0.0000   0.3160
   0.200   0.1491   0.01124   0.00245  -0.0088  0.0036  0.0021  -0.8391   0.0000   0.3046
   0.400   0.1714   0.01125   0.00247  -0.0088  0.0036  0.0021  -0.8691   0.0000   0.2962
   0.600   0.1937   0.01127   0.00249  -0.0087  0.0036  0.0021  -0.8993   0.0000   0.2897
   0.800   0.2160   0.01130   0.00251  -0.0086  0.0036  0.0021  -0.9296   0.0000   0.2845
   1.000   0.2382   0.01133   0.00254  -0.0086  0.0036  0.0021  -0.9601   0.0000   0.2803
   1.200   0.2604   0.01136   0.00257  -0.0085  0.0021  0.0037  -0.9919   0.0000   0.2768
   1.400   0.2826   0.01140   0.00260  -0.0085  0.0021  0.0037  -1.0242   0.0000   0.2739
   1.600   0.3048   0.01144   0.00264  -0.0084  0.0021  0.0037  -1.0567   0.0000   0.2713
   1.800   0.3270   0.01148   0.00269  -0.0084  0.0021  0.0037  -1.0894   0.0000   0.2691
   2.000   0.3492   0.01153   0.00274  -0.0083  0.0021  0.0037  -1.1223   0.0000   0.2671
   2.200   0.3713   0.01158   0.00279  -0.0082  0.0010  0.0058  -1.1564   0.0000   0.2654
   2.400   0.3934   0.01164   0.00284  -0.0082  0.0010  0.0058  -1.1911   0.0000   0.2638
   2.600   0.4154   0.01170   0.00291  -0.0081  0.0010  0.0058  -1.2260   0.0000   0.2624
   2.800   0.4374   0.01176   0.00297  -0.0081  0.0010  0.0057  -1.2611   0.0000   0.2611
   3.000   0.4594   0.01183   0.00304  -0.0080  0.0003  0.0083  -1.2964   0.0000   0.2599
   3.200   0.4814   0.01190   0.00312  -0.0079  0.0003  0.0083  -1.3330   0.0000   0.2588
   3.400   0.5033   0.01197   0.00319  -0.0078  0.0003  0.0082  -1.3703   0.0000   0.2578
   3.600   0.5251   0.01205   0.00328  -0.0078  0.0003  0.0082  -1.4078   0.0000   0.2568
   3.800   0.5469   0.01214   0.00337  -0.0077  0.0003  0.0082  -1.4454   0.0000   0.2559
   4.000   0.5687   0.01222   0.00346  -0.0076  0.0000  0.0112  -1.4832   0.0000   0.2550
   4.200   0.5904   0.01231   0.00356  -0.0075  0.0000  0.0111  -1.5227   0.0000   0.2542
   4.400   0.6120   0.01241   0.00366  -0.0074  0.0000  0.0111  -1.5627   0.0000   0.2534
   4.600   0.6336   0.01251   0.00376  -0.0073  0.0000  0.0110  -1.6028   0.0000   0.2527
   4.800   0.6552   0.01261   0.00388  -0.0072  0.0001  0.0145  -1.6431   0.0000   0.2519
   5.000   0.6766   0.01272   0.00399  -0.0070  0.0001  0.0144  -1.6840   0.0000   0.2512
   5.200   0.6980   0.01284   0.00411  -0.0069  0.0001  0.0143  -1.7265   0.0000   0.2505
   5.400   0.7193   0.01295   0.00424  -0.0068  0.0001  0.0143  -1.7692   0.0000   0.2499
   5.600   0.7406   0.01308   0.00437  -0.0066  0.0001  0.0142  -1.8121   0.0000   0.2492
   5.800   0.7617   0.01320   0.00451  -0.0065  0.0005  0.0180  -1.8551   0.0000   0.2485
   6.000   0.7828   0.01334   0.00465  -0.0063  0.0005  0.0180  -1.9000   0.0000   0.2479
   6.200   0.8037   0.01347   0.00480  -0.0061  0.0005  0.0179  -1.9454   0.0000   0.2473
   6.400   0.8246   0.01362   0.00495  -0.0060  0.0005  0.0179  -1.9909   0.0000   0.2466
   6.600   0.8454   0.01376   0.00512  -0.0058  0.0012  0.0220  -2.0366   0.0000   0.2460
   6.800   0.8661   0.01392   0.00528  -0.0055  0.0013  0.0220  -2.0841   0.0000   0.2454
   7.000   0.8866   0.01407   0.00545  -0.0053  0.0013  0.0219  -2.1322   0.0000   0.2447
   7.200   0.9071   0.01424   0.00563  -0.0051  0.0013  0.0218  -2.1805   0.0000   0.2441
   7.400   0.9274   0.01441   0.00581  -0.0048  0.0023  0.0264  -2.2291   0.0000   0.2435
   7.600   0.9476   0.01458   0.00601  -0.0046  0.0024  0.0263  -2.2799   0.0000   0.2429
   7.800   0.9676   0.01476   0.00620  -0.0043  0.0024  0.0262  -2.3309   0.0000   0.2422
   8.000   0.9875   0.01495   0.00641  -0.0040  0.0024  0.0261  -2.3820   0.0000   0.2416
   8.200   1.0072   0.01515   0.00662  -0.0037  0.0024  0.0260  -2.4349   0.0000   0.2409
   8.400   1.0268   0.01535   0.00684  -0.0033  0.0038  0.0310  -2.4887   0.0000   0.2403
   8.600   1.0461   0.01555   0.00706  -0.0029  0.0038  0.0309  -2.5424   0.0000   0.2396
   8.800   1.0653   0.01577   0.00730  -0.0026  0.0039  0.0308  -2.5985   0.0000   0.2389
   9.000   1.0843   0.01599   0.00754  -0.0021  0.0039  0.0307  -2.6550   0.0000   0.2382
   9.200   1.1030   0.01622   0.00779  -0.0017  0.0056  0.0360  -2.7125   0.0000   0.2375
   9.400   1.1215   0.01646   0.00805  -0.0012  0.0056  0.0359  -2.7719   0.0000   0.2368
   9.600   1.1397   0.01671   0.00832  -0.0007  0.0057  0.0358  -2.8319   0.0000   0.2360
   9.800   1.1577   0.01696   0.00860  -0.0002  0.0057  0.0357  -2.8942   0.0000   0.2353
  10.000   1.1753   0.01723   0.00889   0.0004  0.0057  0.0356  -2.9578   0.0000   0.2345
  10.200   1.1927   0.01750   0.00919   0.0011  0.0078  0.0412  -3.0230   0.0000   0.2336
  10.400   1.2096   0.01778   0.00950   0.0017  0.0078  0.0411  -3.0914   0.0000   0.2328
  10.600   1.2261   0.01808   0.00982   0.0025  0.0078  0.0410  -3.1628   0.0000   0.2319
  10.800   1.2421   0.01839   0.01015   0.0033  0.0078  0.0409  -3.2368   0.0000   0.2310
  11.000   1.2567   0.01869   0.01049   0.0043  0.0102  0.0469  -3.3131   0.0000   0.2298
  11.200   1.2687   0.01899   0.01082   0.0059  0.0102  0.0468  -3.3878   0.0000   0.2283
  11.400   1.2814   0.01933   0.01119   0.0072  0.0103  0.0467  -3.4658   0.0000   0.2270
  11.600   1.2950   0.01972   0.01161   0.0083  0.0103  0.0466  -3.5477   0.0000   0.2259
  11.800   1.3084   0.02013   0.01205   0.0094  0.0103  0.0465  -3.6338   0.0000   0.2248
  12.000   1.3214   0.02057   0.01253   0.0104  0.0130  0.0528  -3.7196   0.0000   0.2237
  12.200   1.3340   0.02104   0.01303   0.0115  0.0130  0.0527  -3.8051   0.0000   0.2227
  12.400   1.3462   0.02154   0.01357   0.0125  0.0130  0.0526  -3.8953   0.0000   0.2216
  12.600   1.3579   0.02208   0.01414   0.0136  0.0131  0.0525  -3.9847   0.0000   0.2206
  12.800   1.3690   0.02265   0.01475   0.0146  0.0131  0.0525  -4.0733   0.0000   0.2195
  13.000   1.3797   0.02327   0.01541   0.0156  0.0161  0.0591  -4.1610   0.0000   0.2185
  13.200   1.3898   0.02394   0.01612   0.0166  0.0161  0.0590  -4.2510   0.0000   0.2175
  13.400   1.3995   0.02466   0.01689   0.0176  0.0162  0.0589  -4.3422   0.0000   0.2165
  13.600   1.4085   0.02545   0.01772   0.0185  0.0162  0.0588  -4.4320   0.0000   0.2155
  13.800   1.4170   0.02631   0.01863   0.0193  0.0162  0.0587  -4.5206   0.0000   0.2146
  14.000   1.4249   0.02725   0.01961   0.0201  0.0163  0.0586  -4.6075   0.0000   0.2137
  14.200   1.4322   0.02828   0.02069   0.0208  0.0195  0.0655  -4.6925   0.0000   0.2129
  14.400   1.4389   0.02940   0.02186   0.0214  0.0196  0.0654  -4.7756   0.0000   0.2121
  14.600   1.4449   0.03063   0.02315   0.0219  0.0196  0.0654  -4.8606   0.0000   0.2114
  14.800   1.4501   0.03199   0.02456   0.0223  0.0196  0.0653  -4.9442   0.0000   0.2107
  15.000   1.4545   0.03348   0.02610   0.0225  0.0197  0.0652  -5.0250   0.0000   0.2101
  15.200   1.4580   0.03512   0.02781   0.0227  0.0197  0.0652  -5.1018   0.0000   0.2096
  15.400   1.4605   0.03693   0.02968   0.0227  0.0232  0.0724  -5.1746   0.0000   0.2092
  15.600   1.4619   0.03893   0.03174   0.0225  0.0233  0.0723  -5.2428   0.0000   0.2088
  15.800   1.4621   0.04114   0.03402   0.0222  0.0233  0.0722  -5.3058   0.0000   0.2085
  16.000   1.4609   0.04356   0.03651   0.0218  0.0233  0.0722  -5.3622   0.0000   0.2083
  16.200   1.4583   0.04624   0.03927   0.0211  0.0234  0.0721  -5.4119   0.0000   0.2082
  16.400   1.4541   0.04921   0.04231   0.0203  0.0234  0.0721  -5.4536   0.0000   0.2082
  16.600   1.4479   0.05249   0.04567   0.0193  0.0234  0.0721  -5.4859   0.0000   0.2083
  16.800   1.4398   0.05611   0.04937   0.0181  0.0234  0.0720  -5.5081   0.0000   0.2085
  17.000   1.4296   0.06009   0.05345   0.0167  0.0234  0.0720  -5.5197   0.0000   0.2089
  17.200   1.4171   0.06447   0.05792   0.0151  0.0234  0.0720  -5.5190   0.0000   0.2094
  17.400   1.4021   0.06926   0.06280   0.0133  0.0234  0.0720  -5.5047   0.0000   0.2100
  17.600   1.3849   0.07447   0.06812   0.0113  0.0234  0.0720  -5.4788   0.0000   0.2108
  17.800   1.3654   0.08008   0.07383   0.0092  0.0234  0.0720  -5.4393   0.0000   0.2117
  18.000   1.3441   0.08602   0.07986   0.0068  0.0234  0.0720  -5.3873   0.0000   0.2128
  18.200   1.3221   0.09217   0.08612   0.0044  0.0234  0.0721  -5.3285   0.0000   0.2141
  18.400   1.2997   0.09844   0.09249   0.0018  0.0233  0.0721  -5.2646   0.0000   0.2155
  18.600   1.2777   0.10472   0.09886  -0.0008  0.0233  0.0721  -5.1988   0.0000   0.2170
  18.800   1.2582   0.11071   0.10494  -0.0034  0.0233  0.0722  -5.1430   0.0000   0.2186
  19.000   1.2396   0.11663   0.11095  -0.0060  0.0233  0.0722  -5.0889   0.0000   0.2203
  19.200   1.2228   0.12228   0.11668  -0.0085  0.0233  0.0722  -5.0414   0.0000   0.2220
  19.400   1.2083   0.12766   0.12213  -0.0110  0.0233  0.0722  -5.0038   0.0000   0.2237
  19.600   1.1960   0.13273   0.12727  -0.0135  0.0232  0.0723  -4.9759   0.0000   0.2254
  19.800   1.1858   0.13749   0.13209  -0.0158  0.0232  0.0723  -4.9579   0.0000   0.2270
  20.000   1.1757   0.14228   0.13693  -0.0183  0.0232  0.0723  -4.9381   0.0000   0.2287
  20.200   1.1671   0.14683   0.14155  -0.0206  0.0232  0.0723  -4.9243   0.0000   0.2304
  20.400   1.1610   0.15097   0.14574  -0.0229  0.0232  0.0723  -4.9247   0.0000   0.2320
  20.600   1.1540   0.15535   0.15017  -0.0253  0.0232  0.0723  -4.9167   0.0000   0.2337
  20.800   1.1498   0.15925   0.15412  -0.0275  0.0232  0.0722  -4.9244   0.0000   0.2353
  21.000   1.1446   0.16339   0.15831  -0.0299  0.0232  0.0722  -4.9234   0.0000   0.2370
  21.200   1.1417   0.16711   0.16207  -0.0321  0.0271  0.0797  -4.9364   0.0000   0.2385
  21.400   1.1377   0.17107   0.16608  -0.0345  0.0271  0.0797  -4.9398   0.0000   0.2403
  21.600   1.1358   0.17461   0.16966  -0.0367  0.0271  0.0797  -4.9569   0.0000   0.2417
  21.800   1.1325   0.17846   0.17356  -0.0391  0.0271  0.0796  -4.9613   0.0000   0.2435
  22.000   1.1314   0.18189   0.17703  -0.0413  0.0271  0.0796  -4.9804   0.0000   0.2450
  22.200   1.1292   0.18560   0.18078  -0.0437  0.0271  0.0796  -4.9892   0.0000   0.2467
  22.400   1.1283   0.18904   0.18426  -0.0459  0.0272  0.0796  -5.0072   0.0000   0.2483
  22.600   1.1279   0.19241   0.18767  -0.0482  0.0272  0.0796  -5.0269   0.0000   0.2498
  22.800   1.1265   0.19602   0.19133  -0.0507  0.0272  0.0795  -5.0365   0.0000   0.2516
  23.000   1.1269   0.19926   0.19460  -0.0529  0.0272  0.0795  -5.0602   0.0000   0.2530
  23.200   1.1260   0.20282   0.19821  -0.0554  0.0272  0.0795  -5.0703   0.0000   0.2548
  23.400   1.1264   0.20611   0.20153  -0.0577  0.0314  0.0872  -5.0902   0.0000   0.2563
  23.600   1.1272   0.20929   0.20475  -0.0600  0.0314  0.0872  -5.1159   0.0000   0.2578
  23.800   1.1267   0.21284   0.20834  -0.0626  0.0314  0.0872  -5.1283   0.0000   0.2596
  24.000   1.1277   0.21602   0.21155  -0.0649  0.0314  0.0871  -5.1551   0.0000   0.2611
  24.200   1.1285   0.21926   0.21483  -0.0674  0.0314  0.0871  -5.1778   0.0000   0.2627
  24.400   1.1287   0.22267   0.21828  -0.0699  0.0314  0.0871  -5.1927   0.0000   0.2645
  24.600   1.1301   0.22578   0.22143  -0.0723  0.0314  0.0871  -5.2189   0.0000   0.2660
  24.800   1.1308   0.22908   0.22476  -0.0748  0.0315  0.0870  -5.2352   0.0000   0.2676
  25.000   1.1316   0.23232   0.22803  -0.0773  0.0315  0.0870  -5.2525   0.0000   0.2693


