xflr5 v6.47

 Calculated polar for: NACA 23015

 1 1 Reynolds number fixed          Mach number fixed         

 xtrf =   1.000 (top)        1.000 (bottom)
 Mach =   0.000     Re =     1.250 e 6     Ncrit =   0.100

  alpha     CL        CD       CDp       Cm    Top Xtr Bot Xtr   Cpmin    Chinge    XCp    
 ------- -------- --------- --------- -------- ------- ------- -------- --------- ---------
 -10.000  -0.9308   0.01742   0.00928  -0.0214  0.0444  0.0105  -6.1475   0.0000   0.2147
  -9.800  -0.9122   0.01714   0.00896  -0.0208  0.0444  0.0105  -5.9835   0.0000   0.2151
  -9.600  -0.8934   0.01686   0.00865  -0.0203  0.0444  0.0105  -5.8202   0.0000   0.2154
  -9.400  -0.8744   0.01659   0.00835  -0.0197  0.0445  0.0105  -5.6579   0.0000   0.2158
  -9.200  -0.8552   0.01634   0.00806  -0.0192  0.0390  0.0080  -5.4967   0.0000   0.2161
  -9.000  -0.8359   0.01609   0.00778  -0.0187  0.0390  0.0080  -5.3365   0.0000   0.2163
  -8.800  -0.8164   0.01585   0.00751  -0.0182  0.0391  0.0079  -5.1776   0.0000   0.2166
  -8.600  -0.7968   0.01562   0.00725  -0.0177  0.0391  0.0079  -5.0199   0.0000   0.2168
  -8.400  -0.7770   0.01539   0.00700  -0.0173  0.0392  0.0079  -4.8635   0.0000   0.2170
  -8.200  -0.7570   0.01518   0.00675  -0.0168  0.0340  0.0057  -4.7084   0.0000   0.2171
  -8.000  -0.7370   0.01497   0.00651  -0.0164  0.0340  0.0057  -4.5548   0.0000   0.2172
  -7.800  -0.7168   0.01477   0.00629  -0.0160  0.0341  0.0057  -4.4027   0.0000   0.2173
  -7.600  -0.6965   0.01458   0.00607  -0.0156  0.0341  0.0057  -4.2596   0.0000   0.2174
  -7.400  -0.6760   0.01440   0.00586  -0.0153  0.0342  0.0057  -4.1200   0.0000   0.2174
  -7.200  -0.6555   0.01422   0.00566  -0.0149  0.0293  0.0039  -3.9817   0.0000   0.2173
  -7.000  -0.6349   0.01405   0.00546  -0.0146  0.0294  0.0038  -3.8447   0.0000   0.2172
  -6.800  -0.6141   0.01389   0.00527  -0.0142  0.0294  0.0038  -3.7093   0.0000   0.2171
  -6.600  -0.5933   0.01373   0.00509  -0.0139  0.0294  0.0038  -3.5753   0.0000   0.2169
  -6.400  -0.5724   0.01358   0.00492  -0.0136  0.0295  0.0038  -3.4428   0.0000   0.2167
  -6.200  -0.5513   0.01343   0.00475  -0.0133  0.0250  0.0023  -3.3119   0.0000   0.2164
  -6.000  -0.5302   0.01330   0.00460  -0.0131  0.0250  0.0023  -3.1825   0.0000   0.2161
  -5.800  -0.5091   0.01317   0.00444  -0.0128  0.0251  0.0023  -3.0547   0.0000   0.2156
  -5.600  -0.4878   0.01304   0.00430  -0.0126  0.0251  0.0023  -2.9286   0.0000   0.2151
  -5.400  -0.4665   0.01292   0.00416  -0.0123  0.0209  0.0012  -2.8041   0.0000   0.2145
  -5.200  -0.4451   0.01281   0.00403  -0.0121  0.0210  0.0012  -2.6813   0.0000   0.2138
  -5.000  -0.4236   0.01270   0.00390  -0.0119  0.0210  0.0012  -2.5603   0.0000   0.2130
  -4.800  -0.4020   0.01260   0.00378  -0.0117  0.0211  0.0012  -2.4438   0.0000   0.2121
  -4.600  -0.3804   0.01250   0.00367  -0.0115  0.0211  0.0012  -2.3346   0.0000   0.2110
  -4.400  -0.3588   0.01241   0.00356  -0.0113  0.0173  0.0004  -2.2269   0.0000   0.2097
  -4.200  -0.3371   0.01232   0.00346  -0.0111  0.0173  0.0004  -2.1207   0.0000   0.2082
  -4.000  -0.3153   0.01224   0.00336  -0.0109  0.0174  0.0004  -2.0161   0.0000   0.2064
  -3.800  -0.2935   0.01216   0.00327  -0.0108  0.0174  0.0004  -1.9130   0.0000   0.2044
  -3.600  -0.2716   0.01209   0.00319  -0.0106  0.0175  0.0004  -1.8115   0.0000   0.2019
  -3.400  -0.2497   0.01203   0.00310  -0.0105  0.0140  0.0000  -1.7117   0.0000   0.1990
  -3.200  -0.2278   0.01197   0.00303  -0.0103  0.0140  0.0000  -1.6135   0.0000   0.1955
  -3.000  -0.2058   0.01191   0.00296  -0.0102  0.0141  0.0000  -1.5182   0.0000   0.1911
  -2.800  -0.1838   0.01186   0.00290  -0.0101  0.0141  0.0000  -1.4305   0.0000   0.1857
  -2.600  -0.1618   0.01181   0.00284  -0.0100  0.0141  0.0000  -1.3442   0.0000   0.1787
  -2.400  -0.1397   0.01177   0.00279  -0.0098  0.0110  0.0000  -1.2593   0.0000   0.1694
  -2.200  -0.1176   0.01173   0.00274  -0.0097  0.0111  0.0001  -1.1759   0.0000   0.1565
  -2.000  -0.0955   0.01170   0.00270  -0.0096  0.0111  0.0001  -1.0939   0.0000   0.1376
  -1.800  -0.0734   0.01167   0.00266  -0.0095  0.0111  0.0001  -1.0134   0.0000   0.1073
  -1.600  -0.0512   0.01165   0.00263  -0.0094  0.0084  0.0004  -0.9393   0.0000   0.0505
  -1.400  -0.0290   0.01163   0.00260  -0.0093  0.0084  0.0005  -0.8677   0.0000  -0.0932
  -1.200  -0.0069   0.01161   0.00258  -0.0093  0.0084  0.0005  -0.7974   0.0000  -1.1681
  -1.000   0.0153   0.01160   0.00256  -0.0092  0.0084  0.0005  -0.7283   0.0000   0.8682
  -0.800   0.0375   0.01159   0.00255  -0.0091  0.0085  0.0005  -0.6963   0.0000   0.4962
  -0.600   0.0597   0.01159   0.00254  -0.0090  0.0061  0.0013  -0.7240   0.0000   0.4007
  -0.400   0.0819   0.01159   0.00253  -0.0089  0.0061  0.0013  -0.7519   0.0000   0.3570
  -0.200   0.1042   0.01160   0.00254  -0.0089  0.0061  0.0013  -0.7800   0.0000   0.3319
   0.000   0.1264   0.01161   0.00254  -0.0088  0.0061  0.0013  -0.8083   0.0000   0.3156
   0.200   0.1486   0.01162   0.00255  -0.0087  0.0041  0.0026  -0.8378   0.0000   0.3042
   0.400   0.1708   0.01164   0.00256  -0.0086  0.0041  0.0026  -0.8677   0.0000   0.2958
   0.600   0.1929   0.01166   0.00258  -0.0086  0.0042  0.0026  -0.8978   0.0000   0.2893
   0.800   0.2151   0.01169   0.00261  -0.0085  0.0042  0.0026  -0.9281   0.0000   0.2841
   1.000   0.2373   0.01172   0.00263  -0.0084  0.0042  0.0026  -0.9586   0.0000   0.2798
   1.200   0.2594   0.01175   0.00267  -0.0084  0.0025  0.0043  -0.9901   0.0000   0.2763
   1.400   0.2816   0.01179   0.00270  -0.0083  0.0026  0.0043  -1.0223   0.0000   0.2733
   1.600   0.3037   0.01183   0.00274  -0.0082  0.0026  0.0043  -1.0547   0.0000   0.2708
   1.800   0.3257   0.01187   0.00279  -0.0082  0.0026  0.0043  -1.0874   0.0000   0.2686
   2.000   0.3478   0.01192   0.00284  -0.0081  0.0026  0.0043  -1.1202   0.0000   0.2666
   2.200   0.3698   0.01198   0.00289  -0.0080  0.0013  0.0065  -1.1540   0.0000   0.2648
   2.400   0.3918   0.01203   0.00295  -0.0079  0.0014  0.0065  -1.1886   0.0000   0.2633
   2.600   0.4138   0.01210   0.00302  -0.0079  0.0014  0.0065  -1.2235   0.0000   0.2618
   2.800   0.4357   0.01216   0.00308  -0.0078  0.0014  0.0065  -1.2585   0.0000   0.2605
   3.000   0.4576   0.01223   0.00316  -0.0077  0.0005  0.0092  -1.2937   0.0000   0.2593
   3.200   0.4795   0.01231   0.00324  -0.0076  0.0005  0.0092  -1.3300   0.0000   0.2582
   3.400   0.5013   0.01238   0.00332  -0.0075  0.0005  0.0092  -1.3672   0.0000   0.2572
   3.600   0.5230   0.01247   0.00340  -0.0074  0.0005  0.0091  -1.4046   0.0000   0.2562
   3.800   0.5447   0.01255   0.00349  -0.0073  0.0005  0.0091  -1.4421   0.0000   0.2553
   4.000   0.5664   0.01264   0.00359  -0.0072  0.0001  0.0123  -1.4798   0.0000   0.2544
   4.200   0.5880   0.01274   0.00369  -0.0071  0.0001  0.0123  -1.5190   0.0000   0.2536
   4.400   0.6095   0.01284   0.00380  -0.0070  0.0001  0.0122  -1.5588   0.0000   0.2528
   4.600   0.6310   0.01294   0.00391  -0.0069  0.0001  0.0122  -1.5988   0.0000   0.2520
   4.800   0.6524   0.01305   0.00403  -0.0067  0.0000  0.0158  -1.6390   0.0000   0.2513
   5.000   0.6738   0.01316   0.00415  -0.0066  0.0000  0.0157  -1.6795   0.0000   0.2506
   5.200   0.6951   0.01328   0.00427  -0.0064  0.0000  0.0157  -1.7218   0.0000   0.2499
   5.400   0.7163   0.01340   0.00440  -0.0063  0.0000  0.0156  -1.7644   0.0000   0.2492
   5.600   0.7374   0.01353   0.00454  -0.0061  0.0000  0.0155  -1.8071   0.0000   0.2485
   5.800   0.7584   0.01366   0.00469  -0.0060  0.0003  0.0196  -1.8500   0.0000   0.2479
   6.000   0.7793   0.01380   0.00484  -0.0058  0.0003  0.0195  -1.8944   0.0000   0.2472
   6.200   0.8002   0.01394   0.00499  -0.0056  0.0003  0.0194  -1.9396   0.0000   0.2466
   6.400   0.8209   0.01409   0.00515  -0.0054  0.0003  0.0193  -1.9850   0.0000   0.2459
   6.600   0.8415   0.01424   0.00532  -0.0052  0.0010  0.0238  -2.0305   0.0000   0.2453
   6.800   0.8621   0.01440   0.00549  -0.0049  0.0010  0.0237  -2.0774   0.0000   0.2447
   7.000   0.8825   0.01456   0.00567  -0.0047  0.0010  0.0236  -2.1253   0.0000   0.2440
   7.200   0.9027   0.01473   0.00585  -0.0044  0.0010  0.0235  -2.1733   0.0000   0.2434
   7.400   0.9229   0.01491   0.00605  -0.0041  0.0010  0.0234  -2.2215   0.0000   0.2428
   7.600   0.9429   0.01509   0.00625  -0.0039  0.0020  0.0282  -2.2718   0.0000   0.2421
   7.800   0.9627   0.01528   0.00645  -0.0035  0.0020  0.0281  -2.3224   0.0000   0.2415
   8.000   0.9824   0.01548   0.00667  -0.0032  0.0020  0.0280  -2.3732   0.0000   0.2408
   8.200   1.0019   0.01568   0.00689  -0.0029  0.0020  0.0279  -2.4254   0.0000   0.2401
   8.400   1.0213   0.01589   0.00712  -0.0025  0.0033  0.0330  -2.4787   0.0000   0.2395
   8.600   1.0404   0.01610   0.00736  -0.0021  0.0033  0.0329  -2.5321   0.0000   0.2388
   8.800   1.0593   0.01633   0.00760  -0.0017  0.0033  0.0328  -2.5872   0.0000   0.2381
   9.000   1.0780   0.01656   0.00786  -0.0012  0.0034  0.0327  -2.6432   0.0000   0.2374
   9.200   1.0965   0.01680   0.00812  -0.0007  0.0050  0.0382  -2.6997   0.0000   0.2366
   9.400   1.1147   0.01705   0.00839  -0.0002  0.0050  0.0381  -2.7584   0.0000   0.2359
   9.600   1.1326   0.01731   0.00868   0.0003  0.0050  0.0380  -2.8173   0.0000   0.2351
   9.800   1.1502   0.01757   0.00897   0.0009  0.0051  0.0379  -2.8787   0.0000   0.2343
  10.000   1.1675   0.01785   0.00927   0.0016  0.0051  0.0378  -2.9416   0.0000   0.2335
  10.200   1.1844   0.01814   0.00959   0.0022  0.0070  0.0436  -3.0056   0.0000   0.2326
  10.400   1.2008   0.01844   0.00991   0.0030  0.0071  0.0435  -3.0733   0.0000   0.2317
  10.600   1.2168   0.01875   0.01025   0.0038  0.0071  0.0434  -3.1449   0.0000   0.2308
  10.800   1.2313   0.01905   0.01059   0.0049  0.0071  0.0433  -3.2162   0.0000   0.2296
  11.000   1.2435   0.01936   0.01093   0.0064  0.0071  0.0432  -3.2872   0.0000   0.2282
  11.200   1.2562   0.01971   0.01131   0.0077  0.0094  0.0493  -3.3602   0.0000   0.2268
  11.400   1.2697   0.02010   0.01173   0.0088  0.0094  0.0492  -3.4397   0.0000   0.2257
  11.600   1.2832   0.02052   0.01218   0.0098  0.0094  0.0491  -3.5199   0.0000   0.2246
  11.800   1.2963   0.02096   0.01266   0.0109  0.0095  0.0490  -3.6029   0.0000   0.2236
  12.000   1.3089   0.02144   0.01317   0.0119  0.0095  0.0489  -3.6874   0.0000   0.2225
  12.200   1.3211   0.02194   0.01372   0.0129  0.0120  0.0554  -3.7711   0.0000   0.2214
  12.400   1.3327   0.02248   0.01430   0.0140  0.0121  0.0553  -3.8568   0.0000   0.2204
  12.600   1.3439   0.02307   0.01492   0.0150  0.0121  0.0552  -3.9444   0.0000   0.2193
  12.800   1.3546   0.02369   0.01559   0.0160  0.0122  0.0551  -4.0311   0.0000   0.2183
  13.000   1.3647   0.02437   0.01631   0.0170  0.0122  0.0550  -4.1166   0.0000   0.2173
  13.200   1.3744   0.02510   0.01709   0.0179  0.0150  0.0617  -4.2012   0.0000   0.2163
  13.400   1.3834   0.02590   0.01793   0.0188  0.0151  0.0616  -4.2899   0.0000   0.2154
  13.600   1.3920   0.02677   0.01885   0.0196  0.0151  0.0616  -4.3773   0.0000   0.2145
  13.800   1.3998   0.02772   0.01985   0.0204  0.0151  0.0615  -4.4630   0.0000   0.2136
  14.000   1.4071   0.02876   0.02094   0.0211  0.0152  0.0614  -4.5468   0.0000   0.2128
  14.200   1.4138   0.02990   0.02214   0.0216  0.0152  0.0613  -4.6288   0.0000   0.2120
  14.400   1.4196   0.03115   0.02344   0.0221  0.0183  0.0683  -4.7081   0.0000   0.2113
  14.600   1.4248   0.03253   0.02488   0.0225  0.0184  0.0683  -4.7849   0.0000   0.2107
  14.800   1.4292   0.03404   0.02644   0.0227  0.0184  0.0682  -4.8641   0.0000   0.2101
  15.000   1.4327   0.03570   0.02817   0.0228  0.0184  0.0681  -4.9395   0.0000   0.2096
  15.200   1.4351   0.03753   0.03006   0.0228  0.0185  0.0681  -5.0110   0.0000   0.2092
  15.400   1.4366   0.03955   0.03215   0.0226  0.0185  0.0680  -5.0782   0.0000   0.2089
  15.600   1.4368   0.04178   0.03445   0.0223  0.0185  0.0679  -5.1398   0.0000   0.2086
  15.800   1.4355   0.04425   0.03699   0.0218  0.0219  0.0753  -5.1947   0.0000   0.2084
  16.000   1.4328   0.04697   0.03979   0.0211  0.0220  0.0752  -5.2429   0.0000   0.2084
  16.200   1.4285   0.04997   0.04287   0.0202  0.0220  0.0752  -5.2834   0.0000   0.2084
  16.400   1.4222   0.05329   0.04627   0.0192  0.0220  0.0751  -5.3142   0.0000   0.2086
  16.600   1.4139   0.05695   0.05002   0.0180  0.0220  0.0751  -5.3351   0.0000   0.2088
  16.800   1.4037   0.06099   0.05415   0.0165  0.0220  0.0751  -5.3453   0.0000   0.2092
  17.000   1.3910   0.06542   0.05869   0.0149  0.0220  0.0751  -5.3428   0.0000   0.2098
  17.200   1.3759   0.07027   0.06363   0.0130  0.0220  0.0751  -5.3271   0.0000   0.2104
  17.400   1.3587   0.07553   0.06899   0.0110  0.0220  0.0751  -5.2989   0.0000   0.2113
  17.600   1.3394   0.08114   0.07471   0.0088  0.0220  0.0751  -5.2584   0.0000   0.2123
  17.800   1.3185   0.08705   0.08073   0.0065  0.0220  0.0751  -5.2075   0.0000   0.2134
  18.000   1.2971   0.09316   0.08694   0.0040  0.0219  0.0752  -5.1506   0.0000   0.2148
  18.200   1.2759   0.09929   0.09316   0.0015  0.0219  0.0752  -5.0914   0.0000   0.2162
  18.400   1.2554   0.10538   0.09935  -0.0010  0.0219  0.0752  -5.0324   0.0000   0.2177
  18.600   1.2363   0.11133   0.10539  -0.0036  0.0219  0.0753  -4.9775   0.0000   0.2193
  18.800   1.2189   0.11711   0.11126  -0.0061  0.0219  0.0753  -4.9276   0.0000   0.2210
  19.000   1.2033   0.12259   0.11681  -0.0086  0.0218  0.0753  -4.8853   0.0000   0.2227
  19.200   1.1897   0.12784   0.12213  -0.0110  0.0218  0.0753  -4.8503   0.0000   0.2243
  19.400   1.1779   0.13286   0.12722  -0.0134  0.0218  0.0753  -4.8244   0.0000   0.2260
  19.600   1.1684   0.13753   0.13196  -0.0158  0.0218  0.0753  -4.8097   0.0000   0.2277
  19.800   1.1595   0.14214   0.13662  -0.0181  0.0218  0.0753  -4.7961   0.0000   0.2293
  20.000   1.1512   0.14665   0.14119  -0.0204  0.0218  0.0753  -4.7841   0.0000   0.2310
  20.200   1.1455   0.15075   0.14534  -0.0226  0.0218  0.0753  -4.7860   0.0000   0.2326
  20.400   1.1392   0.15502   0.14967  -0.0250  0.0218  0.0753  -4.7816   0.0000   0.2343
  20.600   1.1348   0.15896   0.15366  -0.0272  0.0218  0.0753  -4.7881   0.0000   0.2359
  20.800   1.1304   0.16297   0.15772  -0.0295  0.0218  0.0753  -4.7916   0.0000   0.2375
  21.000   1.1275   0.16671   0.16151  -0.0317  0.0218  0.0753  -4.8036   0.0000   0.2391
  21.200   1.1242   0.17057   0.16541  -0.0340  0.0218  0.0752  -4.8108   0.0000   0.2408
  21.400   1.1224   0.17411   0.16899  -0.0362  0.0218  0.0752  -4.8279   0.0000   0.2423
  21.600   1.1195   0.17789   0.17282  -0.0385  0.0255  0.0828  -4.8350   0.0000   0.2440
  21.800   1.1185   0.18131   0.17628  -0.0407  0.0255  0.0828  -4.8544   0.0000   0.2455
  22.000   1.1166   0.18496   0.17998  -0.0430  0.0255  0.0828  -4.8649   0.0000   0.2472
  22.200   1.1160   0.18837   0.18343  -0.0453  0.0256  0.0828  -4.8839   0.0000   0.2488
  22.400   1.1157   0.19174   0.18683  -0.0475  0.0256  0.0827  -4.9037   0.0000   0.2503
  22.600   1.1147   0.19529   0.19043  -0.0499  0.0256  0.0827  -4.9158   0.0000   0.2520
  22.800   1.1152   0.19850   0.19368  -0.0521  0.0256  0.0827  -4.9400   0.0000   0.2535
  23.000   1.1147   0.20201   0.19723  -0.0546  0.0256  0.0827  -4.9523   0.0000   0.2552
  23.200   1.1152   0.20528   0.20054  -0.0569  0.0256  0.0826  -4.9726   0.0000   0.2567
  23.400   1.1162   0.20844   0.20373  -0.0592  0.0256  0.0826  -4.9964   0.0000   0.2582
  23.600   1.1160   0.21193   0.20727  -0.0617  0.0256  0.0826  -5.0066   0.0000   0.2600
  23.800   1.1171   0.21509   0.21046  -0.0640  0.0296  0.0904  -5.0338   0.0000   0.2615
  24.000   1.1182   0.21828   0.21369  -0.0663  0.0297  0.0904  -5.0588   0.0000   0.2630
  24.200   1.1186   0.22166   0.21711  -0.0688  0.0297  0.0904  -5.0752   0.0000   0.2648
  24.400   1.1201   0.22476   0.22025  -0.0712  0.0297  0.0903  -5.1018   0.0000   0.2662
  24.600   1.1212   0.22798   0.22350  -0.0736  0.0297  0.0903  -5.1220   0.0000   0.2679
  24.800   1.1221   0.23123   0.22679  -0.0761  0.0297  0.0903  -5.1388   0.0000   0.2695
  25.000   1.1238   0.23428   0.22987  -0.0785  0.0297  0.0903  -5.1636   0.0000   0.2710


