xflr5 v6.47

 Calculated polar for: NACA 23015

 1 1 Reynolds number fixed          Mach number fixed         

 xtrf =   1.000 (top)        1.000 (bottom)
 Mach =   0.000     Re =     1.400 e 6     Ncrit =   1.000

  alpha     CL        CD       CDp       Cm    Top Xtr Bot Xtr   Cpmin    Chinge    XCp    
 ------- -------- --------- --------- -------- ------- ------- -------- --------- ---------
 -10.000  -0.9412   0.01425   0.00775  -0.0196  0.7235  0.0114  -6.2188   0.0000   0.2169
  -9.800  -0.9217   0.01405   0.00750  -0.0191  0.7072  0.0117  -6.0486   0.0000   0.2172
  -9.600  -0.9021   0.01386   0.00725  -0.0187  0.6911  0.0118  -5.8797   0.0000   0.2174
  -9.400  -0.8823   0.01367   0.00700  -0.0182  0.6754  0.0120  -5.7122   0.0000   0.2177
  -9.200  -0.8625   0.01348   0.00676  -0.0178  0.6602  0.0123  -5.5463   0.0000   0.2179
  -9.000  -0.8424   0.01330   0.00653  -0.0174  0.6452  0.0124  -5.3816   0.0000   0.2181
  -8.800  -0.8223   0.01313   0.00631  -0.0170  0.6306  0.0126  -5.2183   0.0000   0.2182
  -8.600  -0.8019   0.01296   0.00609  -0.0166  0.6163  0.0128  -5.0565   0.0000   0.2183
  -8.400  -0.7815   0.01280   0.00589  -0.0162  0.6022  0.0131  -4.8962   0.0000   0.2184
  -8.200  -0.7610   0.01265   0.00568  -0.0159  0.5882  0.0133  -4.7375   0.0000   0.2185
  -8.000  -0.7403   0.01250   0.00549  -0.0156  0.5746  0.0135  -4.5805   0.0000   0.2185
  -7.800  -0.7195   0.01236   0.00530  -0.0153  0.5613  0.0137  -4.4267   0.0000   0.2185
  -7.600  -0.6986   0.01222   0.00512  -0.0150  0.5481  0.0140  -4.2824   0.0000   0.2184
  -7.400  -0.6777   0.01209   0.00495  -0.0147  0.5349  0.0142  -4.1397   0.0000   0.2183
  -7.200  -0.6566   0.01197   0.00478  -0.0144  0.5217  0.0144  -3.9986   0.0000   0.2181
  -7.000  -0.6355   0.01185   0.00462  -0.0142  0.5086  0.0146  -3.8590   0.0000   0.2179
  -6.800  -0.6143   0.01174   0.00446  -0.0139  0.4955  0.0150  -3.7210   0.0000   0.2177
  -6.600  -0.5932   0.01162   0.00430  -0.0137  0.4826  0.0155  -3.5848   0.0000   0.2174
  -6.400  -0.5720   0.01151   0.00415  -0.0134  0.4695  0.0161  -3.4502   0.0000   0.2171
  -6.200  -0.5506   0.01141   0.00401  -0.0132  0.4562  0.0166  -3.3174   0.0000   0.2167
  -6.000  -0.5292   0.01132   0.00387  -0.0130  0.4427  0.0169  -3.1864   0.0000   0.2162
  -5.800  -0.5077   0.01124   0.00375  -0.0128  0.4287  0.0172  -3.0572   0.0000   0.2157
  -5.600  -0.4861   0.01116   0.00363  -0.0126  0.4140  0.0175  -2.9298   0.0000   0.2150
  -5.400  -0.4647   0.01112   0.00351  -0.0124  0.3927  0.0179  -2.8048   0.0000   0.2144
  -5.200  -0.4436   0.01113   0.00341  -0.0121  0.3595  0.0182  -2.6827   0.0000   0.2137
  -5.000  -0.4226   0.01115   0.00332  -0.0119  0.3237  0.0185  -2.5626   0.0000   0.2130
  -4.800  -0.4013   0.01113   0.00322  -0.0116  0.2982  0.0191  -2.4487   0.0000   0.2121
  -4.600  -0.3797   0.01108   0.00312  -0.0114  0.2840  0.0201  -2.3385   0.0000   0.2110
  -4.400  -0.3578   0.01101   0.00303  -0.0113  0.2750  0.0210  -2.2295   0.0000   0.2096
  -4.200  -0.3359   0.01096   0.00294  -0.0112  0.2655  0.0216  -2.1224   0.0000   0.2079
  -4.000  -0.3138   0.01091   0.00286  -0.0110  0.2588  0.0220  -2.0168   0.0000   0.2059
  -3.800  -0.2918   0.01085   0.00279  -0.0109  0.2518  0.0225  -1.9128   0.0000   0.2036
  -3.600  -0.2697   0.01080   0.00271  -0.0108  0.2457  0.0231  -1.8105   0.0000   0.2009
  -3.400  -0.2476   0.01075   0.00264  -0.0107  0.2381  0.0241  -1.7100   0.0000   0.1977
  -3.200  -0.2254   0.01069   0.00257  -0.0106  0.2336  0.0255  -1.6109   0.0000   0.1938
  -3.000  -0.2032   0.01065   0.00251  -0.0105  0.2292  0.0265  -1.5163   0.0000   0.1889
  -2.800  -0.1810   0.01060   0.00246  -0.0104  0.2242  0.0274  -1.4278   0.0000   0.1828
  -2.600  -0.1587   0.01057   0.00240  -0.0103  0.2191  0.0283  -1.3408   0.0000   0.1749
  -2.400  -0.1364   0.01053   0.00235  -0.0103  0.2154  0.0295  -1.2552   0.0000   0.1644
  -2.200  -0.1140   0.01049   0.00231  -0.0102  0.2130  0.0311  -1.1710   0.0000   0.1495
  -2.000  -0.0916   0.01044   0.00226  -0.0102  0.2094  0.0331  -1.0884   0.0000   0.1274
  -1.800  -0.0693   0.01042   0.00223  -0.0101  0.2053  0.0343  -1.0076   0.0000   0.0910
  -1.600  -0.0468   0.01040   0.00219  -0.0100  0.2022  0.0356  -0.9340   0.0000   0.0192
  -1.400  -0.0244   0.01036   0.00216  -0.0100  0.2001  0.0382  -0.8618   0.0000  -0.1846
  -1.200  -0.0019   0.01033   0.00214  -0.0100  0.1976  0.0406  -0.7909   0.0000  -5.1714
  -1.000   0.0205   0.01032   0.00211  -0.0099  0.1944  0.0423  -0.7214   0.0000   0.7477
  -0.800   0.0429   0.01030   0.00210  -0.0099  0.1915  0.0455  -0.7059   0.0000   0.4829
  -0.600   0.0654   0.01028   0.00208  -0.0098  0.1889  0.0489  -0.7340   0.0000   0.3999
  -0.400   0.0879   0.01026   0.00206  -0.0098  0.1871  0.0519  -0.7623   0.0000   0.3594
  -0.200   0.1104   0.01025   0.00206  -0.0098  0.1848  0.0566  -0.7908   0.0000   0.3353
   0.000   0.1328   0.01024   0.00205  -0.0097  0.1822  0.0612  -0.8194   0.0000   0.3194
   0.200   0.1552   0.01023   0.00205  -0.0097  0.1794  0.0673  -0.8493   0.0000   0.3081
   0.400   0.1776   0.01021   0.00205  -0.0097  0.1771  0.0751  -0.8796   0.0000   0.2996
   0.800   0.2214   0.01005   0.00203  -0.0095  0.1735  0.1347  -0.9397   0.0000   0.2873
   1.000   0.2376   0.00928   0.00190  -0.0086  0.1716  0.3454  -0.9654   0.0000   0.2805
   1.200   0.2587   0.00913   0.00190  -0.0084  0.1689  0.3953  -0.9962   0.0000   0.2766
   1.400   0.2810   0.00912   0.00192  -0.0084  0.1665  0.4131  -1.0287   0.0000   0.2737
   1.600   0.3036   0.00914   0.00195  -0.0084  0.1651  0.4198  -1.0617   0.0000   0.2713
   1.800   0.3262   0.00918   0.00199  -0.0084  0.1633  0.4275  -1.0949   0.0000   0.2693
   2.000   0.3488   0.00920   0.00202  -0.0084  0.1612  0.4350  -1.1283   0.0000   0.2675
   2.200   0.3713   0.00924   0.00207  -0.0084  0.1586  0.4430  -1.1627   0.0000   0.2659
   2.400   0.3938   0.00928   0.00211  -0.0084  0.1563  0.4512  -1.1980   0.0000   0.2644
   2.600   0.4163   0.00931   0.00216  -0.0084  0.1549  0.4595  -1.2335   0.0000   0.2631
   2.800   0.4387   0.00935   0.00221  -0.0084  0.1533  0.4684  -1.2692   0.0000   0.2619
   3.000   0.4611   0.00939   0.00226  -0.0084  0.1512  0.4772  -1.3052   0.0000   0.2608
   3.200   0.4835   0.00944   0.00232  -0.0084  0.1486  0.4864  -1.3422   0.0000   0.2598
   3.400   0.5058   0.00949   0.00238  -0.0084  0.1466  0.4958  -1.3801   0.0000   0.2589
   3.600   0.5281   0.00953   0.00244  -0.0084  0.1452  0.5055  -1.4182   0.0000   0.2580
   3.800   0.5504   0.00958   0.00251  -0.0084  0.1436  0.5152  -1.4566   0.0000   0.2571
   4.000   0.5726   0.00963   0.00258  -0.0084  0.1414  0.5254  -1.4953   0.0000   0.2564
   4.200   0.5947   0.00969   0.00265  -0.0084  0.1390  0.5358  -1.5353   0.0000   0.2556
   4.400   0.6169   0.00975   0.00273  -0.0083  0.1372  0.5460  -1.5760   0.0000   0.2549
   4.800   0.6610   0.00987   0.00290  -0.0083  0.1340  0.5682  -1.6582   0.0000   0.2535
   5.000   0.6830   0.00994   0.00299  -0.0082  0.1317  0.5793  -1.6998   0.0000   0.2529
   5.200   0.7048   0.01001   0.00308  -0.0082  0.1294  0.5908  -1.7432   0.0000   0.2523
   5.400   0.7267   0.01008   0.00318  -0.0081  0.1280  0.6025  -1.7869   0.0000   0.2516
   5.600   0.7485   0.01016   0.00328  -0.0081  0.1262  0.6146  -1.8308   0.0000   0.2510
   5.800   0.7702   0.01023   0.00339  -0.0080  0.1243  0.6270  -1.8750   0.0000   0.2504
   6.000   0.7919   0.01031   0.00350  -0.0079  0.1219  0.6396  -1.9208   0.0000   0.2499
   6.200   0.8135   0.01039   0.00361  -0.0079  0.1202  0.6525  -1.9674   0.0000   0.2493
   6.400   0.8350   0.01048   0.00373  -0.0078  0.1184  0.6656  -2.0141   0.0000   0.2487
   6.600   0.8563   0.01057   0.00385  -0.0076  0.1164  0.6790  -2.0611   0.0000   0.2481
   6.800   0.8777   0.01067   0.00398  -0.0075  0.1142  0.6926  -2.1100   0.0000   0.2476
   7.000   0.8990   0.01076   0.00411  -0.0074  0.1124  0.7067  -2.1595   0.0000   0.2470
   7.200   0.9201   0.01086   0.00425  -0.0073  0.1104  0.7210  -2.2092   0.0000   0.2464
   7.400   0.9410   0.01098   0.00440  -0.0071  0.1082  0.7355  -2.2594   0.0000   0.2458
   7.600   0.9620   0.01108   0.00454  -0.0069  0.1061  0.7504  -2.3119   0.0000   0.2453
   7.800   0.9828   0.01119   0.00470  -0.0068  0.1042  0.7654  -2.3645   0.0000   0.2447
   8.000   1.0033   0.01132   0.00486  -0.0065  0.1018  0.7807  -2.4171   0.0000   0.2440
   8.200   1.0237   0.01145   0.00503  -0.0063  0.0996  0.7961  -2.4723   0.0000   0.2434
   8.400   1.0442   0.01158   0.00520  -0.0060  0.0975  0.8115  -2.5279   0.0000   0.2428
   8.600   1.0643   0.01172   0.00539  -0.0057  0.0951  0.8269  -2.5841   0.0000   0.2422
   8.800   1.0840   0.01188   0.00558  -0.0054  0.0926  0.8422  -2.6420   0.0000   0.2415
   9.000   1.1038   0.01202   0.00577  -0.0050  0.0903  0.8574  -2.7006   0.0000   0.2408
   9.200   1.1232   0.01219   0.00599  -0.0046  0.0877  0.8723  -2.7612   0.0000   0.2401
   9.400   1.1421   0.01239   0.00621  -0.0041  0.0849  0.8869  -2.8220   0.0000   0.2393
   9.600   1.1611   0.01256   0.00643  -0.0036  0.0823  0.9008  -2.8859   0.0000   0.2385
   9.800   1.1793   0.01278   0.00667  -0.0030  0.0792  0.9142  -2.9501   0.0000   0.2377
  10.000   1.1974   0.01301   0.00692  -0.0024  0.0762  0.9268  -3.0170   0.0000   0.2368
  10.200   1.2151   0.01325   0.00719  -0.0017  0.0729  0.9388  -3.0866   0.0000   0.2359
  10.400   1.2327   0.01353   0.00747  -0.0010  0.0695  0.9498  -3.1593   0.0000   0.2350
  10.600   1.2506   0.01383   0.00777  -0.0005  0.0657  0.9596  -3.2364   0.0000   0.2343
  10.800   1.2691   0.01415   0.00809  -0.0001  0.0619  0.9680  -3.3184   0.0000   0.2336
  11.000   1.2876   0.01453   0.00846   0.0002  0.0577  0.9752  -3.4050   0.0000   0.2331
  11.200   1.3064   0.01490   0.00881   0.0005  0.0536  0.9815  -3.4963   0.0000   0.2326
  11.400   1.3245   0.01530   0.00920   0.0008  0.0496  0.9874  -3.5889   0.0000   0.2321
  11.600   1.3419   0.01574   0.00962   0.0012  0.0457  0.9929  -3.6842   0.0000   0.2315
  11.800   1.3592   0.01614   0.01001   0.0016  0.0424  0.9983  -3.7820   0.0000   0.2308
  12.000   1.3715   0.01656   0.01042   0.0030  0.0393  1.0000  -3.8683   0.0000   0.2295
  12.200   1.3829   0.01696   0.01083   0.0045  0.0367  1.0000  -3.9572   0.0000   0.2280
  12.400   1.3943   0.01740   0.01127   0.0060  0.0344  1.0000  -4.0477   0.0000   0.2266
  12.600   1.4059   0.01786   0.01173   0.0074  0.0321  1.0000  -4.1394   0.0000   0.2253
  12.800   1.4171   0.01836   0.01224   0.0088  0.0302  1.0000  -4.2307   0.0000   0.2241
  13.000   1.4286   0.01886   0.01276   0.0100  0.0283  1.0000  -4.3256   0.0000   0.2229
  13.200   1.4393   0.01943   0.01333   0.0113  0.0266  1.0000  -4.4224   0.0000   0.2217
  13.400   1.4504   0.01998   0.01390   0.0124  0.0254  1.0000  -4.5215   0.0000   0.2206
  13.600   1.4608   0.02059   0.01453   0.0135  0.0239  1.0000  -4.6187   0.0000   0.2195
  13.800   1.4701   0.02130   0.01526   0.0147  0.0224  1.0000  -4.7127   0.0000   0.2184
  14.000   1.4801   0.02199   0.01597   0.0157  0.0214  1.0000  -4.8100   0.0000   0.2174
  14.200   1.4902   0.02269   0.01670   0.0166  0.0207  1.0000  -4.9078   0.0000   0.2164
  14.400   1.4992   0.02349   0.01753   0.0175  0.0198  1.0000  -5.0082   0.0000   0.2155
  14.600   1.5068   0.02442   0.01848   0.0184  0.0187  1.0000  -5.1047   0.0000   0.2145
  14.800   1.5145   0.02539   0.01948   0.0192  0.0178  1.0000  -5.2017   0.0000   0.2136
  15.000   1.5217   0.02643   0.02056   0.0200  0.0169  1.0000  -5.2972   0.0000   0.2128
  15.200   1.5282   0.02757   0.02174   0.0206  0.0162  1.0000  -5.3906   0.0000   0.2120
  15.400   1.5345   0.02878   0.02298   0.0211  0.0157  1.0000  -5.4832   0.0000   0.2112
  15.600   1.5401   0.03008   0.02433   0.0215  0.0153  1.0000  -5.5738   0.0000   0.2106
  15.800   1.5452   0.03150   0.02580   0.0218  0.0150  1.0000  -5.6619   0.0000   0.2099
  16.000   1.5497   0.03302   0.02736   0.0220  0.0146  1.0000  -5.7478   0.0000   0.2094
  16.200   1.5527   0.03473   0.02912   0.0221  0.0141  1.0000  -5.8279   0.0000   0.2089
  16.400   1.5545   0.03664   0.03109   0.0221  0.0135  1.0000  -5.9029   0.0000   0.2084
  16.600   1.5545   0.03880   0.03331   0.0219  0.0129  1.0000  -5.9748   0.0000   0.2080
  16.800   1.5529   0.04119   0.03576   0.0216  0.0124  1.0000  -6.0388   0.0000   0.2077
  17.000   1.5502   0.04380   0.03842   0.0211  0.0120  1.0000  -6.0968   0.0000   0.2075
  17.200   1.5470   0.04653   0.04123   0.0204  0.0118  1.0000  -6.1521   0.0000   0.2073
  17.400   1.5430   0.04944   0.04421   0.0196  0.0116  1.0000  -6.2026   0.0000   0.2073
  17.600   1.5373   0.05261   0.04746   0.0187  0.0115  1.0000  -6.2440   0.0000   0.2073
  17.800   1.5297   0.05610   0.05103   0.0176  0.0113  1.0000  -6.2753   0.0000   0.2074
  18.000   1.5200   0.05995   0.05497   0.0163  0.0112  1.0000  -6.2951   0.0000   0.2076
  18.200   1.5080   0.06415   0.05926   0.0149  0.0111  1.0000  -6.3018   0.0000   0.2079
  18.400   1.4937   0.06873   0.06394   0.0132  0.0110  1.0000  -6.2949   0.0000   0.2084
  18.600   1.4773   0.07371   0.06903   0.0113  0.0110  1.0000  -6.2746   0.0000   0.2090
  18.800   1.4584   0.07908   0.07451   0.0093  0.0109  1.0000  -6.2398   0.0000   0.2097
  19.000   1.4376   0.08481   0.08034   0.0071  0.0109  1.0000  -6.1914   0.0000   0.2106
  19.200   1.4155   0.09081   0.08646   0.0047  0.0109  1.0000  -6.1335   0.0000   0.2117
  19.400   1.3925   0.09704   0.09279   0.0022  0.0108  1.0000  -6.0669   0.0000   0.2129
  19.600   1.3691   0.10337   0.09924  -0.0005  0.0108  1.0000  -5.9945   0.0000   0.2143
  19.800   1.3479   0.10947   0.10544  -0.0031  0.0108  1.0000  -5.9309   0.0000   0.2157
  20.000   1.3270   0.11563   0.11170  -0.0058  0.0108  1.0000  -5.8648   0.0000   0.2173
  20.200   1.3083   0.12145   0.11760  -0.0085  0.0107  1.0000  -5.8086   0.0000   0.2189
  20.400   1.2919   0.12700   0.12324  -0.0111  0.0106  1.0000  -5.7618   0.0000   0.2205
  20.600   1.2773   0.13233   0.12865  -0.0137  0.0105  1.0000  -5.7228   0.0000   0.2221
  20.800   1.2646   0.13743   0.13381  -0.0163  0.0105  1.0000  -5.6916   0.0000   0.2238
  21.000   1.2542   0.14214   0.13859  -0.0187  0.0103  1.0000  -5.6727   0.0000   0.2254
  21.200   1.2441   0.14681   0.14332  -0.0212  0.0102  1.0000  -5.6537   0.0000   0.2270
  21.400   1.2347   0.15148   0.14804  -0.0238  0.0100  1.0000  -5.6349   0.0000   0.2287
  21.600   1.2279   0.15570   0.15232  -0.0262  0.0098  1.0000  -5.6317   0.0000   0.2303
  21.800   1.2201   0.16018   0.15684  -0.0288  0.0096  1.0000  -5.6186   0.0000   0.2320
  22.000   1.2140   0.16437   0.16108  -0.0313  0.0093  1.0000  -5.6155   0.0000   0.2337
  22.200   1.2090   0.16842   0.16517  -0.0338  0.0091  1.0000  -5.6168   0.0000   0.2354
  22.400   1.2052   0.17222   0.16902  -0.0362  0.0089  1.0000  -5.6260   0.0000   0.2369
  22.600   1.2014   0.17604   0.17288  -0.0386  0.0087  1.0000  -5.6326   0.0000   0.2385
  22.800   1.1993   0.17953   0.17641  -0.0409  0.0084  1.0000  -5.6508   0.0000   0.2400
  23.000   1.1956   0.18340   0.18032  -0.0434  0.0082  1.0000  -5.6539   0.0000   0.2417
  23.200   1.1945   0.18676   0.18371  -0.0457  0.0080  1.0000  -5.6793   0.0000   0.2431
  23.400   1.1920   0.19045   0.18744  -0.0482  0.0079  1.0000  -5.6924   0.0000   0.2448
  23.600   1.1912   0.19379   0.19082  -0.0506  0.0077  1.0000  -5.7192   0.0000   0.2462
  23.800   1.1909   0.19706   0.19412  -0.0529  0.0076  1.0000  -5.7478   0.0000   0.2477
  24.000   1.1890   0.20067   0.19777  -0.0555  0.0075  1.0000  -5.7613   0.0000   0.2494
  24.200   1.1891   0.20391   0.20103  -0.0578  0.0073  1.0000  -5.7910   0.0000   0.2508
  24.400   1.1885   0.20730   0.20446  -0.0603  0.0072  1.0000  -5.8122   0.0000   0.2524
  24.600   1.1879   0.21070   0.20789  -0.0629  0.0070  1.0000  -5.8322   0.0000   0.2540
  24.800   1.1885   0.21384   0.21106  -0.0653  0.0069  1.0000  -5.8627   0.0000   0.2554
  25.000   1.1881   0.21721   0.21446  -0.0678  0.0068  1.0000  -5.8820   0.0000   0.2570


