xflr5 v6.47

 Calculated polar for: NACA 23015

 1 1 Reynolds number fixed          Mach number fixed         

 xtrf =   1.000 (top)        1.000 (bottom)
 Mach =   0.003     Re =     0.920 e 6     Ncrit =   7.000

  alpha     CL        CD       CDp       Cm    Top Xtr Bot Xtr   Cpmin    Chinge    XCp    
 ------- -------- --------- --------- -------- ------- ------- -------- --------- ---------
 -15.000  -1.2213   0.03228   0.02756  -0.0497  1.0000  0.0167  -9.6489   0.0000   0.1897
 -14.800  -1.2145   0.03112   0.02634  -0.0491  1.0000  0.0168  -9.5177   0.0000   0.1904
 -14.600  -1.2073   0.03003   0.02518  -0.0484  1.0000  0.0170  -9.3849   0.0000   0.1911
 -14.400  -1.1999   0.02899   0.02409  -0.0476  1.0000  0.0171  -9.2514   0.0000   0.1919
 -14.200  -1.1922   0.02801   0.02305  -0.0466  1.0000  0.0173  -9.1167   0.0000   0.1928
 -14.000  -1.1839   0.02710   0.02207  -0.0456  1.0000  0.0174  -8.9794   0.0000   0.1937
 -13.800  -1.1752   0.02625   0.02116  -0.0445  1.0000  0.0176  -8.8398   0.0000   0.1947
 -13.600  -1.1660   0.02546   0.02031  -0.0434  1.0000  0.0177  -8.6976   0.0000   0.1957
 -13.400  -1.1564   0.02473   0.01952  -0.0422  1.0000  0.0179  -8.5533   0.0000   0.1968
 -13.200  -1.1462   0.02405   0.01879  -0.0409  1.0000  0.0180  -8.4068   0.0000   0.1979
 -13.000  -1.1357   0.02342   0.01811  -0.0396  1.0000  0.0182  -8.2584   0.0000   0.1990
 -12.800  -1.1248   0.02285   0.01748  -0.0382  1.0000  0.0183  -8.1083   0.0000   0.2002
 -12.600  -1.1136   0.02232   0.01690  -0.0368  1.0000  0.0184  -7.9572   0.0000   0.2014
 -12.400  -1.1024   0.02184   0.01637  -0.0352  1.0000  0.0185  -7.8061   0.0000   0.2028
 -12.200  -1.0977   0.02101   0.01549  -0.0327  1.0000  0.0187  -7.6976   0.0000   0.2052
 -12.000  -1.0912   0.02040   0.01484  -0.0303  1.0000  0.0190  -7.5803   0.0000   0.2076
 -11.800  -1.0816   0.01989   0.01431  -0.0283  1.0000  0.0192  -7.4495   0.0000   0.2094
 -11.600  -1.0707   0.01947   0.01387  -0.0264  1.0000  0.0195  -7.3113   0.0000   0.2112
 -11.400  -1.0598   0.01909   0.01348  -0.0245  1.0000  0.0197  -7.1727   0.0000   0.2130
 -11.200  -1.0488   0.01875   0.01311  -0.0226  1.0000  0.0199  -7.0340   0.0000   0.2148
 -11.000  -1.0379   0.01843   0.01277  -0.0206  1.0000  0.0201  -6.8971   0.0000   0.2168
 -10.800  -1.0273   0.01812   0.01244  -0.0184  1.0000  0.0204  -6.7629   0.0000   0.2189
 -10.600  -1.0171   0.01782   0.01212  -0.0163  1.0000  0.0206  -6.6314   0.0000   0.2211
 -10.400  -1.0071   0.01753   0.01181  -0.0140  1.0000  0.0208  -6.5021   0.0000   0.2235
 -10.200  -0.9848   0.01715   0.01140  -0.0143  0.9990  0.0212  -6.3249   0.0000   0.2231
 -10.000  -0.9595   0.01676   0.01098  -0.0152  0.9977  0.0215  -6.1378   0.0000   0.2220
  -9.800  -0.9342   0.01640   0.01059  -0.0160  0.9963  0.0219  -5.9519   0.0000   0.2208
  -9.600  -0.9084   0.01609   0.01025  -0.0169  0.9947  0.0222  -5.7648   0.0000   0.2195
  -9.400  -0.8837   0.01557   0.00971  -0.0177  0.9933  0.0227  -5.5909   0.0000   0.2182
  -9.200  -0.8595   0.01511   0.00925  -0.0184  0.9911  0.0232  -5.4174   0.0000   0.2171
  -9.000  -0.8339   0.01476   0.00890  -0.0193  0.9892  0.0237  -5.2377   0.0000   0.2155
  -8.800  -0.8072   0.01444   0.00857  -0.0203  0.9878  0.0242  -5.0561   0.0000   0.2136
  -8.600  -0.7817   0.01413   0.00826  -0.0211  0.9856  0.0247  -4.8815   0.0000   0.2118
  -8.400  -0.7569   0.01383   0.00794  -0.0217  0.9825  0.0252  -4.7128   0.0000   0.2103
  -8.200  -0.7312   0.01353   0.00763  -0.0225  0.9801  0.0257  -4.5435   0.0000   0.2083
  -8.000  -0.7085   0.01328   0.00735  -0.0226  0.9751  0.0262  -4.3867   0.0000   0.2073
  -7.800  -0.6856   0.01297   0.00702  -0.0228  0.9707  0.0266  -4.2325   0.0000   0.2061
  -7.600  -0.6643   0.01260   0.00666  -0.0227  0.9650  0.0274  -4.0862   0.0000   0.2054
  -7.400  -0.6434   0.01235   0.00640  -0.0224  0.9582  0.0281  -3.9477   0.0000   0.2049
  -7.200  -0.6223   0.01213   0.00618  -0.0220  0.9512  0.0288  -3.8124   0.0000   0.2043
  -7.000  -0.6015   0.01193   0.00596  -0.0216  0.9437  0.0295  -3.6796   0.0000   0.2039
  -6.800  -0.5809   0.01175   0.00575  -0.0212  0.9353  0.0303  -3.5497   0.0000   0.2036
  -6.600  -0.5605   0.01159   0.00555  -0.0207  0.9258  0.0308  -3.4217   0.0000   0.2032
  -6.400  -0.5413   0.01131   0.00525  -0.0200  0.9156  0.0319  -3.3021   0.0000   0.2033
  -6.200  -0.5212   0.01111   0.00504  -0.0194  0.9048  0.0328  -3.1781   0.0000   0.2031
  -6.000  -0.5007   0.01095   0.00485  -0.0189  0.8934  0.0337  -3.0547   0.0000   0.2026
  -5.800  -0.4801   0.01081   0.00467  -0.0184  0.8812  0.0347  -2.9329   0.0000   0.2021
  -5.600  -0.4592   0.01069   0.00449  -0.0180  0.8683  0.0355  -2.8125   0.0000   0.2014
  -5.400  -0.4390   0.01050   0.00426  -0.0175  0.8545  0.0368  -2.6964   0.0000   0.2008
  -5.200  -0.4184   0.01037   0.00409  -0.0170  0.8398  0.0381  -2.5788   0.0000   0.2000
  -5.000  -0.3975   0.01027   0.00394  -0.0166  0.8218  0.0395  -2.4623   0.0000   0.1990
  -4.800  -0.3767   0.01022   0.00379  -0.0161  0.8002  0.0408  -2.3512   0.0000   0.1980
  -4.600  -0.3565   0.01010   0.00361  -0.0156  0.7771  0.0427  -2.2494   0.0000   0.1970
  -4.400  -0.3356   0.01002   0.00347  -0.0152  0.7570  0.0444  -2.1467   0.0000   0.1955
  -4.200  -0.3142   0.00996   0.00334  -0.0149  0.7400  0.0461  -2.0447   0.0000   0.1933
  -4.000  -0.2931   0.00986   0.00320  -0.0146  0.7231  0.0483  -1.9451   0.0000   0.1910
  -3.800  -0.2717   0.00979   0.00309  -0.0143  0.7060  0.0508  -1.8457   0.0000   0.1881
  -3.600  -0.2504   0.00973   0.00297  -0.0140  0.6891  0.0536  -1.7482   0.0000   0.1847
  -3.400  -0.2290   0.00967   0.00287  -0.0137  0.6728  0.0569  -1.6517   0.0000   0.1805
  -3.200  -0.2075   0.00960   0.00276  -0.0135  0.6558  0.0604  -1.5570   0.0000   0.1753
  -3.000  -0.1859   0.00956   0.00267  -0.0132  0.6386  0.0645  -1.4673   0.0000   0.1688
  -2.800  -0.1644   0.00949   0.00258  -0.0130  0.6220  0.0698  -1.3828   0.0000   0.1606
  -2.600  -0.1429   0.00943   0.00249  -0.0128  0.6057  0.0767  -1.2995   0.0000   0.1499
  -2.400  -0.1215   0.00937   0.00241  -0.0125  0.5889  0.0858  -1.2178   0.0000   0.1356
  -2.200  -0.1003   0.00930   0.00233  -0.0123  0.5721  0.0994  -1.1378   0.0000   0.1156
  -2.000  -0.0796   0.00915   0.00223  -0.0120  0.5561  0.1259  -1.0603   0.0000   0.0866
  -1.800  -0.0654   0.00826   0.00194  -0.0108  0.5421  0.2989  -0.9976   0.0000   0.0711
  -1.600  -0.0465   0.00794   0.00185  -0.0102  0.5267  0.3745  -0.9315   0.0000   0.0137
  -1.400  -0.0265   0.00775   0.00179  -0.0098  0.5107  0.4261  -0.8642   0.0000  -0.1427
  -1.200  -0.0060   0.00763   0.00175  -0.0095  0.4945  0.4666  -0.7970   0.0000  -1.4066
  -1.000   0.0148   0.00754   0.00173  -0.0091  0.4792  0.5034  -0.7306   0.0000   0.8877
  -0.800   0.0358   0.00748   0.00171  -0.0088  0.4642  0.5340  -0.7001   0.0000   0.5004
  -0.600   0.0569   0.00743   0.00170  -0.0085  0.4485  0.5631  -0.7270   0.0000   0.3998
  -0.400   0.0781   0.00741   0.00170  -0.0083  0.4326  0.5900  -0.7541   0.0000   0.3535
  -0.200   0.0993   0.00741   0.00171  -0.0080  0.4172  0.6156  -0.7815   0.0000   0.3270
   0.000   0.1205   0.00740   0.00172  -0.0077  0.4029  0.6403  -0.8089   0.0000   0.3097
   0.200   0.1417   0.00740   0.00174  -0.0074  0.3886  0.6639  -0.8378   0.0000   0.2976
   0.400   0.1630   0.00742   0.00176  -0.0071  0.3742  0.6878  -0.8669   0.0000   0.2887
   0.600   0.1840   0.00743   0.00179  -0.0068  0.3599  0.7119  -0.8960   0.0000   0.2815
   0.800   0.2049   0.00744   0.00184  -0.0064  0.3464  0.7386  -0.9252   0.0000   0.2756
   1.000   0.2260   0.00747   0.00188  -0.0061  0.3340  0.7618  -0.9548   0.0000   0.2710
   1.200   0.2477   0.00753   0.00193  -0.0059  0.3220  0.7765  -0.9860   0.0000   0.2675
   1.600   0.2911   0.00767   0.00203  -0.0055  0.2990  0.8026  -1.0497   0.0000   0.2623
   1.800   0.3129   0.00773   0.00209  -0.0053  0.2892  0.8154  -1.0818   0.0000   0.2602
   2.000   0.3347   0.00781   0.00215  -0.0051  0.2807  0.8279  -1.1142   0.0000   0.2584
   2.200   0.3563   0.00789   0.00222  -0.0049  0.2725  0.8401  -1.1477   0.0000   0.2567
   2.400   0.3781   0.00796   0.00229  -0.0047  0.2649  0.8519  -1.1820   0.0000   0.2552
   2.600   0.3997   0.00804   0.00236  -0.0045  0.2582  0.8632  -1.2164   0.0000   0.2539
   2.800   0.4214   0.00813   0.00244  -0.0043  0.2518  0.8741  -1.2510   0.0000   0.2526
   3.000   0.4431   0.00821   0.00253  -0.0041  0.2467  0.8844  -1.2859   0.0000   0.2515
   3.200   0.4647   0.00830   0.00261  -0.0038  0.2416  0.8944  -1.3221   0.0000   0.2504
   3.400   0.4862   0.00840   0.00270  -0.0036  0.2368  0.9040  -1.3589   0.0000   0.2494
   3.600   0.5079   0.00849   0.00279  -0.0034  0.2324  0.9133  -1.3960   0.0000   0.2485
   3.800   0.5293   0.00860   0.00289  -0.0031  0.2282  0.9216  -1.4331   0.0000   0.2475
   4.000   0.5509   0.00870   0.00299  -0.0029  0.2248  0.9294  -1.4706   0.0000   0.2467
   4.200   0.5726   0.00880   0.00309  -0.0027  0.2213  0.9370  -1.5100   0.0000   0.2460
   4.400   0.5940   0.00892   0.00319  -0.0024  0.2177  0.9444  -1.5495   0.0000   0.2452
   4.600   0.6161   0.00905   0.00331  -0.0023  0.2145  0.9504  -1.5900   0.0000   0.2448
   4.800   0.6382   0.00915   0.00341  -0.0022  0.2116  0.9566  -1.6308   0.0000   0.2443
   5.000   0.6607   0.00928   0.00353  -0.0022  0.2086  0.9622  -1.6727   0.0000   0.2440
   5.200   0.6838   0.00943   0.00365  -0.0024  0.2055  0.9668  -1.7169   0.0000   0.2440
   5.400   0.7068   0.00955   0.00377  -0.0026  0.2029  0.9718  -1.7612   0.0000   0.2439
   5.600   0.7321   0.00968   0.00389  -0.0032  0.2000  0.9749  -1.8084   0.0000   0.2445
   5.800   0.7566   0.00982   0.00403  -0.0037  0.1973  0.9784  -1.8553   0.0000   0.2449
   6.000   0.7817   0.01000   0.00417  -0.0044  0.1944  0.9813  -1.9049   0.0000   0.2454
   6.200   0.8087   0.01013   0.00430  -0.0055  0.1919  0.9832  -1.9572   0.0000   0.2464
   6.400   0.8353   0.01026   0.00444  -0.0065  0.1893  0.9854  -2.0094   0.0000   0.2471
   6.600   0.8616   0.01042   0.00458  -0.0075  0.1866  0.9874  -2.0626   0.0000   0.2478
   6.800   0.8891   0.01062   0.00475  -0.0087  0.1838  0.9885  -2.1190   0.0000   0.2488
   7.000   0.9167   0.01075   0.00489  -0.0100  0.1815  0.9899  -2.1760   0.0000   0.2496
   7.200   0.9434   0.01089   0.00503  -0.0110  0.1790  0.9916  -2.2327   0.0000   0.2502
   7.400   0.9696   0.01106   0.00519  -0.0120  0.1765  0.9932  -2.2915   0.0000   0.2507
   7.600   0.9966   0.01126   0.00537  -0.0132  0.1737  0.9943  -2.3516   0.0000   0.2513
   7.800   1.0236   0.01140   0.00552  -0.0144  0.1715  0.9956  -2.4129   0.0000   0.2519
   8.000   1.0503   0.01155   0.00568  -0.0155  0.1692  0.9970  -2.4764   0.0000   0.2523
   8.200   1.0768   0.01173   0.00585  -0.0166  0.1665  0.9980  -2.5404   0.0000   0.2527
   8.400   1.1031   0.01194   0.00604  -0.0177  0.1639  0.9991  -2.6063   0.0000   0.2531
   8.600   1.1281   0.01209   0.00621  -0.0184  0.1618  1.0000  -2.6719   0.0000   0.2531
   8.800   1.1437   0.01222   0.00636  -0.0172  0.1598  1.0000  -2.7252   0.0000   0.2516
   9.000   1.1589   0.01237   0.00651  -0.0159  0.1577  1.0000  -2.7799   0.0000   0.2500
   9.200   1.1737   0.01254   0.00668  -0.0146  0.1555  1.0000  -2.8348   0.0000   0.2484
   9.400   1.1883   0.01273   0.00687  -0.0132  0.1534  1.0000  -2.8918   0.0000   0.2468
   9.600   1.2043   0.01286   0.00702  -0.0120  0.1516  1.0000  -2.9527   0.0000   0.2454
   9.800   1.2200   0.01302   0.00720  -0.0109  0.1495  1.0000  -3.0157   0.0000   0.2440
  10.000   1.2354   0.01320   0.00738  -0.0097  0.1473  1.0000  -3.0813   0.0000   0.2426
  10.200   1.2504   0.01342   0.00759  -0.0084  0.1449  1.0000  -3.1487   0.0000   0.2412
  10.400   1.2663   0.01360   0.00779  -0.0073  0.1430  1.0000  -3.2213   0.0000   0.2400
  10.600   1.2826   0.01377   0.00798  -0.0063  0.1408  1.0000  -3.2985   0.0000   0.2388
  10.800   1.2986   0.01398   0.00820  -0.0053  0.1384  1.0000  -3.3796   0.0000   0.2377
  11.000   1.3142   0.01424   0.00844  -0.0043  0.1358  1.0000  -3.4621   0.0000   0.2365
  11.200   1.3308   0.01445   0.00868  -0.0034  0.1337  1.0000  -3.5514   0.0000   0.2355
  11.400   1.3476   0.01467   0.00891  -0.0026  0.1312  1.0000  -3.6431   0.0000   0.2345
  11.600   1.3636   0.01493   0.00918  -0.0017  0.1285  1.0000  -3.7381   0.0000   0.2335
  11.800   1.3788   0.01524   0.00948  -0.0007  0.1259  1.0000  -3.8316   0.0000   0.2325
  12.000   1.3955   0.01546   0.00973   0.0001  0.1236  1.0000  -3.9323   0.0000   0.2316
  12.200   1.4105   0.01573   0.01002   0.0011  0.1210  1.0000  -4.0333   0.0000   0.2305
  12.400   1.4236   0.01606   0.01034   0.0024  0.1183  1.0000  -4.1295   0.0000   0.2292
  12.600   1.4375   0.01636   0.01067   0.0036  0.1160  1.0000  -4.2290   0.0000   0.2280
  12.800   1.4516   0.01667   0.01100   0.0047  0.1134  1.0000  -4.3314   0.0000   0.2269
  13.000   1.4645   0.01705   0.01138   0.0059  0.1106  1.0000  -4.4358   0.0000   0.2258
  13.200   1.4774   0.01745   0.01179   0.0071  0.1081  1.0000  -4.5411   0.0000   0.2247
  13.400   1.4912   0.01782   0.01219   0.0081  0.1055  1.0000  -4.6498   0.0000   0.2237
  13.600   1.5034   0.01828   0.01266   0.0092  0.1026  1.0000  -4.7545   0.0000   0.2226
  13.800   1.5153   0.01877   0.01317   0.0103  0.1001  1.0000  -4.8589   0.0000   0.2215
  14.000   1.5280   0.01924   0.01366   0.0113  0.0973  1.0000  -4.9679   0.0000   0.2206
  14.200   1.5387   0.01983   0.01426   0.0124  0.0943  1.0000  -5.0763   0.0000   0.2195
  14.400   1.5497   0.02042   0.01487   0.0135  0.0918  1.0000  -5.1864   0.0000   0.2185
  14.600   1.5608   0.02102   0.01551   0.0144  0.0891  1.0000  -5.2975   0.0000   0.2175
  14.800   1.5695   0.02179   0.01628   0.0155  0.0862  1.0000  -5.4009   0.0000   0.2165
  15.000   1.5794   0.02251   0.01703   0.0164  0.0835  1.0000  -5.5088   0.0000   0.2155
  15.200   1.5879   0.02335   0.01789   0.0174  0.0805  1.0000  -5.6125   0.0000   0.2146
  15.400   1.5946   0.02434   0.01890   0.0183  0.0778  1.0000  -5.7096   0.0000   0.2136
  15.600   1.6029   0.02525   0.01985   0.0191  0.0752  1.0000  -5.8132   0.0000   0.2127
  15.800   1.6087   0.02639   0.02101   0.0199  0.0725  1.0000  -5.9073   0.0000   0.2118
  16.000   1.6143   0.02759   0.02225   0.0206  0.0702  1.0000  -6.0036   0.0000   0.2110
  16.200   1.6198   0.02884   0.02353   0.0211  0.0677  1.0000  -6.1035   0.0000   0.2102
  16.400   1.6222   0.03040   0.02512   0.0217  0.0652  1.0000  -6.1900   0.0000   0.2094
  16.600   1.6258   0.03193   0.02670   0.0220  0.0630  1.0000  -6.2812   0.0000   0.2088
  16.800   1.6276   0.03367   0.02848   0.0223  0.0606  1.0000  -6.3650   0.0000   0.2081
  17.000   1.6262   0.03579   0.03064   0.0225  0.0584  1.0000  -6.4337   0.0000   0.2075
  17.200   1.6270   0.03777   0.03268   0.0224  0.0564  1.0000  -6.5123   0.0000   0.2070
  17.400   1.6253   0.04007   0.03503   0.0223  0.0545  1.0000  -6.5787   0.0000   0.2066
  17.600   1.6202   0.04280   0.03781   0.0219  0.0527  1.0000  -6.6286   0.0000   0.2062
  17.800   1.6158   0.04556   0.04064   0.0214  0.0513  1.0000  -6.6805   0.0000   0.2060
  18.000   1.6110   0.04845   0.04360   0.0208  0.0499  1.0000  -6.7300   0.0000   0.2058
  18.200   1.6029   0.05178   0.04700   0.0199  0.0485  1.0000  -6.7625   0.0000   0.2057
  18.400   1.5916   0.05562   0.05093   0.0188  0.0473  1.0000  -6.7773   0.0000   0.2057
  18.800   1.5657   0.06397   0.05946   0.0161  0.0454  1.0000  -6.7856   0.0000   0.2061
  19.000   1.5511   0.06849   0.06407   0.0145  0.0446  1.0000  -6.7784   0.0000   0.2065
  19.200   1.5337   0.07349   0.06917   0.0126  0.0438  1.0000  -6.7543   0.0000   0.2070
  19.400   1.5134   0.07894   0.07472   0.0106  0.0431  1.0000  -6.7123   0.0000   0.2076
  19.600   1.4906   0.08484   0.08073   0.0083  0.0426  1.0000  -6.6540   0.0000   0.2085
  19.800   1.4661   0.09110   0.08709   0.0058  0.0421  1.0000  -6.5829   0.0000   0.2095
  20.000   1.4404   0.09759   0.09368   0.0031  0.0416  1.0000  -6.5016   0.0000   0.2108
  20.200   1.4147   0.10418   0.10038   0.0003  0.0411  1.0000  -6.4161   0.0000   0.2121
  20.400   1.3917   0.11050   0.10679  -0.0025  0.0406  1.0000  -6.3415   0.0000   0.2136
  20.600   1.3731   0.11616   0.11254  -0.0050  0.0400  1.0000  -6.2891   0.0000   0.2149
  20.800   1.3551   0.12177   0.11823  -0.0077  0.0393  1.0000  -6.2374   0.0000   0.2164
  21.000   1.3380   0.12734   0.12388  -0.0104  0.0386  1.0000  -6.1869   0.0000   0.2180
  21.200   1.3218   0.13287   0.12947  -0.0132  0.0378  1.0000  -6.1379   0.0000   0.2197
  21.400   1.3059   0.13841   0.13507  -0.0161  0.0369  1.0000  -6.0871   0.0000   0.2215
  21.600   1.2902   0.14395   0.14066  -0.0190  0.0361  1.0000  -6.0338   0.0000   0.2234
  21.800   1.2796   0.14867   0.14544  -0.0217  0.0353  1.0000  -6.0106   0.0000   0.2251
  22.000   1.2735   0.15268   0.14949  -0.0240  0.0344  1.0000  -6.0146   0.0000   0.2265
  22.200   1.2652   0.15713   0.15399  -0.0266  0.0335  1.0000  -6.0011   0.0000   0.2281
  22.400   1.2577   0.16149   0.15838  -0.0292  0.0325  1.0000  -5.9903   0.0000   0.2298
  22.600   1.2489   0.16613   0.16305  -0.0321  0.0316  1.0000  -5.9708   0.0000   0.2318
  22.800   1.2419   0.17050   0.16745  -0.0349  0.0307  1.0000  -5.9610   0.0000   0.2336
  23.000   1.2398   0.17390   0.17089  -0.0371  0.0300  1.0000  -5.9875   0.0000   0.2349
  23.200   1.2372   0.17740   0.17443  -0.0394  0.0291  1.0000  -6.0088   0.0000   0.2363
  23.400   1.2326   0.18135   0.17842  -0.0421  0.0283  1.0000  -6.0117   0.0000   0.2381
  23.600   1.2289   0.18516   0.18224  -0.0447  0.0274  1.0000  -6.0205   0.0000   0.2397
  23.800   1.2234   0.18939   0.18649  -0.0476  0.0266  1.0000  -6.0103   0.0000   0.2418
  24.000   1.2237   0.19245   0.18959  -0.0498  0.0260  1.0000  -6.0475   0.0000   0.2430
  24.200   1.2238   0.19553   0.19271  -0.0521  0.0253  1.0000  -6.0825   0.0000   0.2443
  24.400   1.2225   0.19894   0.19616  -0.0546  0.0247  1.0000  -6.1036   0.0000   0.2458
  24.600   1.2219   0.20223   0.19946  -0.0571  0.0240  1.0000  -6.1295   0.0000   0.2473
  24.800   1.2202   0.20578   0.20303  -0.0597  0.0233  1.0000  -6.1432   0.0000   0.2490
  25.000   1.2180   0.20944   0.20670  -0.0625  0.0226  1.0000  -6.1506   0.0000   0.2508


