xflr5 v6.47

 Calculated polar for: NACA 23015

 1 1 Reynolds number fixed          Mach number fixed         

 xtrf =   1.000 (top)        1.000 (bottom)
 Mach =   0.003     Re =     0.550 e 6     Ncrit =   7.000

  alpha     CL        CD       CDp       Cm    Top Xtr Bot Xtr   Cpmin    Chinge    XCp    
 ------- -------- --------- --------- -------- ------- ------- -------- --------- ---------
 -15.000  -1.0826   0.04751   0.04310  -0.0518  1.0000  0.0195  -8.4508   0.0000   0.1819
 -14.800  -1.0842   0.04517   0.04067  -0.0522  1.0000  0.0196  -8.3950   0.0000   0.1821
 -14.600  -1.0848   0.04304   0.03845  -0.0524  1.0000  0.0197  -8.3307   0.0000   0.1824
 -14.400  -1.0844   0.04110   0.03641  -0.0523  1.0000  0.0199  -8.2587   0.0000   0.1829
 -14.200  -1.0833   0.03932   0.03454  -0.0520  1.0000  0.0200  -8.1808   0.0000   0.1835
 -14.000  -1.0813   0.03768   0.03281  -0.0515  1.0000  0.0201  -8.0973   0.0000   0.1843
 -13.800  -1.0787   0.03617   0.03120  -0.0508  1.0000  0.0203  -8.0094   0.0000   0.1852
 -13.600  -1.0753   0.03476   0.02970  -0.0499  1.0000  0.0205  -7.9172   0.0000   0.1862
 -13.400  -1.0712   0.03345   0.02830  -0.0489  1.0000  0.0207  -7.8211   0.0000   0.1874
 -13.200  -1.0665   0.03224   0.02698  -0.0477  1.0000  0.0209  -7.7212   0.0000   0.1886
 -13.000  -1.0610   0.03110   0.02574  -0.0465  1.0000  0.0211  -7.6177   0.0000   0.1899
 -12.800  -1.0548   0.03005   0.02459  -0.0451  1.0000  0.0213  -7.5105   0.0000   0.1912
 -12.600  -1.0479   0.02908   0.02352  -0.0436  1.0000  0.0215  -7.3987   0.0000   0.1926
 -12.400  -1.0403   0.02819   0.02253  -0.0421  1.0000  0.0217  -7.2835   0.0000   0.1941
 -12.200  -1.0321   0.02737   0.02163  -0.0405  1.0000  0.0219  -7.1650   0.0000   0.1956
 -12.000  -1.0236   0.02664   0.02080  -0.0388  1.0000  0.0221  -7.0438   0.0000   0.1972
 -11.800  -1.0149   0.02599   0.02006  -0.0370  1.0000  0.0222  -6.9208   0.0000   0.1990
 -11.600  -1.0084   0.02500   0.01900  -0.0349  1.0000  0.0225  -6.8232   0.0000   0.2011
 -11.400  -1.0011   0.02423   0.01820  -0.0328  1.0000  0.0228  -6.7169   0.0000   0.2032
 -11.200  -0.9914   0.02364   0.01758  -0.0309  1.0000  0.0230  -6.5950   0.0000   0.2051
 -11.000  -0.9810   0.02314   0.01707  -0.0291  1.0000  0.0233  -6.4680   0.0000   0.2068
 -10.800  -0.9706   0.02269   0.01660  -0.0272  1.0000  0.0235  -6.3417   0.0000   0.2087
 -10.600  -0.9602   0.02228   0.01616  -0.0252  1.0000  0.0238  -6.2155   0.0000   0.2107
 -10.400  -0.9497   0.02189   0.01574  -0.0233  1.0000  0.0241  -6.0900   0.0000   0.2127
 -10.200  -0.9394   0.02150   0.01533  -0.0212  1.0000  0.0245  -5.9670   0.0000   0.2149
 -10.000  -0.9293   0.02112   0.01491  -0.0191  1.0000  0.0249  -5.8471   0.0000   0.2171
  -9.800  -0.9194   0.02074   0.01448  -0.0169  1.0000  0.0253  -5.7304   0.0000   0.2195
  -9.600  -0.9096   0.02036   0.01406  -0.0147  1.0000  0.0256  -5.6162   0.0000   0.2220
  -9.400  -0.8998   0.02000   0.01364  -0.0125  1.0000  0.0260  -5.5034   0.0000   0.2245
  -9.200  -0.8831   0.01959   0.01317  -0.0116  0.9993  0.0263  -5.3668   0.0000   0.2254
  -9.000  -0.8585   0.01884   0.01239  -0.0126  0.9976  0.0268  -5.2082   0.0000   0.2241
  -8.800  -0.8333   0.01826   0.01181  -0.0136  0.9956  0.0273  -5.0397   0.0000   0.2226
  -8.600  -0.8067   0.01782   0.01137  -0.0147  0.9937  0.0279  -4.8649   0.0000   0.2208
  -8.400  -0.7803   0.01740   0.01095  -0.0158  0.9915  0.0285  -4.6941   0.0000   0.2189
  -8.200  -0.7538   0.01699   0.01051  -0.0169  0.9892  0.0291  -4.5270   0.0000   0.2169
  -8.000  -0.7263   0.01657   0.01006  -0.0181  0.9874  0.0298  -4.3603   0.0000   0.2144
  -7.800  -0.7003   0.01618   0.00963  -0.0190  0.9844  0.0305  -4.2014   0.0000   0.2123
  -7.600  -0.6737   0.01569   0.00913  -0.0201  0.9819  0.0312  -4.0433   0.0000   0.2097
  -7.400  -0.6464   0.01523   0.00869  -0.0214  0.9799  0.0322  -3.8796   0.0000   0.2065
  -7.200  -0.6215   0.01492   0.00838  -0.0220  0.9755  0.0331  -3.7333   0.0000   0.2043
  -7.000  -0.5946   0.01458   0.00804  -0.0231  0.9725  0.0341  -3.5884   0.0000   0.2010
  -6.800  -0.5715   0.01427   0.00770  -0.0232  0.9667  0.0350  -3.4589   0.0000   0.1992
  -6.600  -0.5476   0.01397   0.00737  -0.0235  0.9612  0.0357  -3.3293   0.0000   0.1969
  -6.400  -0.5255   0.01351   0.00693  -0.0236  0.9553  0.0368  -3.2053   0.0000   0.1951
  -6.200  -0.5042   0.01324   0.00666  -0.0233  0.9474  0.0378  -3.0818   0.0000   0.1938
  -6.000  -0.4830   0.01298   0.00639  -0.0230  0.9391  0.0390  -2.9610   0.0000   0.1925
  -5.800  -0.4619   0.01276   0.00613  -0.0226  0.9303  0.0402  -2.8426   0.0000   0.1912
  -5.600  -0.4419   0.01247   0.00582  -0.0221  0.9207  0.0416  -2.7292   0.0000   0.1903
  -5.400  -0.4218   0.01223   0.00558  -0.0215  0.9103  0.0430  -2.6142   0.0000   0.1893
  -5.200  -0.4014   0.01204   0.00536  -0.0210  0.8991  0.0446  -2.5012   0.0000   0.1881
  -5.000  -0.3810   0.01186   0.00513  -0.0204  0.8870  0.0461  -2.3908   0.0000   0.1868
  -4.800  -0.3614   0.01161   0.00487  -0.0197  0.8738  0.0478  -2.2880   0.0000   0.1858
  -4.600  -0.3411   0.01144   0.00466  -0.0191  0.8594  0.0497  -2.1882   0.0000   0.1843
  -4.400  -0.3208   0.01132   0.00446  -0.0185  0.8419  0.0518  -2.0903   0.0000   0.1826
  -4.200  -0.3010   0.01114   0.00424  -0.0179  0.8222  0.0543  -1.9943   0.0000   0.1810
  -4.000  -0.2807   0.01104   0.00406  -0.0173  0.8021  0.0571  -1.8982   0.0000   0.1787
  -3.800  -0.2604   0.01090   0.00388  -0.0168  0.7840  0.0601  -1.8040   0.0000   0.1759
  -3.600  -0.2396   0.01080   0.00371  -0.0163  0.7672  0.0635  -1.7099   0.0000   0.1720
  -3.400  -0.2190   0.01068   0.00355  -0.0159  0.7503  0.0675  -1.6176   0.0000   0.1675
  -3.200  -0.1982   0.01058   0.00341  -0.0154  0.7334  0.0726  -1.5262   0.0000   0.1618
  -3.000  -0.1774   0.01049   0.00327  -0.0150  0.7165  0.0789  -1.4415   0.0000   0.1548
  -2.800  -0.1567   0.01037   0.00314  -0.0146  0.6994  0.0873  -1.3601   0.0000   0.1458
  -2.600  -0.1361   0.01024   0.00300  -0.0142  0.6823  0.0999  -1.2802   0.0000   0.1343
  -2.400  -0.1163   0.01004   0.00284  -0.0137  0.6650  0.1268  -1.2030   0.0000   0.1202
  -2.200  -0.1039   0.00900   0.00250  -0.0123  0.6493  0.3133  -1.1421   0.0000   0.1195
  -2.000  -0.0864   0.00860   0.00238  -0.0115  0.6331  0.4003  -1.0709   0.0000   0.1044
  -1.800  -0.0674   0.00839   0.00230  -0.0108  0.6166  0.4548  -0.9981   0.0000   0.0750
  -1.600  -0.0478   0.00824   0.00225  -0.0103  0.5999  0.4996  -0.9306   0.0000   0.0191
  -1.400  -0.0279   0.00813   0.00221  -0.0097  0.5830  0.5359  -0.8634   0.0000  -0.1216
  -1.200  -0.0076   0.00806   0.00218  -0.0092  0.5665  0.5689  -0.7967   0.0000  -1.0281
  -1.000   0.0128   0.00801   0.00216  -0.0088  0.5502  0.5983  -0.7308   0.0000   0.9568
  -0.800   0.0333   0.00797   0.00215  -0.0083  0.5334  0.6259  -0.6975   0.0000   0.5033
  -0.600   0.0538   0.00796   0.00215  -0.0078  0.5165  0.6515  -0.7240   0.0000   0.3949
  -0.400   0.0744   0.00795   0.00215  -0.0073  0.5001  0.6761  -0.7507   0.0000   0.3464
  -0.200   0.0951   0.00796   0.00216  -0.0069  0.4844  0.7000  -0.7776   0.0000   0.3190
   0.000   0.1157   0.00796   0.00219  -0.0064  0.4684  0.7231  -0.8047   0.0000   0.3013
   0.200   0.1364   0.00799   0.00222  -0.0060  0.4519  0.7464  -0.8329   0.0000   0.2889
   0.400   0.1568   0.00802   0.00226  -0.0054  0.4357  0.7714  -0.8613   0.0000   0.2793
   0.600   0.1774   0.00806   0.00231  -0.0049  0.4200  0.7934  -0.8900   0.0000   0.2719
   0.800   0.1985   0.00813   0.00236  -0.0045  0.4049  0.8093  -0.9193   0.0000   0.2668
   1.000   0.2197   0.00822   0.00241  -0.0042  0.3897  0.8219  -0.9488   0.0000   0.2629
   1.400   0.2622   0.00842   0.00252  -0.0035  0.3602  0.8465  -1.0106   0.0000   0.2569
   1.600   0.2835   0.00853   0.00259  -0.0032  0.3468  0.8582  -1.0421   0.0000   0.2546
   1.800   0.3047   0.00864   0.00267  -0.0029  0.3342  0.8695  -1.0736   0.0000   0.2526
   2.000   0.3259   0.00876   0.00275  -0.0025  0.3220  0.8805  -1.1054   0.0000   0.2507
   2.400   0.3684   0.00902   0.00292  -0.0019  0.3001  0.9009  -1.1718   0.0000   0.2478
   2.600   0.3899   0.00914   0.00302  -0.0016  0.2911  0.9099  -1.2059   0.0000   0.2466
   2.800   0.4114   0.00929   0.00312  -0.0013  0.2829  0.9186  -1.2401   0.0000   0.2456
   3.000   0.4329   0.00943   0.00323  -0.0011  0.2749  0.9269  -1.2745   0.0000   0.2447
   3.200   0.4544   0.00957   0.00333  -0.0008  0.2680  0.9353  -1.3102   0.0000   0.2438
   3.600   0.5000   0.00987   0.00357  -0.0009  0.2559  0.9481  -1.3857   0.0000   0.2435
   3.800   0.5220   0.01003   0.00369  -0.0008  0.2506  0.9551  -1.4231   0.0000   0.2431
   4.000   0.5475   0.01019   0.00383  -0.0014  0.2456  0.9594  -1.4639   0.0000   0.2440
   4.200   0.5710   0.01035   0.00396  -0.0017  0.2408  0.9649  -1.5049   0.0000   0.2442
   4.400   0.5974   0.01053   0.00410  -0.0025  0.2365  0.9683  -1.5490   0.0000   0.2454
   4.600   0.6222   0.01068   0.00423  -0.0031  0.2325  0.9729  -1.5919   0.0000   0.2460
   4.800   0.6501   0.01087   0.00439  -0.0044  0.2284  0.9752  -1.6383   0.0000   0.2476
   5.000   0.6774   0.01104   0.00454  -0.0055  0.2247  0.9781  -1.6857   0.0000   0.2488
   5.200   0.7048   0.01120   0.00469  -0.0067  0.2210  0.9809  -1.7343   0.0000   0.2500
   5.400   0.7338   0.01139   0.00484  -0.0082  0.2175  0.9824  -1.7849   0.0000   0.2516
   5.600   0.7617   0.01158   0.00502  -0.0095  0.2143  0.9847  -1.8347   0.0000   0.2527
   5.800   0.7888   0.01173   0.00517  -0.0106  0.2110  0.9874  -1.8858   0.0000   0.2535
   6.000   0.8175   0.01190   0.00532  -0.0121  0.2077  0.9889  -1.9396   0.0000   0.2547
   6.200   0.8449   0.01213   0.00551  -0.0134  0.2048  0.9909  -1.9923   0.0000   0.2555
   6.400   0.8725   0.01227   0.00567  -0.0147  0.2021  0.9931  -2.0460   0.0000   0.2562
   6.600   0.9009   0.01243   0.00583  -0.0161  0.1990  0.9946  -2.1033   0.0000   0.2571
   6.800   0.9286   0.01262   0.00600  -0.0174  0.1961  0.9963  -2.1601   0.0000   0.2578
   7.000   0.9558   0.01285   0.00621  -0.0187  0.1935  0.9980  -2.2166   0.0000   0.2584
   7.200   0.9841   0.01298   0.00637  -0.0202  0.1908  0.9995  -2.2775   0.0000   0.2591
   7.400   1.0042   0.01313   0.00653  -0.0199  0.1882  1.0000  -2.3284   0.0000   0.2582
   7.600   1.0191   0.01329   0.00668  -0.0186  0.1861  1.0000  -2.3729   0.0000   0.2563
   7.800   1.0333   0.01350   0.00687  -0.0172  0.1840  1.0000  -2.4180   0.0000   0.2544
   8.000   1.0487   0.01364   0.00704  -0.0159  0.1820  1.0000  -2.4657   0.0000   0.2527
   8.200   1.0642   0.01377   0.00720  -0.0147  0.1798  1.0000  -2.5140   0.0000   0.2511
   8.400   1.0793   0.01394   0.00737  -0.0134  0.1776  1.0000  -2.5632   0.0000   0.2494
   8.600   1.0940   0.01413   0.00756  -0.0120  0.1755  1.0000  -2.6133   0.0000   0.2478
   8.800   1.1079   0.01437   0.00778  -0.0106  0.1734  1.0000  -2.6623   0.0000   0.2460
   9.000   1.1238   0.01452   0.00797  -0.0094  0.1715  1.0000  -2.7168   0.0000   0.2446
   9.200   1.1396   0.01468   0.00816  -0.0083  0.1693  1.0000  -2.7720   0.0000   0.2432
   9.400   1.1549   0.01487   0.00837  -0.0071  0.1671  1.0000  -2.8285   0.0000   0.2418
   9.600   1.1696   0.01510   0.00859  -0.0058  0.1650  1.0000  -2.8856   0.0000   0.2403
   9.800   1.1840   0.01536   0.00884  -0.0045  0.1630  1.0000  -2.9443   0.0000   0.2389
  10.000   1.2005   0.01553   0.00907  -0.0035  0.1609  1.0000  -3.0085   0.0000   0.2377
  10.200   1.2166   0.01573   0.00930  -0.0025  0.1586  1.0000  -3.0756   0.0000   0.2366
  10.400   1.2322   0.01597   0.00954  -0.0015  0.1563  1.0000  -3.1451   0.0000   0.2354
  10.600   1.2468   0.01627   0.00983  -0.0004  0.1542  1.0000  -3.2157   0.0000   0.2341
  10.800   1.2631   0.01651   0.01011   0.0005  0.1521  1.0000  -3.2924   0.0000   0.2331
  11.000   1.2794   0.01673   0.01038   0.0014  0.1497  1.0000  -3.3745   0.0000   0.2321
  11.200   1.2949   0.01700   0.01066   0.0024  0.1473  1.0000  -3.4572   0.0000   0.2311
  11.400   1.3084   0.01732   0.01098   0.0036  0.1451  1.0000  -3.5388   0.0000   0.2298
  11.600   1.3222   0.01761   0.01130   0.0049  0.1430  1.0000  -3.6226   0.0000   0.2285
  11.800   1.3369   0.01787   0.01161   0.0060  0.1405  1.0000  -3.7135   0.0000   0.2274
  12.000   1.3505   0.01819   0.01195   0.0071  0.1380  1.0000  -3.8027   0.0000   0.2263
  12.200   1.3627   0.01859   0.01235   0.0085  0.1357  1.0000  -3.8895   0.0000   0.2250
  12.400   1.3767   0.01894   0.01274   0.0095  0.1334  1.0000  -3.9865   0.0000   0.2240
  12.600   1.3909   0.01929   0.01314   0.0104  0.1308  1.0000  -4.0849   0.0000   0.2230
  12.800   1.4037   0.01972   0.01359   0.0115  0.1282  1.0000  -4.1801   0.0000   0.2220
  13.000   1.4149   0.02025   0.01412   0.0127  0.1259  1.0000  -4.2712   0.0000   0.2208
  13.200   1.4291   0.02064   0.01457   0.0135  0.1234  1.0000  -4.3772   0.0000   0.2200
  13.400   1.4417   0.02112   0.01510   0.0144  0.1207  1.0000  -4.4800   0.0000   0.2191
  13.600   1.4523   0.02174   0.01572   0.0154  0.1183  1.0000  -4.5772   0.0000   0.2180
  13.800   1.4641   0.02230   0.01634   0.0163  0.1159  1.0000  -4.6788   0.0000   0.2171
  14.000   1.4760   0.02288   0.01696   0.0171  0.1131  1.0000  -4.7814   0.0000   0.2163
  14.200   1.4858   0.02361   0.01771   0.0180  0.1105  1.0000  -4.8779   0.0000   0.2153
  14.400   1.4951   0.02440   0.01853   0.0189  0.1082  1.0000  -4.9762   0.0000   0.2144
  14.600   1.5058   0.02511   0.01930   0.0196  0.1055  1.0000  -5.0834   0.0000   0.2136
  14.800   1.5143   0.02601   0.02023   0.0204  0.1028  1.0000  -5.1829   0.0000   0.2128
  15.000   1.5211   0.02707   0.02131   0.0211  0.1004  1.0000  -5.2765   0.0000   0.2119
  15.200   1.5304   0.02798   0.02229   0.0217  0.0977  1.0000  -5.3795   0.0000   0.2112
  15.400   1.5368   0.02914   0.02349   0.0223  0.0950  1.0000  -5.4724   0.0000   0.2104
  15.600   1.5412   0.03051   0.02489   0.0228  0.0926  1.0000  -5.5576   0.0000   0.2097
  15.800   1.5482   0.03172   0.02616   0.0232  0.0901  1.0000  -5.6528   0.0000   0.2091
  16.000   1.5522   0.03323   0.02772   0.0235  0.0876  1.0000  -5.7364   0.0000   0.2084
  16.200   1.5534   0.03506   0.02958   0.0237  0.0853  1.0000  -5.8083   0.0000   0.2078
  16.400   1.5577   0.03665   0.03125   0.0238  0.0828  1.0000  -5.8928   0.0000   0.2073
  16.600   1.5584   0.03865   0.03330   0.0237  0.0803  1.0000  -5.9675   0.0000   0.2069
  17.000   1.5561   0.04320   0.03797   0.0232  0.0759  1.0000  -6.0992   0.0000   0.2061
  17.200   1.5531   0.04579   0.04063   0.0228  0.0737  1.0000  -6.1555   0.0000   0.2059
  17.400   1.5464   0.04889   0.04379   0.0221  0.0719  1.0000  -6.1935   0.0000   0.2057
  17.600   1.5406   0.05195   0.04693   0.0213  0.0702  1.0000  -6.2349   0.0000   0.2056
  17.800   1.5344   0.05514   0.05020   0.0204  0.0683  1.0000  -6.2732   0.0000   0.2056
  18.000   1.5246   0.05888   0.05403   0.0192  0.0667  1.0000  -6.2923   0.0000   0.2057
  18.200   1.5109   0.06318   0.05840   0.0177  0.0653  1.0000  -6.2911   0.0000   0.2060
  18.400   1.4969   0.06761   0.06292   0.0162  0.0640  1.0000  -6.2863   0.0000   0.2064
  18.600   1.4849   0.07185   0.06726   0.0146  0.0626  1.0000  -6.2895   0.0000   0.2068
  18.800   1.4693   0.07664   0.07214   0.0128  0.0613  1.0000  -6.2727   0.0000   0.2074
  19.000   1.4508   0.08192   0.07751   0.0108  0.0601  1.0000  -6.2382   0.0000   0.2081
  19.200   1.4301   0.08762   0.08330   0.0085  0.0591  1.0000  -6.1892   0.0000   0.2090
  19.600   1.3919   0.09870   0.09456   0.0039  0.0570  1.0000  -6.1001   0.0000   0.2111
  19.800   1.3749   0.10404   0.09998   0.0015  0.0558  1.0000  -6.0626   0.0000   0.2122
  20.000   1.3571   0.10958   0.10560  -0.0009  0.0546  1.0000  -6.0178   0.0000   0.2135
  20.200   1.3382   0.11533   0.11142  -0.0036  0.0535  1.0000  -5.9636   0.0000   0.2149
  20.400   1.3191   0.12118   0.11733  -0.0064  0.0524  1.0000  -5.9045   0.0000   0.2166
  20.600   1.3064   0.12609   0.12230  -0.0087  0.0512  1.0000  -5.8796   0.0000   0.2179
  20.800   1.2953   0.13079   0.12706  -0.0111  0.0498  1.0000  -5.8617   0.0000   0.2193
  21.000   1.2831   0.13573   0.13206  -0.0137  0.0485  1.0000  -5.8341   0.0000   0.2209
  21.200   1.2701   0.14082   0.13718  -0.0164  0.0472  1.0000  -5.7994   0.0000   0.2226
  21.400   1.2593   0.14559   0.14198  -0.0191  0.0460  1.0000  -5.7750   0.0000   0.2243
  21.600   1.2537   0.14952   0.14597  -0.0213  0.0447  1.0000  -5.7816   0.0000   0.2256
  21.800   1.2461   0.15385   0.15035  -0.0238  0.0434  1.0000  -5.7725   0.0000   0.2273
  22.000   1.2387   0.15818   0.15470  -0.0264  0.0421  1.0000  -5.7631   0.0000   0.2289
  22.200   1.2313   0.16255   0.15907  -0.0291  0.0409  1.0000  -5.7508   0.0000   0.2307
  22.400   1.2287   0.16607   0.16265  -0.0313  0.0398  1.0000  -5.7690   0.0000   0.2321
  22.600   1.2248   0.16983   0.16646  -0.0337  0.0386  1.0000  -5.7770   0.0000   0.2336
  22.800   1.2213   0.17354   0.17019  -0.0361  0.0375  1.0000  -5.7879   0.0000   0.2351
  23.000   1.2168   0.17745   0.17411  -0.0388  0.0364  1.0000  -5.7924   0.0000   0.2368
  23.200   1.2149   0.18086   0.17753  -0.0411  0.0354  1.0000  -5.8152   0.0000   0.2383
  23.400   1.2136   0.18425   0.18098  -0.0434  0.0345  1.0000  -5.8395   0.0000   0.2397
  23.600   1.2118   0.18772   0.18450  -0.0458  0.0335  1.0000  -5.8590   0.0000   0.2412
  23.800   1.2105   0.19110   0.18789  -0.0483  0.0325  1.0000  -5.8823   0.0000   0.2427
  24.000   1.2089   0.19457   0.19136  -0.0508  0.0315  1.0000  -5.9012   0.0000   0.2443
  24.200   1.2091   0.19761   0.19440  -0.0531  0.0306  1.0000  -5.9346   0.0000   0.2456
  24.400   1.2088   0.20088   0.19773  -0.0555  0.0298  1.0000  -5.9598   0.0000   0.2470
  24.600   1.2077   0.20434   0.20124  -0.0581  0.0289  1.0000  -5.9763   0.0000   0.2487
  24.800   1.2076   0.20756   0.20447  -0.0605  0.0281  1.0000  -6.0018   0.0000   0.2501
  25.000   1.2083   0.21055   0.20747  -0.0629  0.0273  1.0000  -6.0359   0.0000   0.2515


