xflr5 v6.47

 Calculated polar for: NACA24018_theta30_Ku4.5_Kl0.5_d0.35_delta13.38

 1 1 Reynolds number fixed          Mach number fixed         

 xtrf =   1.000 (top)        1.000 (bottom)
 Mach =   0.000     Re =     2.000 e 6     Ncrit =   5.000

  alpha     CL        CD       CDp       Cm    Top Xtr Bot Xtr   Cpmin    Chinge    XCp    
 ------- -------- --------- --------- -------- ------- ------- -------- --------- ---------
 -10.000   0.7974   0.07424   0.07075  -0.2091  0.5911  0.1360  -1.2370   0.0000   0.5139
  -9.800   0.8053   0.07632   0.07265  -0.2077  0.5456  0.1425  -1.2043   0.0000   0.5088
  -9.600   0.8250   0.07788   0.07408  -0.2077  0.5126  0.1520  -1.1935   0.0000   0.5021
  -9.400   0.8469   0.07914   0.07523  -0.2080  0.4841  0.1612  -1.1895   0.0000   0.4954
  -9.200   0.8708   0.08031   0.07631  -0.2086  0.4592  0.1721  -1.1897   0.0000   0.4888
  -9.000   0.8993   0.08160   0.07755  -0.2098  0.4392  0.1889  -1.1957   0.0000   0.4820
  -8.800   0.9314   0.08306   0.07897  -0.2116  0.4217  0.2118  -1.2059   0.0000   0.4754
  -8.600   0.9632   0.08444   0.08030  -0.2133  0.4046  0.2332  -1.2167   0.0000   0.4691
  -8.400   1.0049   0.08646   0.08228  -0.2165  0.3859  0.2699  -1.2367   0.0000   0.4627
  -8.200   1.0460   0.08857   0.08438  -0.2196  0.3695  0.3092  -1.2602   0.0000   0.4567
  -8.000   1.0813   0.09032   0.08610  -0.2217  0.3568  0.3366  -1.3016   0.0000   0.4514
  -7.800   1.1140   0.09190   0.08764  -0.2235  0.3439  0.3579  -1.3424   0.0000   0.4466
  -7.600   1.1406   0.09299   0.08871  -0.2242  0.3364  0.3736  -1.3781   0.0000   0.4422
  -7.400   1.1676   0.09414   0.08983  -0.2251  0.3282  0.3867  -1.4143   0.0000   0.4380
  -7.200   1.1886   0.09480   0.09046  -0.2250  0.3223  0.3946  -1.4452   0.0000   0.4342
  -7.000   1.2157   0.09593   0.09159  -0.2258  0.3168  0.4064  -1.4820   0.0000   0.4303
  -6.800   1.2372   0.09665   0.09227  -0.2258  0.3101  0.4136  -1.5138   0.0000   0.4267
  -6.600   1.2573   0.09726   0.09283  -0.2255  0.3036  0.4178  -1.5445   0.0000   0.4232
  -6.400   1.2820   0.09821   0.09378  -0.2259  0.2993  0.4270  -1.5812   0.0000   0.4198
  -6.200   1.3023   0.09883   0.09438  -0.2257  0.2946  0.4336  -1.6141   0.0000   0.4165
  -6.000   1.3210   0.09932   0.09483  -0.2253  0.2890  0.4374  -1.6466   0.0000   0.4134
  -5.800   1.3433   0.10010   0.09559  -0.2253  0.2843  0.4448  -1.6830   0.0000   0.4103
  -5.600   1.3633   0.10068   0.09617  -0.2250  0.2813  0.4499  -1.7173   0.0000   0.4073
  -5.400   1.3821   0.10118   0.09665  -0.2246  0.2780  0.4537  -1.7505   0.0000   0.4044
  -5.200   1.4004   0.10163   0.09708  -0.2241  0.2743  0.4566  -1.7832   0.0000   0.4016
  -5.000   1.4185   0.10209   0.09750  -0.2235  0.2697  0.4587  -1.8159   0.0000   0.3988
  -4.800   1.4376   0.10261   0.09801  -0.2231  0.2660  0.4627  -1.8498   0.0000   0.3961
  -4.600   1.4567   0.10313   0.09852  -0.2227  0.2628  0.4659  -1.8864   0.0000   0.3935
  -4.400   1.4750   0.10360   0.09897  -0.2221  0.2587  0.4691  -1.9227   0.0000   0.3909
  -4.200   1.4928   0.10403   0.09938  -0.2215  0.2545  0.4723  -1.9586   0.0000   0.3884
  -4.000   1.5102   0.10444   0.09976  -0.2209  0.2503  0.4751  -1.9942   0.0000   0.3860
  -3.800   1.5274   0.10482   0.10013  -0.2202  0.2482  0.4772  -2.0298   0.0000   0.3835
  -3.600   1.5443   0.10520   0.10051  -0.2194  0.2461  0.4789  -2.0653   0.0000   0.3812
  -3.400   1.5610   0.10559   0.10089  -0.2187  0.2436  0.4809  -2.1007   0.0000   0.3788
  -3.200   1.5782   0.10602   0.10132  -0.2180  0.2404  0.4846  -2.1367   0.0000   0.3766
  -3.000   1.5952   0.10645   0.10172  -0.2173  0.2363  0.4877  -2.1727   0.0000   0.3743
  -2.800   1.6117   0.10685   0.10210  -0.2165  0.2323  0.4903  -2.2082   0.0000   0.3721
  -2.600   1.6280   0.10724   0.10249  -0.2157  0.2299  0.4928  -2.2452   0.0000   0.3700
  -2.400   1.6441   0.10762   0.10287  -0.2148  0.2269  0.4951  -2.2838   0.0000   0.3678
  -2.200   1.6602   0.10800   0.10323  -0.2140  0.2240  0.4973  -2.3224   0.0000   0.3657
  -2.000   1.6763   0.10838   0.10359  -0.2132  0.2208  0.4992  -2.3611   0.0000   0.3637
  -1.800   1.6925   0.10878   0.10396  -0.2124  0.2172  0.5010  -2.4002   0.0000   0.3617
  -1.600   1.7085   0.10913   0.10433  -0.2115  0.2153  0.5037  -2.4391   0.0000   0.3597
  -1.400   1.7248   0.10952   0.10472  -0.2107  0.2129  0.5069  -2.4787   0.0000   0.3577
  -1.200   1.7407   0.10989   0.10508  -0.2099  0.2098  0.5096  -2.5186   0.0000   0.3558
  -1.000   1.7561   0.11024   0.10541  -0.2089  0.2061  0.5120  -2.5589   0.0000   0.3539
  -0.800   1.7712   0.11058   0.10573  -0.2080  0.2018  0.5144  -2.6005   0.0000   0.3520
  -0.600   1.7866   0.11091   0.10606  -0.2071  0.1997  0.5167  -2.6445   0.0000   0.3501
  -0.400   1.8019   0.11124   0.10638  -0.2061  0.1972  0.5188  -2.6885   0.0000   0.3483
  -0.200   1.8172   0.11157   0.10671  -0.2052  0.1946  0.5206  -2.7326   0.0000   0.3465
   0.000   1.8323   0.11193   0.10705  -0.2043  0.1917  0.5223  -2.7768   0.0000   0.3447
   0.200   1.8467   0.11224   0.10734  -0.2032  0.1882  0.5245  -2.8200   0.0000   0.3429
   0.400   1.8611   0.11253   0.10764  -0.2022  0.1857  0.5275  -2.8635   0.0000   0.3411
   0.600   1.8755   0.11283   0.10793  -0.2012  0.1827  0.5301  -2.9071   0.0000   0.3394
   0.800   1.8893   0.11313   0.10823  -0.2001  0.1789  0.5324  -2.9521   0.0000   0.3377
   1.000   1.9029   0.11345   0.10852  -0.1990  0.1752  0.5346  -3.0000   0.0000   0.3360
   1.200   1.9168   0.11376   0.10882  -0.1979  0.1727  0.5368  -3.0487   0.0000   0.3343
   1.400   1.9310   0.11407   0.10914  -0.1968  0.1705  0.5388  -3.0979   0.0000   0.3326
   1.600   1.9449   0.11441   0.10948  -0.1958  0.1674  0.5408  -3.1479   0.0000   0.3310
   1.800   1.9585   0.11481   0.10985  -0.1947  0.1637  0.5427  -3.2006   0.0000   0.3294
   2.000   1.9726   0.11524   0.11026  -0.1937  0.1602  0.5443  -3.2543   0.0000   0.3278
   2.200   1.9853   0.11550   0.11054  -0.1925  0.1581  0.5467  -3.3056   0.0000   0.3262
   2.400   1.9973   0.11583   0.11086  -0.1912  0.1547  0.5492  -3.3561   0.0000   0.3246
   2.600   2.0081   0.11625   0.11126  -0.1898  0.1504  0.5512  -3.4113   0.0000   0.3230
   2.800   2.0192   0.11667   0.11168  -0.1885  0.1472  0.5533  -3.4681   0.0000   0.3214
   3.000   2.0307   0.11708   0.11209  -0.1872  0.1443  0.5553  -3.5258   0.0000   0.3198
   3.200   2.0417   0.11752   0.11251  -0.1859  0.1405  0.5573  -3.5831   0.0000   0.3183
   3.400   2.0526   0.11797   0.11295  -0.1846  0.1366  0.5593  -3.6406   0.0000   0.3167
   3.600   2.0647   0.11838   0.11336  -0.1834  0.1342  0.5615  -3.7070   0.0000   0.3152
   3.800   2.0766   0.11883   0.11381  -0.1822  0.1310  0.5635  -3.7732   0.0000   0.3137
   4.000   2.0874   0.11936   0.11431  -0.1809  0.1267  0.5650  -3.8388   0.0000   0.3123
   4.200   2.0989   0.11982   0.11476  -0.1797  0.1235  0.5663  -3.9095   0.0000   0.3108
   4.400   2.1081   0.12016   0.11510  -0.1782  0.1201  0.5682  -3.9758   0.0000   0.3093
   4.600   2.1167   0.12061   0.11553  -0.1768  0.1164  0.5701  -4.0426   0.0000   0.3078
   4.800   2.1262   0.12100   0.11593  -0.1753  0.1140  0.5719  -4.1120   0.0000   0.3063
   5.000   2.1343   0.12155   0.11649  -0.1738  0.1110  0.5736  -4.1783   0.0000   0.3048
   5.200   2.1409   0.12221   0.11713  -0.1722  0.1071  0.5753  -4.2445   0.0000   0.3034
   5.400   2.1490   0.12276   0.11769  -0.1708  0.1039  0.5772  -4.3187   0.0000   0.3019
   5.600   2.1568   0.12336   0.11828  -0.1693  0.1001  0.5792  -4.3928   0.0000   0.3005
   5.800   2.1646   0.12398   0.11889  -0.1679  0.0968  0.5812  -4.4674   0.0000   0.2991
   6.000   2.1737   0.12456   0.11947  -0.1666  0.0940  0.5831  -4.5459   0.0000   0.2977
   6.200   2.1814   0.12527   0.12017  -0.1652  0.0904  0.5846  -4.6242   0.0000   0.2963
   6.400   2.1883   0.12612   0.12101  -0.1639  0.0873  0.5859  -4.7032   0.0000   0.2949
   6.600   2.1946   0.12704   0.12193  -0.1625  0.0840  0.5870  -4.7811   0.0000   0.2936
   6.800   2.1997   0.12783   0.12271  -0.1610  0.0810  0.5882  -4.8550   0.0000   0.2922
   7.000   2.2052   0.12842   0.12332  -0.1594  0.0785  0.5898  -4.9301   0.0000   0.2908
   7.200   2.2095   0.12912   0.12402  -0.1579  0.0756  0.5912  -5.0022   0.0000   0.2894
   7.400   2.2128   0.12996   0.12487  -0.1563  0.0731  0.5928  -5.0715   0.0000   0.2881
   7.600   2.2158   0.13084   0.12576  -0.1547  0.0705  0.5943  -5.1406   0.0000   0.2867
   7.800   2.2182   0.13176   0.12669  -0.1532  0.0676  0.5958  -5.2078   0.0000   0.2854
   8.000   2.2225   0.13254   0.12748  -0.1518  0.0653  0.5973  -5.2811   0.0000   0.2841
   8.200   2.2241   0.13365   0.12861  -0.1504  0.0629  0.5987  -5.3464   0.0000   0.2828
   8.400   2.2263   0.13471   0.12968  -0.1490  0.0607  0.6000  -5.4139   0.0000   0.2816
   8.600   2.2303   0.13563   0.13062  -0.1478  0.0588  0.6015  -5.4873   0.0000   0.2803
   8.800   2.2317   0.13688   0.13189  -0.1466  0.0568  0.6029  -5.5527   0.0000   0.2791
   9.000   2.2339   0.13803   0.13306  -0.1455  0.0550  0.6042  -5.6206   0.0000   0.2779
   9.200   2.2363   0.13920   0.13426  -0.1444  0.0534  0.6055  -5.6896   0.0000   0.2768
   9.400   2.2376   0.14048   0.13556  -0.1434  0.0514  0.6066  -5.7550   0.0000   0.2757
   9.600   2.2376   0.14191   0.13700  -0.1425  0.0497  0.6076  -5.8164   0.0000   0.2746
   9.800   2.2396   0.14317   0.13829  -0.1417  0.0479  0.6086  -5.8887   0.0000   0.2735
  10.000   2.2371   0.14457   0.13973  -0.1407  0.0462  0.6097  -5.9449   0.0000   0.2725
  10.200   2.2357   0.14582   0.14100  -0.1398  0.0447  0.6110  -6.0047   0.0000   0.2714
  10.400   2.2336   0.14717   0.14239  -0.1390  0.0433  0.6122  -6.0622   0.0000   0.2705
  10.600   2.2315   0.14851   0.14377  -0.1383  0.0417  0.6133  -6.1193   0.0000   0.2695
  10.800   2.2279   0.15004   0.14534  -0.1377  0.0405  0.6143  -6.1728   0.0000   0.2686
  11.000   2.2265   0.15134   0.14668  -0.1372  0.0394  0.6152  -6.2366   0.0000   0.2677
  11.200   2.2239   0.15280   0.14817  -0.1368  0.0383  0.6162  -6.2956   0.0000   0.2669
  11.400   2.2202   0.15437   0.14979  -0.1366  0.0371  0.6170  -6.3498   0.0000   0.2662
  11.600   2.2172   0.15587   0.15133  -0.1364  0.0362  0.6180  -6.4069   0.0000   0.2654
  11.800   2.2140   0.15742   0.15293  -0.1364  0.0353  0.6189  -6.4627   0.0000   0.2647
  12.000   2.2115   0.15890   0.15445  -0.1364  0.0342  0.6200  -6.5207   0.0000   0.2641
  12.200   2.2061   0.16073   0.15633  -0.1367  0.0332  0.6209  -6.5664   0.0000   0.2636
  12.400   2.2027   0.16236   0.15799  -0.1370  0.0324  0.6220  -6.6199   0.0000   0.2630
  12.600   2.1990   0.16405   0.15974  -0.1375  0.0316  0.6232  -6.6718   0.0000   0.2625
  12.800   2.1955   0.16572   0.16146  -0.1380  0.0308  0.6244  -6.7245   0.0000   0.2621
  13.000   2.1911   0.16755   0.16334  -0.1388  0.0299  0.6257  -6.7722   0.0000   0.2617
  13.200   2.1850   0.16962   0.16545  -0.1399  0.0291  0.6269  -6.8117   0.0000   0.2615
  13.400   2.1824   0.17133   0.16721  -0.1407  0.0284  0.6282  -6.8667   0.0000   0.2611
  13.600   2.1770   0.17334   0.16928  -0.1419  0.0276  0.6290  -6.9076   0.0000   0.2610
  13.800   2.1713   0.17524   0.17122  -0.1431  0.0268  0.6297  -6.9473   0.0000   0.2608
  14.000   2.1634   0.17724   0.17327  -0.1444  0.0260  0.6304  -6.9753   0.0000   0.2607
  14.200   2.1554   0.17927   0.17536  -0.1458  0.0254  0.6311  -7.0018   0.0000   0.2607
  14.400   2.1502   0.18096   0.17710  -0.1469  0.0248  0.6318  -7.0413   0.0000   0.2605
  14.600   2.1419   0.18304   0.17924  -0.1486  0.0242  0.6324  -7.0647   0.0000   0.2606
  14.800   2.1351   0.18492   0.18118  -0.1500  0.0236  0.6331  -7.0950   0.0000   0.2606
  15.000   2.1266   0.18705   0.18336  -0.1518  0.0230  0.6336  -7.1149   0.0000   0.2608
  15.200   2.1180   0.18919   0.18557  -0.1537  0.0226  0.6342  -7.1335   0.0000   0.2610
  15.400   2.1124   0.19094   0.18737  -0.1552  0.0222  0.6348  -7.1677   0.0000   0.2610
  15.600   2.1051   0.19294   0.18942  -0.1571  0.0218  0.6354  -7.1914   0.0000   0.2611
  15.800   2.0989   0.19478   0.19132  -0.1587  0.0213  0.6360  -7.2208   0.0000   0.2612
  16.000   2.0911   0.19685   0.19345  -0.1608  0.0208  0.6366  -7.2403   0.0000   0.2614
  16.200   2.0842   0.19882   0.19546  -0.1627  0.0204  0.6372  -7.2638   0.0000   0.2616
  16.400   2.0760   0.20097   0.19767  -0.1650  0.0200  0.6378  -7.2789   0.0000   0.2620
  16.600   2.0697   0.20287   0.19962  -0.1669  0.0196  0.6385  -7.3040   0.0000   0.2622
  16.800   2.0652   0.20452   0.20131  -0.1685  0.0192  0.6393  -7.3399   0.0000   0.2622
  17.000   2.0574   0.20666   0.20351  -0.1709  0.0188  0.6402  -7.3542   0.0000   0.2626
  17.200   2.0528   0.20837   0.20526  -0.1727  0.0184  0.6412  -7.3876   0.0000   0.2627
  17.400   2.0457   0.21046   0.20741  -0.1752  0.0180  0.6422  -7.4040   0.0000   0.2631
  17.600   2.0398   0.21240   0.20938  -0.1774  0.0176  0.6434  -7.4273   0.0000   0.2634
  17.800   2.0351   0.21417   0.21119  -0.1794  0.0172  0.6446  -7.4581   0.0000   0.2636
  18.000   2.0283   0.21627   0.21334  -0.1820  0.0169  0.6456  -7.4732   0.0000   0.2640
  18.200   2.0251   0.21786   0.21498  -0.1838  0.0166  0.6467  -7.5116   0.0000   0.2641
  18.400   2.0219   0.21949   0.21664  -0.1857  0.0162  0.6477  -7.5490   0.0000   0.2642
  18.600   2.0151   0.22163   0.21883  -0.1885  0.0159  0.6486  -7.5632   0.0000   0.2647


