xflr5 v6.47

 Calculated polar for: NACA24018_theta30_Ku4.5_Kl0.5_d0.28_delta9.02

 1 1 Reynolds number fixed          Mach number fixed         

 xtrf =   1.000 (top)        1.000 (bottom)
 Mach =   0.000     Re =     1.200 e 6     Ncrit =   5.000

  alpha     CL        CD       CDp       Cm    Top Xtr Bot Xtr   Cpmin    Chinge    XCp    
 ------- -------- --------- --------- -------- ------- ------- -------- --------- ---------
 -15.000  -0.5349   0.04213   0.03783  -0.1260  0.8336  0.0387  -4.7865   0.0000  -0.0179
 -14.800  -0.5086   0.04217   0.03787  -0.1275  0.8336  0.0393  -4.6438   0.0000  -0.0337
 -14.600  -0.4825   0.04225   0.03795  -0.1289  0.8336  0.0400  -4.5055   0.0000  -0.0510
 -14.400  -0.4564   0.04236   0.03806  -0.1303  0.8336  0.0406  -4.3718   0.0000  -0.0702
 -14.200  -0.4302   0.04250   0.03820  -0.1316  0.8336  0.0412  -4.2395   0.0000  -0.0917
 -14.000  -0.4027   0.04267   0.03837  -0.1332  0.8336  0.0420  -4.1047   0.0000  -0.1180
 -13.800  -0.3748   0.04286   0.03858  -0.1349  0.8336  0.0429  -3.9698   0.0000  -0.1486
 -13.600  -0.3456   0.04302   0.03874  -0.1366  0.8335  0.0439  -3.8322   0.0000  -0.1860
 -13.400  -0.3168   0.04318   0.03891  -0.1382  0.8334  0.0449  -3.6975   0.0000  -0.2292
 -13.200  -0.2885   0.04337   0.03910  -0.1396  0.8333  0.0458  -3.5659   0.0000  -0.2798
 -13.000  -0.2547   0.04347   0.03922  -0.1420  0.8331  0.0471  -3.4211   0.0000  -0.3576
 -12.800  -0.2180   0.04348   0.03923  -0.1447  0.8327  0.0485  -3.2704   0.0000  -0.4699
 -12.600  -0.1994   0.04352   0.03929  -0.1447  0.8274  0.0494  -3.1700   0.0000  -0.5354
 -12.400  -0.1657   0.04346   0.03922  -0.1469  0.8260  0.0505  -3.0310   0.0000  -0.7055
 -12.200  -0.1275   0.04333   0.03910  -0.1497  0.8250  0.0520  -2.8828   0.0000  -1.0107
 -12.000  -0.0878   0.04310   0.03888  -0.1527  0.8241  0.0538  -2.7332   0.0000  -1.6099
  -9.200   0.3514   0.04518   0.04123  -0.1767  0.7999  0.0922  -1.2697   0.0000   0.7689
  -9.000   0.3146   0.04926   0.04538  -0.1688  0.7648  0.0911  -1.2964   0.0000   0.8037
  -8.800   0.3608   0.04868   0.04480  -0.1724  0.7545  0.0974  -1.1842   0.0000   0.7418
  -8.600   0.4188   0.04751   0.04363  -0.1777  0.7474  0.1061  -1.0613   0.0000   0.6855
  -8.400   0.5087   0.04472   0.04075  -0.1878  0.7333  0.1210  -0.9020   0.0000   0.6278
  -8.000   0.5844   0.04433   0.03972  -0.1929  0.6101  0.1438  -0.9320   0.0000   0.5865
  -7.800   0.6052   0.04527   0.04053  -0.1930  0.5743  0.1549  -0.9240   0.0000   0.5744
  -7.600   0.6318   0.04614   0.04129  -0.1940  0.5437  0.1703  -0.9254   0.0000   0.5618
  -7.400   0.6632   0.04703   0.04213  -0.1958  0.5185  0.1919  -0.9571   0.0000   0.5493
  -7.200   0.6969   0.04797   0.04303  -0.1981  0.4934  0.2186  -0.9909   0.0000   0.5375
  -7.000   0.7438   0.04945   0.04449  -0.2026  0.4662  0.2706  -1.0345   0.0000   0.5249
  -6.800   0.8000   0.05131   0.04641  -0.2087  0.4422  0.3402  -1.0856   0.0000   0.5127
  -6.600   0.8391   0.05247   0.04754  -0.2117  0.4252  0.3727  -1.1248   0.0000   0.5036
  -6.400   0.8736   0.05344   0.04848  -0.2139  0.4097  0.3964  -1.1623   0.0000   0.4956
  -6.200   0.9029   0.05417   0.04917  -0.2151  0.3958  0.4117  -1.1959   0.0000   0.4886
  -6.000   0.9315   0.05489   0.04984  -0.2163  0.3829  0.4238  -1.2292   0.0000   0.4820
  -5.800   0.9589   0.05556   0.05045  -0.2172  0.3711  0.4359  -1.2631   0.0000   0.4759
  -5.600   0.9855   0.05618   0.05104  -0.2179  0.3624  0.4463  -1.2967   0.0000   0.4701
  -5.400   1.0109   0.05676   0.05156  -0.2184  0.3527  0.4541  -1.3295   0.0000   0.4647
  -5.200   1.0374   0.05738   0.05217  -0.2191  0.3445  0.4638  -1.3635   0.0000   0.4595
  -4.800   1.0932   0.05883   0.05356  -0.2210  0.3299  0.4894  -1.4368   0.0000   0.4497
  -4.600   1.1172   0.05936   0.05407  -0.2213  0.3237  0.4956  -1.4708   0.0000   0.4452
  -4.400   1.1391   0.05978   0.05445  -0.2212  0.3173  0.4997  -1.5030   0.0000   0.4410
  -4.200   1.1608   0.06020   0.05484  -0.2210  0.3126  0.5034  -1.5354   0.0000   0.4369
  -4.000   1.1821   0.06060   0.05521  -0.2208  0.3074  0.5065  -1.5674   0.0000   0.4330
  -3.800   1.2038   0.06103   0.05562  -0.2207  0.3025  0.5103  -1.6000   0.0000   0.4292
  -3.600   1.2254   0.06146   0.05604  -0.2206  0.2987  0.5142  -1.6330   0.0000   0.4255
  -3.400   1.2468   0.06188   0.05645  -0.2204  0.2951  0.5179  -1.6672   0.0000   0.4219
  -3.200   1.2676   0.06228   0.05682  -0.2201  0.2907  0.5210  -1.7010   0.0000   0.4185
  -3.000   1.2881   0.06267   0.05718  -0.2197  0.2859  0.5237  -1.7359   0.0000   0.4151
  -2.800   1.3086   0.06307   0.05756  -0.2194  0.2819  0.5271  -1.7712   0.0000   0.4119
  -2.600   1.3293   0.06347   0.05797  -0.2191  0.2787  0.5308  -1.8070   0.0000   0.4087
  -2.400   1.3496   0.06388   0.05836  -0.2187  0.2748  0.5343  -1.8427   0.0000   0.4057
  -2.200   1.3697   0.06428   0.05874  -0.2183  0.2706  0.5376  -1.8796   0.0000   0.4027
  -2.000   1.3896   0.06468   0.05911  -0.2179  0.2667  0.5405  -1.9167   0.0000   0.3998
  -1.800   1.4098   0.06508   0.05951  -0.2175  0.2643  0.5430  -1.9543   0.0000   0.3970
  -1.600   1.4291   0.06545   0.05989  -0.2169  0.2613  0.5461  -1.9912   0.0000   0.3942
  -1.400   1.4485   0.06584   0.06027  -0.2164  0.2576  0.5496  -2.0284   0.0000   0.3915
  -1.200   1.4678   0.06624   0.06066  -0.2159  0.2538  0.5531  -2.0657   0.0000   0.3888
  -1.000   1.4872   0.06666   0.06105  -0.2154  0.2502  0.5563  -2.1031   0.0000   0.3863
  -0.800   1.5069   0.06708   0.06147  -0.2149  0.2482  0.5592  -2.1412   0.0000   0.3838
  -0.600   1.5266   0.06750   0.06190  -0.2144  0.2455  0.5616  -2.1811   0.0000   0.3813
  -0.400   1.5446   0.06785   0.06225  -0.2137  0.2423  0.5643  -2.2210   0.0000   0.3789
  -0.200   1.5624   0.06822   0.06260  -0.2129  0.2387  0.5673  -2.2609   0.0000   0.3765
   0.000   1.5804   0.06862   0.06298  -0.2122  0.2346  0.5705  -2.3012   0.0000   0.3742
   0.200   1.5992   0.06903   0.06341  -0.2116  0.2322  0.5738  -2.3427   0.0000   0.3719
   0.400   1.6181   0.06947   0.06385  -0.2110  0.2293  0.5768  -2.3845   0.0000   0.3696
   0.600   1.6367   0.06992   0.06429  -0.2103  0.2263  0.5793  -2.4262   0.0000   0.3675
   0.800   1.6542   0.07033   0.06469  -0.2095  0.2232  0.5816  -2.4667   0.0000   0.3653
   1.000   1.6703   0.07069   0.06504  -0.2085  0.2199  0.5842  -2.5085   0.0000   0.3631
   1.200   1.6870   0.07107   0.06544  -0.2076  0.2176  0.5871  -2.5520   0.0000   0.3610
   1.400   1.7038   0.07150   0.06588  -0.2067  0.2148  0.5901  -2.5958   0.0000   0.3590
   1.600   1.7206   0.07199   0.06637  -0.2058  0.2115  0.5930  -2.6399   0.0000   0.3569
   1.800   1.7374   0.07251   0.06687  -0.2049  0.2081  0.5956  -2.6842   0.0000   0.3549
   2.000   1.7541   0.07306   0.06741  -0.2040  0.2048  0.5979  -2.7297   0.0000   0.3530
   2.200   1.7708   0.07355   0.06791  -0.2031  0.2029  0.6001  -2.7761   0.0000   0.3510
   2.400   1.7854   0.07392   0.06831  -0.2019  0.2004  0.6025  -2.8197   0.0000   0.3491
   2.600   1.8000   0.07433   0.06872  -0.2007  0.1975  0.6051  -2.8645   0.0000   0.3471
   2.800   1.8146   0.07478   0.06917  -0.1995  0.1943  0.6076  -2.9123   0.0000   0.3452
   3.000   1.8294   0.07528   0.06966  -0.1984  0.1908  0.6101  -2.9607   0.0000   0.3434
   3.200   1.8454   0.07576   0.07016  -0.1974  0.1885  0.6125  -3.0113   0.0000   0.3415
   3.400   1.8618   0.07631   0.07071  -0.1965  0.1856  0.6150  -3.0627   0.0000   0.3398
   3.600   1.8786   0.07694   0.07134  -0.1957  0.1824  0.6174  -3.1183   0.0000   0.3380
   3.800   1.8918   0.07742   0.07182  -0.1943  0.1791  0.6195  -3.1692   0.0000   0.3362
   4.000   1.9042   0.07783   0.07223  -0.1928  0.1762  0.6215  -3.2201   0.0000   0.3344
   4.200   1.9171   0.07825   0.07267  -0.1914  0.1735  0.6234  -3.2729   0.0000   0.3326
   4.400   1.9298   0.07874   0.07318  -0.1900  0.1704  0.6253  -3.3275   0.0000   0.3309
   4.600   1.9417   0.07937   0.07380  -0.1886  0.1671  0.6273  -3.3833   0.0000   0.3291
   4.800   1.9537   0.08006   0.07450  -0.1871  0.1639  0.6295  -3.4395   0.0000   0.3274
   5.000   1.9674   0.08073   0.07519  -0.1859  0.1613  0.6319  -3.4993   0.0000   0.3258
   5.200   1.9816   0.08148   0.07594  -0.1848  0.1579  0.6342  -3.5684   0.0000   0.3241
   5.400   1.9953   0.08231   0.07676  -0.1837  0.1541  0.6362  -3.6382   0.0000   0.3225
   5.600   2.0060   0.08293   0.07738  -0.1821  0.1511  0.6378  -3.7017   0.0000   0.3209
   5.800   2.0163   0.08342   0.07790  -0.1805  0.1484  0.6394  -3.7644   0.0000   0.3192
   6.000   2.0257   0.08401   0.07849  -0.1788  0.1446  0.6409  -3.8266   0.0000   0.3175
   6.200   2.0337   0.08473   0.07921  -0.1769  0.1405  0.6426  -3.8875   0.0000   0.3159
   6.400   2.0426   0.08548   0.07998  -0.1752  0.1376  0.6444  -3.9506   0.0000   0.3142
   6.600   2.0518   0.08627   0.08079  -0.1736  0.1346  0.6463  -4.0150   0.0000   0.3126
   6.800   2.0613   0.08713   0.08165  -0.1720  0.1316  0.6482  -4.0844   0.0000   0.3110
   7.000   2.0710   0.08806   0.08259  -0.1706  0.1286  0.6501  -4.1555   0.0000   0.3095
   7.200   2.0827   0.08891   0.08346  -0.1693  0.1262  0.6519  -4.2355   0.0000   0.3080
   7.400   2.0934   0.08992   0.08447  -0.1681  0.1228  0.6537  -4.3152   0.0000   0.3065
   7.600   2.1020   0.09126   0.08581  -0.1667  0.1189  0.6554  -4.3904   0.0000   0.3050
   7.800   2.1071   0.09208   0.08666  -0.1647  0.1162  0.6567  -4.4556   0.0000   0.3035
   8.000   2.1126   0.09290   0.08750  -0.1628  0.1132  0.6580  -4.5219   0.0000   0.3019
   8.200   2.1171   0.09384   0.08845  -0.1609  0.1098  0.6593  -4.5875   0.0000   0.3004
   8.400   2.1206   0.09496   0.08959  -0.1589  0.1071  0.6605  -4.6517   0.0000   0.2989
   8.600   2.1253   0.09601   0.09067  -0.1571  0.1042  0.6617  -4.7208   0.0000   0.2974
   8.800   2.1294   0.09715   0.09183  -0.1554  0.1009  0.6629  -4.7894   0.0000   0.2959
   9.000   2.1324   0.09848   0.09317  -0.1536  0.0980  0.6642  -4.8559   0.0000   0.2945
   9.200   2.1371   0.09974   0.09446  -0.1521  0.0953  0.6657  -4.9293   0.0000   0.2931
   9.400   2.1415   0.10111   0.09585  -0.1506  0.0923  0.6674  -5.0022   0.0000   0.2917
   9.600   2.1443   0.10276   0.09752  -0.1492  0.0896  0.6691  -5.0706   0.0000   0.2904
   9.800   2.1501   0.10424   0.09903  -0.1481  0.0871  0.6709  -5.1484   0.0000   0.2892
  10.000   2.1542   0.10602   0.10083  -0.1470  0.0841  0.6725  -5.2246   0.0000   0.2880
  10.200   2.1573   0.10798   0.10280  -0.1461  0.0813  0.6739  -5.2996   0.0000   0.2869
  10.400   2.1578   0.10936   0.10423  -0.1446  0.0791  0.6747  -5.3646   0.0000   0.2856
  10.600   2.1563   0.11101   0.10591  -0.1432  0.0767  0.6755  -5.4232   0.0000   0.2844
  10.800   2.1536   0.11280   0.10774  -0.1418  0.0744  0.6762  -5.4776   0.0000   0.2833
  11.000   2.1530   0.11436   0.10935  -0.1406  0.0724  0.6770  -5.5388   0.0000   0.2822
  11.200   2.1507   0.11613   0.11116  -0.1395  0.0703  0.6779  -5.5943   0.0000   0.2812
  11.400   2.1474   0.11806   0.11312  -0.1385  0.0681  0.6787  -5.6458   0.0000   0.2802
  11.600   2.1449   0.11992   0.11503  -0.1377  0.0663  0.6796  -5.6997   0.0000   0.2793
  11.800   2.1426   0.12180   0.11696  -0.1370  0.0645  0.6806  -5.7543   0.0000   0.2784
  12.000   2.1394   0.12389   0.11909  -0.1365  0.0626  0.6815  -5.8050   0.0000   0.2776
  12.200   2.1352   0.12614   0.12139  -0.1362  0.0607  0.6825  -5.8518   0.0000   0.2769
  12.400   2.1335   0.12815   0.12345  -0.1360  0.0592  0.6835  -5.9071   0.0000   0.2762
  12.600   2.1304   0.13037   0.12573  -0.1361  0.0575  0.6845  -5.9570   0.0000   0.2757
  12.800   2.1263   0.13278   0.12819  -0.1363  0.0559  0.6856  -6.0024   0.0000   0.2752
  13.000   2.1222   0.13527   0.13073  -0.1367  0.0544  0.6868  -6.0468   0.0000   0.2748
  13.200   2.1206   0.13755   0.13306  -0.1373  0.0530  0.6881  -6.1006   0.0000   0.2744
  13.400   2.1176   0.14015   0.13572  -0.1381  0.0514  0.6895  -6.1481   0.0000   0.2742
  13.600   2.1137   0.14313   0.13873  -0.1395  0.0498  0.6910  -6.1911   0.0000   0.2742
  13.800   2.1101   0.14589   0.14155  -0.1407  0.0484  0.6923  -6.2344   0.0000   0.2741
  14.000   2.1034   0.14825   0.14398  -0.1415  0.0472  0.6929  -6.2653   0.0000   0.2740
  14.200   2.0959   0.15075   0.14655  -0.1424  0.0460  0.6935  -6.2914   0.0000   0.2739
  14.400   2.0871   0.15345   0.14930  -0.1436  0.0448  0.6940  -6.3112   0.0000   0.2740
  14.600   2.0785   0.15615   0.15206  -0.1450  0.0438  0.6945  -6.3307   0.0000   0.2742
  14.800   2.0711   0.15870   0.15469  -0.1463  0.0429  0.6950  -6.3543   0.0000   0.2743
  15.000   2.0633   0.16135   0.15741  -0.1478  0.0419  0.6955  -6.3751   0.0000   0.2745
  15.200   2.0552   0.16407   0.16019  -0.1495  0.0409  0.6960  -6.3932   0.0000   0.2748
  15.400   2.0462   0.16693   0.16310  -0.1513  0.0400  0.6964  -6.4064   0.0000   0.2752
  15.600   2.0375   0.16980   0.16604  -0.1533  0.0392  0.6970  -6.4188   0.0000   0.2757
  15.800   2.0303   0.17246   0.16877  -0.1552  0.0385  0.6975  -6.4380   0.0000   0.2761
  16.000   2.0239   0.17503   0.17140  -0.1571  0.0376  0.6981  -6.4597   0.0000   0.2764
  16.200   2.0155   0.17792   0.17435  -0.1593  0.0368  0.6987  -6.4720   0.0000   0.2770
  16.400   2.0068   0.18087   0.17736  -0.1617  0.0360  0.6994  -6.4830   0.0000   0.2777
  16.600   1.9992   0.18367   0.18021  -0.1640  0.0352  0.7001  -6.4984   0.0000   0.2783
  16.800   1.9923   0.18638   0.18299  -0.1663  0.0346  0.7009  -6.5168   0.0000   0.2789
  17.000   1.9876   0.18878   0.18544  -0.1683  0.0339  0.7018  -6.5460   0.0000   0.2792
  17.200   1.9804   0.19164   0.18836  -0.1709  0.0331  0.7028  -6.5599   0.0000   0.2800
  17.400   1.9752   0.19424   0.19100  -0.1732  0.0323  0.7039  -6.5843   0.0000   0.2805
  17.600   1.9677   0.19733   0.19415  -0.1763  0.0316  0.7050  -6.5929   0.0000   0.2815
  17.800   1.9653   0.19981   0.19667  -0.1787  0.0309  0.7066  -6.6295   0.0000   0.2819
  18.000   1.9623   0.20275   0.19967  -0.1818  0.0302  0.7083  -6.6586   0.0000   0.2827
  18.200   1.9621   0.20550   0.20245  -0.1848  0.0294  0.7100  -6.7029   0.0000   0.2834
  18.400   1.9552   0.20803   0.20503  -0.1873  0.0288  0.7105  -6.7135   0.0000   0.2841
  18.600   1.9487   0.21047   0.20751  -0.1896  0.0282  0.7109  -6.7264   0.0000   0.2847
  18.800   1.9439   0.21260   0.20968  -0.1917  0.0276  0.7113  -6.7496   0.0000   0.2851
  19.000   1.9380   0.21495   0.21208  -0.1941  0.0271  0.7117  -6.7638   0.0000   0.2858
  19.200   1.9342   0.21689   0.21407  -0.1960  0.0265  0.7121  -6.7917   0.0000   0.2861
  19.400   1.9296   0.21897   0.21619  -0.1981  0.0259  0.7125  -6.8133   0.0000   0.2865
  19.600   1.9230   0.22140   0.21867  -0.2007  0.0253  0.7129  -6.8202   0.0000   0.2873
  19.800   1.9181   0.22351   0.22081  -0.2029  0.0247  0.7134  -6.8395   0.0000   0.2878
  20.000   1.9134   0.22563   0.22297  -0.2052  0.0243  0.7139  -6.8615   0.0000   0.2883
  20.200   1.9095   0.22763   0.22501  -0.2074  0.0238  0.7144  -6.8877   0.0000   0.2888
  20.400   1.9065   0.22945   0.22687  -0.2094  0.0232  0.7149  -6.9209   0.0000   0.2891
  20.600   1.9028   0.23143   0.22889  -0.2116  0.0227  0.7154  -6.9471   0.0000   0.2895
  20.800   1.8972   0.23377   0.23127  -0.2143  0.0222  0.7159  -6.9579   0.0000   0.2903
  21.000   1.8932   0.23583   0.23335  -0.2167  0.0217  0.7165  -6.9807   0.0000   0.2909
  21.200   1.8914   0.23749   0.23505  -0.2187  0.0212  0.7170  -7.0191   0.0000   0.2911
  21.400   1.8875   0.23956   0.23717  -0.2212  0.0208  0.7176  -7.0396   0.0000   0.2917
  21.600   1.8852   0.24135   0.23900  -0.2233  0.0203  0.7183  -7.0724   0.0000   0.2920
  21.800   1.8831   0.24312   0.24079  -0.2255  0.0198  0.7190  -7.1061   0.0000   0.2923
  22.000   1.8788   0.24533   0.24304  -0.2283  0.0193  0.7198  -7.1215   0.0000   0.2931
  22.200   1.8752   0.24744   0.24518  -0.2310  0.0189  0.7206  -7.1423   0.0000   0.2938
  22.400   1.8747   0.24904   0.24681  -0.2330  0.0186  0.7217  -7.1883   0.0000   0.2939
  22.600   1.8744   0.25075   0.24855  -0.2353  0.0182  0.7229  -7.2335   0.0000   0.2941
  22.800   1.8728   0.25306   0.25090  -0.2385  0.0177  0.7247  -7.2612   0.0000   0.2949
  23.000   1.8754   0.25541   0.25328  -0.2419  0.0172  0.7276  -7.3143   0.0000   0.2955
  23.200   1.8722   0.25705   0.25494  -0.2441  0.0168  0.7280  -7.3403   0.0000   0.2958
  23.400   1.8668   0.25914   0.25706  -0.2469  0.0165  0.7283  -7.3440   0.0000   0.2966
  23.600   1.8642   0.26067   0.25863  -0.2489  0.0161  0.7287  -7.3730   0.0000   0.2969
  23.800   1.8624   0.26209   0.26008  -0.2507  0.0158  0.7291  -7.4099   0.0000   0.2970


