xflr5 v6.47

 Calculated polar for: NACA24018_theta30_Ku4.5_Kl0.5_d0.17_delta4.56

 1 1 Reynolds number fixed          Mach number fixed         

 xtrf =   1.000 (top)        1.000 (bottom)
 Mach =   0.000     Re =     0.800 e 6     Ncrit =   5.000

  alpha     CL        CD       CDp       Cm    Top Xtr Bot Xtr   Cpmin    Chinge    XCp    
 ------- -------- --------- --------- -------- ------- ------- -------- --------- ---------
 -14.200  -0.8914   0.03325   0.02798  -0.0829  0.9245  0.0337  -5.8663   0.0000   0.1346
 -14.000  -0.8820   0.03244   0.02714  -0.0821  0.9222  0.0341  -5.7686   0.0000   0.1348
 -13.800  -0.8655   0.03183   0.02652  -0.0823  0.9212  0.0346  -5.6463   0.0000   0.1331
 -13.600  -0.8548   0.03099   0.02566  -0.0815  0.9172  0.0351  -5.5447   0.0000   0.1332
 -13.400  -0.8372   0.03037   0.02501  -0.0817  0.9155  0.0356  -5.4204   0.0000   0.1311
 -13.200  -0.8160   0.02984   0.02445  -0.0824  0.9144  0.0361  -5.2852   0.0000   0.1278
 -13.000  -0.7933   0.02938   0.02396  -0.0833  0.9138  0.0366  -5.1483   0.0000   0.1239
 -12.800  -0.7780   0.02869   0.02327  -0.0830  0.9107  0.0371  -5.0397   0.0000   0.1224
 -12.600  -0.7579   0.02815   0.02272  -0.0835  0.9089  0.0377  -4.9161   0.0000   0.1190
 -12.400  -0.7343   0.02770   0.02227  -0.0845  0.9078  0.0383  -4.7826   0.0000   0.1142
 -12.200  -0.7089   0.02730   0.02185  -0.0856  0.9070  0.0390  -4.6449   0.0000   0.1084
 -12.000  -0.6824   0.02694   0.02148  -0.0869  0.9064  0.0398  -4.5055   0.0000   0.1017
 -11.800  -0.6551   0.02662   0.02114  -0.0883  0.9059  0.0406  -4.3653   0.0000   0.0942
 -11.600  -0.6375   0.02610   0.02063  -0.0882  0.9024  0.0413  -4.2550   0.0000   0.0908
 -11.400  -0.6122   0.02574   0.02028  -0.0893  0.9010  0.0422  -4.1228   0.0000   0.0832
 -11.200  -0.5851   0.02542   0.01996  -0.0906  0.9001  0.0431  -3.9872   0.0000   0.0740
 -11.000  -0.5566   0.02512   0.01965  -0.0920  0.8993  0.0441  -3.8496   0.0000   0.0631
 -10.800  -0.5276   0.02483   0.01935  -0.0936  0.8987  0.0450  -3.7179   0.0000   0.0506
 -10.600  -0.4979   0.02454   0.01907  -0.0954  0.8982  0.0461  -3.5857   0.0000   0.0361
 -10.400  -0.4766   0.02423   0.01877  -0.0956  0.8952  0.0471  -3.4773   0.0000   0.0269
 -10.200  -0.4510   0.02396   0.01850  -0.0965  0.8932  0.0483  -3.3589   0.0000   0.0130
 -10.000  -0.4221   0.02369   0.01824  -0.0980  0.8919  0.0496  -3.2334   0.0000  -0.0058
  -9.800  -0.3914   0.02340   0.01796  -0.0998  0.8909  0.0511  -3.1048   0.0000  -0.0295
  -9.600  -0.3595   0.02309   0.01766  -0.1017  0.8900  0.0526  -2.9754   0.0000  -0.0586
  -9.400  -0.3428   0.02284   0.01741  -0.1010  0.8833  0.0537  -2.8847   0.0000  -0.0707
  -9.200  -0.3142   0.02256   0.01715  -0.1024  0.8803  0.0554  -2.7701   0.0000  -0.1031
  -9.000  -0.3162   0.02295   0.01758  -0.0987  0.8538  0.0562  -2.7278   0.0000  -0.0885
  -8.800  -0.2877   0.02279   0.01741  -0.1000  0.8473  0.0581  -2.6167   0.0000  -0.1252
  -8.600  -0.2563   0.02255   0.01719  -0.1017  0.8431  0.0601  -2.5008   0.0000  -0.1769
  -8.400  -0.2239   0.02229   0.01694  -0.1036  0.8389  0.0624  -2.3845   0.0000  -0.2455
  -8.200  -0.1902   0.02200   0.01666  -0.1057  0.8335  0.0649  -2.2673   0.0000  -0.3425
  -8.000  -0.1525   0.02155   0.01621  -0.1085  0.8286  0.0679  -2.1434   0.0000  -0.5052
  -7.800  -0.1100   0.02093   0.01558  -0.1120  0.8200  0.0711  -2.0125   0.0000  -0.8261
  -7.600  -0.0615   0.02008   0.01470  -0.1166  0.8099  0.0751  -1.8788   0.0000  -1.7428
  -7.400  -0.0084   0.01910   0.01366  -0.1221  0.7948  0.0803  -1.7394   0.0000  -15.0137
  -7.200   0.0394   0.01831   0.01277  -0.1268  0.7723  0.0857  -1.6149   0.0000   3.6000
  -7.000   0.0734   0.01798   0.01231  -0.1290  0.7413  0.0906  -1.5205   0.0000   2.0775
  -6.800   0.0985   0.01797   0.01217  -0.1296  0.7094  0.0956  -1.4424   0.0000   1.6152
  -6.600   0.1228   0.01804   0.01215  -0.1301  0.6804  0.1012  -1.3701   0.0000   1.3472
  -6.400   0.1470   0.01814   0.01216  -0.1306  0.6547  0.1072  -1.2989   0.0000   1.1684
  -6.200   0.1719   0.01824   0.01219  -0.1313  0.6328  0.1140  -1.2277   0.0000   1.0376
  -6.000   0.1974   0.01834   0.01223  -0.1320  0.6116  0.1220  -1.1565   0.0000   0.9382
  -5.800   0.2239   0.01845   0.01229  -0.1330  0.5900  0.1319  -1.0849   0.0000   0.8599
  -5.600   0.2511   0.01857   0.01235  -0.1340  0.5687  0.1437  -1.0136   0.0000   0.7973
  -5.400   0.2800   0.01868   0.01243  -0.1354  0.5487  0.1589  -0.9419   0.0000   0.7450
  -5.200   0.3113   0.01880   0.01255  -0.1374  0.5295  0.1827  -0.8705   0.0000   0.7005
  -5.000   0.3482   0.01895   0.01276  -0.1404  0.5091  0.2232  -0.8220   0.0000   0.6609
  -4.800   0.3992   0.01923   0.01322  -0.1464  0.4872  0.3085  -0.8664   0.0000   0.6228
  -4.600   0.4488   0.01957   0.01370  -0.1520  0.4683  0.3827  -0.9104   0.0000   0.5934
  -4.400   0.4841   0.01981   0.01395  -0.1546  0.4520  0.4134  -0.9450   0.0000   0.5731
  -4.200   0.5162   0.02004   0.01415  -0.1565  0.4364  0.4351  -0.9776   0.0000   0.5562
  -4.000   0.5479   0.02028   0.01435  -0.1584  0.4220  0.4544  -1.0102   0.0000   0.5414
  -3.800   0.5797   0.02052   0.01456  -0.1602  0.4087  0.4728  -1.0431   0.0000   0.5281
  -3.600   0.6123   0.02078   0.01481  -0.1622  0.3967  0.4922  -1.0769   0.0000   0.5160
  -3.400   0.6438   0.02104   0.01504  -0.1639  0.3850  0.5081  -1.1100   0.0000   0.5053
  -3.200   0.6747   0.02129   0.01528  -0.1656  0.3748  0.5234  -1.1430   0.0000   0.4955
  -3.000   0.7052   0.02155   0.01551  -0.1671  0.3663  0.5389  -1.1758   0.0000   0.4866
  -2.800   0.7358   0.02181   0.01577  -0.1686  0.3583  0.5543  -1.2114   0.0000   0.4785
  -2.400   0.7897   0.02225   0.01616  -0.1703  0.3444  0.5708  -1.2781   0.0000   0.4642
  -2.200   0.8140   0.02244   0.01630  -0.1706  0.3377  0.5753  -1.3096   0.0000   0.4577
  -2.000   0.8385   0.02264   0.01647  -0.1710  0.3308  0.5800  -1.3415   0.0000   0.4517
  -1.800   0.8633   0.02284   0.01666  -0.1714  0.3252  0.5851  -1.3749   0.0000   0.4460
  -1.600   0.8878   0.02305   0.01684  -0.1717  0.3193  0.5907  -1.4085   0.0000   0.4406
  -1.200   0.9361   0.02348   0.01723  -0.1723  0.3100  0.6005  -1.4769   0.0000   0.4306
  -1.000   0.9600   0.02369   0.01743  -0.1725  0.3058  0.6054  -1.5119   0.0000   0.4259
  -0.800   0.9836   0.02391   0.01763  -0.1727  0.3011  0.6102  -1.5468   0.0000   0.4215
  -0.400   1.0306   0.02437   0.01806  -0.1730  0.2931  0.6196  -1.6170   0.0000   0.4132
  -0.200   1.0536   0.02459   0.01829  -0.1731  0.2895  0.6245  -1.6520   0.0000   0.4093
   0.000   1.0767   0.02483   0.01851  -0.1731  0.2855  0.6293  -1.6872   0.0000   0.4055
   0.200   1.0995   0.02508   0.01873  -0.1732  0.2813  0.6336  -1.7224   0.0000   0.4020
   0.400   1.1223   0.02532   0.01896  -0.1732  0.2780  0.6375  -1.7585   0.0000   0.3985
   0.600   1.1439   0.02554   0.01920  -0.1730  0.2751  0.6419  -1.7957   0.0000   0.3951
   0.800   1.1659   0.02578   0.01944  -0.1729  0.2719  0.6467  -1.8336   0.0000   0.3919
   1.000   1.1883   0.02604   0.01970  -0.1728  0.2684  0.6513  -1.8719   0.0000   0.3888
   1.200   1.2108   0.02633   0.01996  -0.1728  0.2646  0.6555  -1.9106   0.0000   0.3858
   1.400   1.2318   0.02658   0.02022  -0.1725  0.2617  0.6594  -1.9480   0.0000   0.3828
   1.600   1.2521   0.02681   0.02046  -0.1720  0.2587  0.6636  -1.9849   0.0000   0.3799
   1.800   1.2730   0.02707   0.02073  -0.1717  0.2553  0.6678  -2.0249   0.0000   0.3771
   2.000   1.2943   0.02737   0.02101  -0.1715  0.2519  0.6717  -2.0662   0.0000   0.3744
   2.200   1.3160   0.02769   0.02132  -0.1714  0.2486  0.6753  -2.1082   0.0000   0.3718
   2.400   1.3365   0.02797   0.02160  -0.1710  0.2462  0.6788  -2.1490   0.0000   0.3692
   2.600   1.3548   0.02819   0.02186  -0.1702  0.2436  0.6824  -2.1877   0.0000   0.3666
   2.800   1.3739   0.02846   0.02214  -0.1695  0.2405  0.6862  -2.2274   0.0000   0.3641
   3.000   1.3936   0.02877   0.02245  -0.1690  0.2372  0.6898  -2.2680   0.0000   0.3617
   3.200   1.4140   0.02914   0.02279  -0.1687  0.2338  0.6934  -2.3097   0.0000   0.3594
   3.400   1.4362   0.02950   0.02316  -0.1686  0.2312  0.6968  -2.3568   0.0000   0.3573
   3.600   1.4526   0.02975   0.02344  -0.1675  0.2287  0.6998  -2.3972   0.0000   0.3549
   3.800   1.4688   0.03003   0.02375  -0.1664  0.2261  0.7027  -2.4375   0.0000   0.3525
   4.000   1.4857   0.03036   0.02408  -0.1654  0.2233  0.7058  -2.4788   0.0000   0.3503
   4.200   1.5032   0.03075   0.02447  -0.1645  0.2201  0.7091  -2.5217   0.0000   0.3481
   4.400   1.5226   0.03115   0.02487  -0.1640  0.2173  0.7124  -2.5698   0.0000   0.3460
   4.600   1.5437   0.03157   0.02530  -0.1638  0.2144  0.7154  -2.6205   0.0000   0.3441
   4.800   1.5615   0.03196   0.02570  -0.1630  0.2115  0.7179  -2.6673   0.0000   0.3421
   5.000   1.5747   0.03227   0.02603  -0.1614  0.2088  0.7202  -2.7096   0.0000   0.3399
   5.200   1.5882   0.03263   0.02640  -0.1598  0.2059  0.7228  -2.7524   0.0000   0.3377
   5.400   1.6035   0.03299   0.02678  -0.1586  0.2035  0.7256  -2.7988   0.0000   0.3357
   5.600   1.6200   0.03337   0.02719  -0.1576  0.2008  0.7283  -2.8480   0.0000   0.3337
   5.800   1.6374   0.03385   0.02768  -0.1568  0.1978  0.7311  -2.8987   0.0000   0.3319
   6.000   1.6558   0.03442   0.02825  -0.1562  0.1948  0.7338  -2.9512   0.0000   0.3301
   6.200   1.6750   0.03506   0.02888  -0.1558  0.1918  0.7363  -3.0053   0.0000   0.3284
   6.400   1.6856   0.03539   0.02925  -0.1538  0.1897  0.7382  -3.0514   0.0000   0.3263
   6.600   1.6966   0.03576   0.02966  -0.1519  0.1872  0.7401  -3.0984   0.0000   0.3243
   6.800   1.7079   0.03619   0.03011  -0.1501  0.1846  0.7421  -3.1463   0.0000   0.3223
   7.000   1.7195   0.03669   0.03062  -0.1484  0.1817  0.7442  -3.1966   0.0000   0.3204
   7.200   1.7320   0.03726   0.03121  -0.1469  0.1790  0.7464  -3.2504   0.0000   0.3185
   7.400   1.7471   0.03784   0.03182  -0.1458  0.1761  0.7487  -3.3098   0.0000   0.3168
   7.600   1.7624   0.03852   0.03251  -0.1449  0.1727  0.7509  -3.3719   0.0000   0.3152
   7.800   1.7782   0.03930   0.03329  -0.1440  0.1693  0.7529  -3.4387   0.0000   0.3136
   8.000   1.7965   0.04011   0.03411  -0.1436  0.1664  0.7550  -3.5108   0.0000   0.3121
   8.200   1.8039   0.04060   0.03464  -0.1413  0.1638  0.7565  -3.5633   0.0000   0.3102
   8.400   1.8100   0.04120   0.03527  -0.1389  0.1611  0.7580  -3.6143   0.0000   0.3082
   8.600   1.8162   0.04188   0.03597  -0.1365  0.1582  0.7593  -3.6706   0.0000   0.3063
   8.800   1.8239   0.04256   0.03668  -0.1345  0.1557  0.7607  -3.7310   0.0000   0.3044
   9.000   1.8329   0.04327   0.03743  -0.1326  0.1528  0.7621  -3.7947   0.0000   0.3027
   9.200   1.8413   0.04413   0.03831  -0.1308  0.1496  0.7637  -3.8575   0.0000   0.3010
   9.400   1.8495   0.04511   0.03929  -0.1290  0.1465  0.7654  -3.9202   0.0000   0.2993
   9.600   1.8602   0.04603   0.04025  -0.1277  0.1439  0.7673  -3.9888   0.0000   0.2978
   9.800   1.8715   0.04708   0.04133  -0.1265  0.1410  0.7692  -4.0593   0.0000   0.2963
  10.000   1.8828   0.04832   0.04259  -0.1255  0.1376  0.7710  -4.1303   0.0000   0.2949
  10.200   1.8959   0.04969   0.04397  -0.1248  0.1343  0.7728  -4.2064   0.0000   0.2937
  10.400   1.9017   0.05078   0.04510  -0.1230  0.1311  0.7740  -4.2718   0.0000   0.2921
  10.600   1.9021   0.05193   0.04628  -0.1204  0.1281  0.7749  -4.3236   0.0000   0.2903
  10.800   1.9028   0.05315   0.04753  -0.1180  0.1255  0.7758  -4.3759   0.0000   0.2886
  11.000   1.9050   0.05433   0.04877  -0.1159  0.1229  0.7767  -4.4323   0.0000   0.2870
  11.200   1.9067   0.05570   0.05017  -0.1139  0.1202  0.7776  -4.4895   0.0000   0.2854
  11.400   1.9074   0.05727   0.05178  -0.1120  0.1178  0.7784  -4.5441   0.0000   0.2839
  11.600   1.9099   0.05873   0.05329  -0.1103  0.1157  0.7793  -4.6037   0.0000   0.2825
  11.800   1.9122   0.06029   0.05490  -0.1087  0.1134  0.7802  -4.6625   0.0000   0.2812
  12.000   1.9130   0.06205   0.05671  -0.1072  0.1109  0.7813  -4.7175   0.0000   0.2799
  12.200   1.9125   0.06404   0.05874  -0.1058  0.1086  0.7823  -4.7688   0.0000   0.2786
  12.400   1.9143   0.06592   0.06067  -0.1046  0.1061  0.7836  -4.8263   0.0000   0.2775
  12.600   1.9146   0.06810   0.06290  -0.1037  0.1033  0.7848  -4.8811   0.0000   0.2765
  12.800   1.9135   0.07062   0.06546  -0.1029  0.1006  0.7861  -4.9323   0.0000   0.2756
  13.000   1.9161   0.07300   0.06790  -0.1026  0.0977  0.7875  -4.9943   0.0000   0.2748
  13.200   1.9166   0.07589   0.07083  -0.1025  0.0947  0.7888  -5.0495   0.0000   0.2742
  13.400   1.9183   0.07897   0.07396  -0.1029  0.0921  0.7901  -5.1088   0.0000   0.2737
  13.600   1.9160   0.08166   0.07671  -0.1026  0.0898  0.7909  -5.1568   0.0000   0.2731
  13.800   1.9084   0.08438   0.07949  -0.1018  0.0879  0.7913  -5.1877   0.0000   0.2723
  14.000   1.8994   0.08733   0.08251  -0.1013  0.0861  0.7918  -5.2145   0.0000   0.2717
  14.200   1.8932   0.08995   0.08520  -0.1008  0.0844  0.7922  -5.2500   0.0000   0.2711
  14.400   1.8854   0.09283   0.08816  -0.1006  0.0826  0.7927  -5.2793   0.0000   0.2706
  14.600   1.8759   0.09603   0.09142  -0.1006  0.0808  0.7932  -5.3012   0.0000   0.2703
  14.800   1.8658   0.09936   0.09482  -0.1009  0.0792  0.7936  -5.3201   0.0000   0.2702
  15.000   1.8577   0.10247   0.09801  -0.1012  0.0776  0.7940  -5.3449   0.0000   0.2700
  15.200   1.8484   0.10582   0.10143  -0.1019  0.0758  0.7945  -5.3640   0.0000   0.2700
  15.400   1.8376   0.10943   0.10511  -0.1028  0.0742  0.7949  -5.3764   0.0000   0.2702
  15.600   1.8273   0.11303   0.10878  -0.1039  0.0728  0.7953  -5.3889   0.0000   0.2705
  15.800   1.8189   0.11637   0.11220  -0.1050  0.0713  0.7958  -5.4075   0.0000   0.2707
  16.000   1.8095   0.11990   0.11580  -0.1063  0.0697  0.7962  -5.4208   0.0000   0.2711
  16.200   1.7988   0.12366   0.11962  -0.1079  0.0682  0.7967  -5.4277   0.0000   0.2717
  16.400   1.7889   0.12735   0.12339  -0.1096  0.0669  0.7972  -5.4359   0.0000   0.2723
  16.600   1.7803   0.13087   0.12698  -0.1114  0.0654  0.7978  -5.4482   0.0000   0.2729
  16.800   1.7709   0.13456   0.13074  -0.1133  0.0639  0.7985  -5.4554   0.0000   0.2737
  17.000   1.7610   0.13838   0.13462  -0.1155  0.0625  0.7992  -5.4589   0.0000   0.2746
  17.200   1.7536   0.14191   0.13821  -0.1177  0.0611  0.8000  -5.4712   0.0000   0.2755
  17.400   1.7464   0.14552   0.14188  -0.1200  0.0596  0.8008  -5.4828   0.0000   0.2764
  17.600   1.7393   0.14923   0.14564  -0.1226  0.0581  0.8018  -5.4933   0.0000   0.2775
  17.800   1.7325   0.15310   0.14956  -0.1256  0.0567  0.8027  -5.5023   0.0000   0.2787
  18.000   1.7292   0.15673   0.15326  -0.1285  0.0552  0.8039  -5.5250   0.0000   0.2799
  18.200   1.7283   0.16051   0.15708  -0.1320  0.0536  0.8053  -5.5552   0.0000   0.2811
  18.400   1.7270   0.16519   0.16180  -0.1367  0.0520  0.8068  -5.5782   0.0000   0.2831
  18.600   1.7222   0.16785   0.16450  -0.1384  0.0509  0.8072  -5.5995   0.0000   0.2837
  18.800   1.7150   0.17090   0.16761  -0.1405  0.0497  0.8075  -5.6078   0.0000   0.2846
  19.000   1.7088   0.17374   0.17049  -0.1425  0.0485  0.8078  -5.6202   0.0000   0.2853
  19.400   1.6963   0.17936   0.17620  -0.1465  0.0464  0.8085  -5.6420   0.0000   0.2869
  19.600   1.6909   0.18203   0.17892  -0.1485  0.0453  0.8089  -5.6558   0.0000   0.2877
  19.800   1.6852   0.18480   0.18172  -0.1506  0.0442  0.8093  -5.6669   0.0000   0.2885
  20.200   1.6759   0.19014   0.18714  -0.1549  0.0423  0.8101  -5.6960   0.0000   0.2901
  20.400   1.6733   0.19251   0.18955  -0.1568  0.0412  0.8105  -5.7217   0.0000   0.2907
  20.600   1.6691   0.19523   0.19231  -0.1591  0.0402  0.8109  -5.7399   0.0000   0.2916
  20.800   1.6642   0.19811   0.19521  -0.1617  0.0392  0.8114  -5.7524   0.0000   0.2927
  21.000   1.6635   0.20026   0.19740  -0.1636  0.0383  0.8118  -5.7897   0.0000   0.2932
  21.200   1.6610   0.20277   0.19995  -0.1659  0.0374  0.8123  -5.8149   0.0000   0.2939
  21.400   1.6584   0.20532   0.20253  -0.1683  0.0365  0.8128  -5.8388   0.0000   0.2948
  21.600   1.6560   0.20788   0.20512  -0.1707  0.0357  0.8134  -5.8623   0.0000   0.2957
  21.800   1.6545   0.21032   0.20760  -0.1731  0.0349  0.8140  -5.8904   0.0000   0.2964
  22.000   1.6542   0.21260   0.20991  -0.1754  0.0341  0.8146  -5.9252   0.0000   0.2971
  22.200   1.6538   0.21494   0.21229  -0.1778  0.0332  0.8153  -5.9587   0.0000   0.2978
  22.400   1.6518   0.21768   0.21505  -0.1807  0.0324  0.8161  -5.9788   0.0000   0.2989
  22.600   1.6514   0.22022   0.21762  -0.1834  0.0317  0.8170  -6.0084   0.0000   0.2998
  22.800   1.6538   0.22251   0.21994  -0.1861  0.0309  0.8182  -6.0542   0.0000   0.3004
  23.000   1.6569   0.22542   0.22289  -0.1897  0.0300  0.8199  -6.0961   0.0000   0.3015
  23.200   1.6635   0.22915   0.22664  -0.1949  0.0291  0.8221  -6.1448   0.0000   0.3033
  23.400   1.6615   0.23115   0.22867  -0.1969  0.0285  0.8223  -6.1698   0.0000   0.3038
  23.600   1.6606   0.23301   0.23056  -0.1987  0.0279  0.8226  -6.2016   0.0000   0.3042
  23.800   1.6588   0.23507   0.23266  -0.2008  0.0273  0.8228  -6.2257   0.0000   0.3048
  24.000   1.6574   0.23706   0.23468  -0.2029  0.0267  0.8231  -6.2517   0.0000   0.3053
  24.200   1.6556   0.23915   0.23678  -0.2051  0.0261  0.8234  -6.2739   0.0000   0.3060
  24.400   1.6530   0.24140   0.23907  -0.2075  0.0256  0.8236  -6.2882   0.0000   0.3068
  24.600   1.6528   0.24316   0.24087  -0.2094  0.0250  0.8239  -6.3220   0.0000   0.3072
  24.800   1.6523   0.24498   0.24272  -0.2114  0.0245  0.8243  -6.3534   0.0000   0.3076
  25.000   1.6510   0.24700   0.24477  -0.2136  0.0239  0.8246  -6.3761   0.0000   0.3082


