xflr5 v6.47

 Calculated polar for: NACA24018_theta30_Ku4.5_Kl0.5_d0.07_delta1.57

 1 1 Reynolds number fixed          Mach number fixed         

 xtrf =   1.000 (top)        1.000 (bottom)
 Mach =   0.000     Re =     2.000 e 6     Ncrit =   5.000

  alpha     CL        CD       CDp       Cm    Top Xtr Bot Xtr   Cpmin    Chinge    XCp    
 ------- -------- --------- --------- -------- ------- ------- -------- --------- ---------
 -14.800  -1.1029   0.02262   0.01774  -0.0773  0.9794  0.0239  -6.9946   0.0000   0.1574
 -14.600  -1.0843   0.02211   0.01723  -0.0775  0.9783  0.0242  -6.8532   0.0000   0.1563
 -14.400  -1.0639   0.02168   0.01678  -0.0781  0.9776  0.0245  -6.7064   0.0000   0.1546
 -14.200  -1.0418   0.02133   0.01641  -0.0789  0.9771  0.0248  -6.5542   0.0000   0.1525
 -14.000  -1.0314   0.02060   0.01567  -0.0774  0.9736  0.0250  -6.4446   0.0000   0.1535
 -13.800  -1.0121   0.02018   0.01523  -0.0776  0.9726  0.0253  -6.3043   0.0000   0.1522
 -13.600  -0.9915   0.01979   0.01483  -0.0780  0.9719  0.0255  -6.1606   0.0000   0.1504
 -13.400  -0.9707   0.01939   0.01443  -0.0784  0.9714  0.0258  -6.0182   0.0000   0.1485
 -13.200  -0.9627   0.01879   0.01381  -0.0763  0.9685  0.0262  -5.9202   0.0000   0.1503
 -13.000  -0.9462   0.01834   0.01335  -0.0758  0.9670  0.0266  -5.7941   0.0000   0.1497
 -12.800  -0.9271   0.01793   0.01294  -0.0758  0.9661  0.0270  -5.6598   0.0000   0.1483
 -12.600  -0.9069   0.01755   0.01256  -0.0760  0.9654  0.0275  -5.5230   0.0000   0.1465
 -12.400  -0.8990   0.01705   0.01206  -0.0737  0.9624  0.0279  -5.4275   0.0000   0.1487
 -12.200  -0.8852   0.01663   0.01163  -0.0725  0.9599  0.0283  -5.3130   0.0000   0.1491
 -12.000  -0.8757   0.01621   0.01119  -0.0704  0.9565  0.0286  -5.2133   0.0000   0.1509
 -11.800  -0.8896   0.01582   0.01078  -0.0637  0.9402  0.0287  -5.1887   0.0000   0.1602
 -11.600  -0.8763   0.01549   0.01043  -0.0623  0.9358  0.0290  -5.0775   0.0000   0.1610
 -11.400  -0.8599   0.01514   0.01007  -0.0614  0.9332  0.0293  -4.9614   0.0000   0.1609
 -11.200  -0.8438   0.01480   0.00972  -0.0605  0.9287  0.0296  -4.8483   0.0000   0.1609
 -11.000  -0.8229   0.01442   0.00934  -0.0605  0.9251  0.0303  -4.7218   0.0000   0.1592
 -10.800  -0.7988   0.01404   0.00896  -0.0611  0.9223  0.0310  -4.5869   0.0000   0.1564
 -10.600  -0.7741   0.01366   0.00858  -0.0618  0.9169  0.0316  -4.4549   0.0000   0.1531
 -10.400  -0.7437   0.01325   0.00816  -0.0636  0.9125  0.0323  -4.3109   0.0000   0.1475
 -10.200  -0.7121   0.01287   0.00776  -0.0656  0.9062  0.0330  -4.1656   0.0000   0.1408
 -10.000  -0.6751   0.01247   0.00733  -0.0687  0.8979  0.0335  -4.0080   0.0000   0.1311
  -9.800  -0.6332   0.01202   0.00685  -0.0728  0.8839  0.0346  -3.8405   0.0000   0.1175
  -9.600  -0.6018   0.01172   0.00645  -0.0748  0.8562  0.0357  -3.7020   0.0000   0.1080
  -9.400  -0.5831   0.01156   0.00618  -0.0742  0.8249  0.0365  -3.5974   0.0000   0.1051
  -9.200  -0.5675   0.01144   0.00596  -0.0730  0.7960  0.0373  -3.5015   0.0000   0.1039
  -9.000  -0.5512   0.01134   0.00577  -0.0719  0.7712  0.0380  -3.4049   0.0000   0.1022
  -8.800  -0.5337   0.01123   0.00559  -0.0710  0.7519  0.0384  -3.3062   0.0000   0.0996
  -8.600  -0.5156   0.01110   0.00540  -0.0703  0.7335  0.0395  -3.2074   0.0000   0.0964
  -8.400  -0.4969   0.01098   0.00523  -0.0696  0.7140  0.0406  -3.1082   0.0000   0.0926
  -8.000  -0.4576   0.01077   0.00491  -0.0687  0.6777  0.0426  -2.9080   0.0000   0.0825
  -7.800  -0.4372   0.01068   0.00476  -0.0684  0.6619  0.0435  -2.8077   0.0000   0.0761
  -7.600  -0.4166   0.01058   0.00462  -0.0681  0.6481  0.0447  -2.7086   0.0000   0.0690
  -7.400  -0.3961   0.01047   0.00448  -0.0678  0.6343  0.0462  -2.6114   0.0000   0.0611
  -7.200  -0.3753   0.01038   0.00435  -0.0675  0.6193  0.0475  -2.5185   0.0000   0.0522
  -7.000  -0.3543   0.01031   0.00423  -0.0673  0.6037  0.0487  -2.4262   0.0000   0.0419
  -6.800  -0.3330   0.01025   0.00412  -0.0671  0.5885  0.0496  -2.3346   0.0000   0.0300
  -6.600  -0.3117   0.01016   0.00401  -0.0669  0.5747  0.0516  -2.2442   0.0000   0.0164
  -6.400  -0.2903   0.01009   0.00390  -0.0667  0.5606  0.0535  -2.1545   0.0000   0.0006
  -6.200  -0.2686   0.01003   0.00380  -0.0666  0.5458  0.0552  -2.0698   0.0000  -0.0181
  -6.000  -0.2468   0.00999   0.00371  -0.0665  0.5314  0.0564  -1.9859   0.0000  -0.0403
  -5.800  -0.2250   0.00993   0.00362  -0.0664  0.5186  0.0587  -1.9030   0.0000  -0.0670
  -5.600  -0.2030   0.00987   0.00354  -0.0664  0.5060  0.0610  -1.8210   0.0000  -0.0999
  -5.400  -0.1809   0.00983   0.00346  -0.0663  0.4928  0.0631  -1.7398   0.0000  -0.1409
  -5.200  -0.1588   0.00979   0.00339  -0.0663  0.4794  0.0658  -1.6627   0.0000  -0.1937
  -5.000  -0.1365   0.00974   0.00332  -0.0663  0.4670  0.0691  -1.5875   0.0000  -0.2642
  -4.800  -0.1142   0.00971   0.00326  -0.0662  0.4564  0.0715  -1.5132   0.0000  -0.3627
  -4.600  -0.0917   0.00967   0.00320  -0.0663  0.4455  0.0751  -1.4397   0.0000  -0.5104
  -4.400  -0.0692   0.00963   0.00315  -0.0663  0.4345  0.0793  -1.3670   0.0000  -0.7553
  -4.200  -0.0467   0.00961   0.00310  -0.0663  0.4230  0.0835  -1.2955   0.0000  -1.2363
  -4.000  -0.0241   0.00958   0.00305  -0.0664  0.4116  0.0888  -1.2255   0.0000  -2.6269
  -3.800  -0.0014   0.00956   0.00301  -0.0664  0.4008  0.0940  -1.1595   0.0000  -49.1965
  -3.600   0.0215   0.00953   0.00298  -0.0666  0.3913  0.0999  -1.0941   0.0000   3.4583
  -3.400   0.0443   0.00952   0.00295  -0.0666  0.3815  0.1055  -1.0298   0.0000   1.8039
  -3.200   0.0672   0.00950   0.00292  -0.0667  0.3715  0.1128  -0.9682   0.0000   1.2726
  -3.000   0.0905   0.00946   0.00289  -0.0669  0.3641  0.1228  -0.9087   0.0000   1.0088
  -2.800   0.1138   0.00943   0.00287  -0.0671  0.3563  0.1338  -0.8532   0.0000   0.8534
  -2.600   0.1374   0.00939   0.00286  -0.0674  0.3503  0.1457  -0.7981   0.0000   0.7500
  -2.400   0.1614   0.00934   0.00284  -0.0678  0.3434  0.1643  -0.8118   0.0000   0.6766
  -2.200   0.1862   0.00926   0.00282  -0.0683  0.3376  0.1893  -0.8370   0.0000   0.6216
  -2.000   0.2121   0.00915   0.00280  -0.0692  0.3304  0.2259  -0.8639   0.0000   0.5792
  -1.800   0.2421   0.00892   0.00277  -0.0711  0.3242  0.2968  -0.8940   0.0000   0.5450
  -1.600   0.2709   0.00878   0.00278  -0.0725  0.3188  0.3453  -0.9235   0.0000   0.5183
  -1.400   0.2994   0.00870   0.00280  -0.0739  0.3129  0.3884  -0.9530   0.0000   0.4966
  -1.200   0.3278   0.00863   0.00283  -0.0752  0.3086  0.4256  -0.9827   0.0000   0.4785
  -1.000   0.3550   0.00862   0.00287  -0.0763  0.3033  0.4521  -1.0127   0.0000   0.4632
  -0.800   0.3813   0.00864   0.00292  -0.0771  0.2983  0.4722  -1.0431   0.0000   0.4500
  -0.600   0.4086   0.00863   0.00297  -0.0781  0.2948  0.4946  -1.0754   0.0000   0.4385
  -0.400   0.4349   0.00865   0.00302  -0.0789  0.2903  0.5127  -1.1072   0.0000   0.4283
  -0.200   0.4619   0.00869   0.00308  -0.0799  0.2855  0.5325  -1.1396   0.0000   0.4194
   0.000   0.4897   0.00870   0.00315  -0.0810  0.2826  0.5542  -1.1730   0.0000   0.4115
   0.200   0.5168   0.00873   0.00321  -0.0819  0.2797  0.5723  -1.2060   0.0000   0.4043
   0.400   0.5435   0.00878   0.00328  -0.0828  0.2763  0.5876  -1.2389   0.0000   0.3978
   0.600   0.5692   0.00885   0.00335  -0.0835  0.2726  0.5978  -1.2711   0.0000   0.3918
   0.800   0.5934   0.00892   0.00342  -0.0838  0.2695  0.6048  -1.3024   0.0000   0.3861
   1.000   0.6185   0.00898   0.00349  -0.0843  0.2666  0.6120  -1.3354   0.0000   0.3809
   1.200   0.6426   0.00906   0.00356  -0.0846  0.2631  0.6190  -1.3685   0.0000   0.3760
   1.400   0.6677   0.00914   0.00364  -0.0851  0.2595  0.6270  -1.4026   0.0000   0.3715
   1.600   0.6917   0.00923   0.00372  -0.0854  0.2565  0.6341  -1.4360   0.0000   0.3673
   1.800   0.7169   0.00930   0.00381  -0.0860  0.2542  0.6414  -1.4706   0.0000   0.3634
   2.000   0.7409   0.00938   0.00389  -0.0863  0.2512  0.6483  -1.5046   0.0000   0.3597
   2.200   0.7660   0.00948   0.00399  -0.0868  0.2475  0.6561  -1.5412   0.0000   0.3563
   2.400   0.7896   0.00959   0.00409  -0.0870  0.2439  0.6631  -1.5767   0.0000   0.3530
   2.600   0.8149   0.00968   0.00419  -0.0876  0.2416  0.6708  -1.6139   0.0000   0.3500
   2.800   0.8388   0.00977   0.00429  -0.0879  0.2389  0.6780  -1.6504   0.0000   0.3471
   3.000   0.8639   0.00988   0.00440  -0.0885  0.2355  0.6857  -1.6897   0.0000   0.3444
   3.400   0.9124   0.01012   0.00463  -0.0892  0.2292  0.7007  -1.7681   0.0000   0.3393
   3.800   0.9607   0.01033   0.00487  -0.0899  0.2239  0.7141  -1.8505   0.0000   0.3346
   4.000   0.9838   0.01047   0.00500  -0.0901  0.2209  0.7208  -1.8911   0.0000   0.3323
   4.200   1.0078   0.01061   0.00514  -0.0904  0.2178  0.7273  -1.9327   0.0000   0.3302
   4.400   1.0314   0.01073   0.00527  -0.0907  0.2157  0.7343  -1.9742   0.0000   0.3282
   4.600   1.0553   0.01085   0.00541  -0.0910  0.2138  0.7404  -2.0163   0.0000   0.3262
   4.800   1.0788   0.01098   0.00555  -0.0912  0.2111  0.7471  -2.0582   0.0000   0.3243
   5.000   1.1014   0.01114   0.00570  -0.0913  0.2078  0.7532  -2.1000   0.0000   0.3224
   5.200   1.1245   0.01132   0.00587  -0.0915  0.2042  0.7600  -2.1441   0.0000   0.3206
   5.400   1.1470   0.01146   0.00602  -0.0915  0.2022  0.7661  -2.1877   0.0000   0.3187
   5.600   1.1702   0.01160   0.00618  -0.0917  0.1999  0.7717  -2.2323   0.0000   0.3171
   5.800   1.1921   0.01177   0.00635  -0.0917  0.1968  0.7773  -2.2764   0.0000   0.3153
   6.000   1.2130   0.01196   0.00653  -0.0914  0.1933  0.7822  -2.3211   0.0000   0.3135
   6.200   1.2346   0.01215   0.00673  -0.0913  0.1902  0.7877  -2.3686   0.0000   0.3118
   6.400   1.2560   0.01231   0.00690  -0.0912  0.1882  0.7932  -2.4169   0.0000   0.3102
   6.600   1.2767   0.01248   0.00708  -0.0909  0.1859  0.7976  -2.4647   0.0000   0.3085
   6.800   1.2969   0.01268   0.00729  -0.0906  0.1830  0.8024  -2.5121   0.0000   0.3068
   7.000   1.3164   0.01292   0.00752  -0.0901  0.1793  0.8074  -2.5588   0.0000   0.3051
   7.200   1.3364   0.01312   0.00772  -0.0897  0.1768  0.8116  -2.6092   0.0000   0.3035
   7.400   1.3559   0.01331   0.00793  -0.0892  0.1743  0.8160  -2.6617   0.0000   0.3019
   7.600   1.3750   0.01353   0.00815  -0.0887  0.1712  0.8202  -2.7137   0.0000   0.3003
   7.800   1.3937   0.01378   0.00839  -0.0881  0.1681  0.8239  -2.7654   0.0000   0.2987
   8.000   1.4121   0.01401   0.00863  -0.0874  0.1655  0.8275  -2.8171   0.0000   0.2971
   8.200   1.4305   0.01422   0.00886  -0.0868  0.1636  0.8317  -2.8690   0.0000   0.2956
   8.400   1.4486   0.01446   0.00911  -0.0861  0.1606  0.8357  -2.9229   0.0000   0.2940
   8.600   1.4656   0.01478   0.00940  -0.0852  0.1568  0.8389  -2.9787   0.0000   0.2924
   8.800   1.4813   0.01507   0.00970  -0.0842  0.1535  0.8419  -3.0328   0.0000   0.2908
   9.000   1.4975   0.01530   0.00995  -0.0831  0.1520  0.8450  -3.0880   0.0000   0.2891
   9.200   1.5138   0.01557   0.01023  -0.0821  0.1493  0.8480  -3.1475   0.0000   0.2876
   9.400   1.5296   0.01592   0.01057  -0.0811  0.1453  0.8510  -3.2081   0.0000   0.2860
   9.600   1.5461   0.01628   0.01092  -0.0803  0.1415  0.8537  -3.2702   0.0000   0.2846
   9.800   1.5606   0.01658   0.01123  -0.0791  0.1394  0.8563  -3.3294   0.0000   0.2829
  10.000   1.5731   0.01690   0.01158  -0.0774  0.1366  0.8591  -3.3854   0.0000   0.2812
  10.200   1.5855   0.01732   0.01198  -0.0759  0.1330  0.8618  -3.4425   0.0000   0.2795
  10.400   1.5997   0.01771   0.01237  -0.0747  0.1298  0.8644  -3.5104   0.0000   0.2780
  10.600   1.6151   0.01810   0.01277  -0.0738  0.1270  0.8667  -3.5811   0.0000   0.2766
  10.800   1.6298   0.01859   0.01325  -0.0729  0.1233  0.8686  -3.6510   0.0000   0.2752
  11.000   1.6378   0.01907   0.01374  -0.0707  0.1198  0.8707  -3.7076   0.0000   0.2733
  11.200   1.6479   0.01947   0.01416  -0.0688  0.1179  0.8727  -3.7744   0.0000   0.2716
  11.400   1.6585   0.01992   0.01463  -0.0671  0.1155  0.8748  -3.8423   0.0000   0.2700
  11.600   1.6683   0.02049   0.01521  -0.0655  0.1122  0.8769  -3.9090   0.0000   0.2683
  11.800   1.6788   0.02115   0.01585  -0.0641  0.1085  0.8789  -3.9783   0.0000   0.2669
  12.000   1.6925   0.02171   0.01642  -0.0632  0.1059  0.8808  -4.0572   0.0000   0.2656
  12.200   1.7050   0.02240   0.01711  -0.0622  0.1027  0.8823  -4.1337   0.0000   0.2644
  12.400   1.7103   0.02313   0.01785  -0.0600  0.0996  0.8839  -4.1938   0.0000   0.2627
  12.600   1.7149   0.02376   0.01851  -0.0577  0.0975  0.8856  -4.2526   0.0000   0.2608
  12.800   1.7205   0.02444   0.01922  -0.0556  0.0953  0.8873  -4.3139   0.0000   0.2591
  13.000   1.7263   0.02527   0.02006  -0.0538  0.0924  0.8889  -4.3756   0.0000   0.2575
  13.200   1.7319   0.02625   0.02104  -0.0522  0.0892  0.8905  -4.4411   0.0000   0.2561
  13.400   1.7409   0.02709   0.02190  -0.0510  0.0873  0.8919  -4.5165   0.0000   0.2549
  13.600   1.7496   0.02803   0.02286  -0.0500  0.0850  0.8931  -4.5913   0.0000   0.2537
  13.800   1.7564   0.02917   0.02402  -0.0489  0.0822  0.8943  -4.6635   0.0000   0.2525
  14.000   1.7632   0.03042   0.02527  -0.0480  0.0792  0.8953  -4.7361   0.0000   0.2515
  14.200   1.7723   0.03158   0.02645  -0.0474  0.0770  0.8962  -4.8155   0.0000   0.2505
  14.400   1.7701   0.03275   0.02766  -0.0451  0.0749  0.8975  -4.8640   0.0000   0.2488
  14.600   1.7670   0.03413   0.02907  -0.0429  0.0727  0.8987  -4.9096   0.0000   0.2472
  14.800   1.7660   0.03555   0.03052  -0.0412  0.0706  0.8997  -4.9607   0.0000   0.2458
  15.000   1.7681   0.03689   0.03189  -0.0399  0.0693  0.9007  -5.0208   0.0000   0.2446
  15.200   1.7693   0.03838   0.03343  -0.0388  0.0676  0.9017  -5.0779   0.0000   0.2434
  15.400   1.7688   0.04012   0.03519  -0.0378  0.0657  0.9026  -5.1300   0.0000   0.2424
  15.600   1.7667   0.04212   0.03723  -0.0369  0.0637  0.9035  -5.1764   0.0000   0.2414
  15.800   1.7674   0.04398   0.03913  -0.0363  0.0622  0.9044  -5.2312   0.0000   0.2406
  16.000   1.7683   0.04593   0.04111  -0.0360  0.0607  0.9052  -5.2863   0.0000   0.2399
  16.200   1.7673   0.04816   0.04339  -0.0358  0.0590  0.9059  -5.3349   0.0000   0.2392
  16.400   1.7641   0.05071   0.04598  -0.0357  0.0572  0.9066  -5.3762   0.0000   0.2387
  16.600   1.7605   0.05342   0.04874  -0.0359  0.0555  0.9071  -5.4153   0.0000   0.2383
  16.800   1.7599   0.05591   0.05128  -0.0362  0.0545  0.9077  -5.4685   0.0000   0.2380
  17.000   1.7578   0.05865   0.05407  -0.0367  0.0534  0.9081  -5.5158   0.0000   0.2377
  17.200   1.7535   0.06167   0.05715  -0.0374  0.0522  0.9085  -5.5551   0.0000   0.2376
  17.400   1.7470   0.06500   0.06054  -0.0381  0.0509  0.9088  -5.5860   0.0000   0.2375
  17.600   1.7367   0.06867   0.06427  -0.0389  0.0498  0.9092  -5.6028   0.0000   0.2375
  17.800   1.7249   0.07220   0.06787  -0.0393  0.0487  0.9095  -5.6142   0.0000   0.2373
  18.000   1.7154   0.07551   0.07125  -0.0398  0.0481  0.9098  -5.6332   0.0000   0.2371
  18.200   1.7041   0.07913   0.07494  -0.0405  0.0473  0.9101  -5.6441   0.0000   0.2371
  18.400   1.6911   0.08306   0.07895  -0.0415  0.0465  0.9103  -5.6477   0.0000   0.2373
  18.600   1.6769   0.08723   0.08319  -0.0426  0.0456  0.9106  -5.6451   0.0000   0.2376
  18.800   1.6616   0.09161   0.08765  -0.0440  0.0447  0.9108  -5.6366   0.0000   0.2381
  19.000   1.6445   0.09630   0.09242  -0.0457  0.0438  0.9109  -5.6193   0.0000   0.2387
  19.400   1.6147   0.10523   0.10149  -0.0491  0.0422  0.9113  -5.5983   0.0000   0.2402
  19.600   1.6020   0.10941   0.10574  -0.0509  0.0416  0.9114  -5.5963   0.0000   0.2409
  19.800   1.5897   0.11357   0.10997  -0.0527  0.0408  0.9116  -5.5937   0.0000   0.2417
  20.000   1.5776   0.11771   0.11417  -0.0547  0.0401  0.9118  -5.5910   0.0000   0.2426
  20.200   1.5650   0.12196   0.11848  -0.0568  0.0393  0.9120  -5.5839   0.0000   0.2436
  20.400   1.5517   0.12635   0.12293  -0.0591  0.0385  0.9122  -5.5717   0.0000   0.2448
  20.600   1.5391   0.13062   0.12726  -0.0614  0.0377  0.9124  -5.5609   0.0000   0.2460
  20.800   1.5312   0.13410   0.13079  -0.0633  0.0370  0.9127  -5.5714   0.0000   0.2468
  21.000   1.5230   0.13765   0.13440  -0.0653  0.0365  0.9130  -5.5789   0.0000   0.2477
  21.200   1.5156   0.14108   0.13788  -0.0672  0.0359  0.9133  -5.5891   0.0000   0.2486
  21.400   1.5088   0.14445   0.14129  -0.0693  0.0353  0.9137  -5.6009   0.0000   0.2495
  21.600   1.5009   0.14806   0.14495  -0.0716  0.0345  0.9140  -5.6053   0.0000   0.2506
  21.800   1.4943   0.15151   0.14844  -0.0738  0.0337  0.9143  -5.6148   0.0000   0.2517
  22.000   1.4862   0.15529   0.15227  -0.0764  0.0329  0.9146  -5.6142   0.0000   0.2531
  22.200   1.4822   0.15842   0.15543  -0.0787  0.0322  0.9149  -5.6341   0.0000   0.2541
  22.400   1.4792   0.16142   0.15847  -0.0809  0.0316  0.9152  -5.6582   0.0000   0.2550
  22.600   1.4747   0.16470   0.16180  -0.0833  0.0310  0.9155  -5.6727   0.0000   0.2562
  22.800   1.4727   0.16758   0.16470  -0.0856  0.0302  0.9158  -5.7002   0.0000   0.2572
  23.000   1.4666   0.17118   0.16834  -0.0884  0.0295  0.9161  -5.7030   0.0000   0.2587
  23.200   1.4638   0.17423   0.17142  -0.0909  0.0288  0.9164  -5.7234   0.0000   0.2599
  23.400   1.4595   0.17754   0.17477  -0.0937  0.0281  0.9168  -5.7341   0.0000   0.2613
  23.600   1.4583   0.18037   0.17764  -0.0961  0.0276  0.9172  -5.7629   0.0000   0.2623
  23.800   1.4589   0.18293   0.18022  -0.0983  0.0271  0.9176  -5.8023   0.0000   0.2632
  24.000   1.4574   0.18590   0.18323  -0.1010  0.0265  0.9180  -5.8278   0.0000   0.2644
  24.200   1.4552   0.18905   0.18641  -0.1039  0.0260  0.9184  -5.8470   0.0000   0.2658
  24.400   1.4555   0.19179   0.18918  -0.1065  0.0253  0.9187  -5.8811   0.0000   0.2669
  24.600   1.4524   0.19517   0.19260  -0.1097  0.0248  0.9190  -5.8920   0.0000   0.2685
  24.800   1.4516   0.19819   0.19564  -0.1126  0.0242  0.9193  -5.9158   0.0000   0.2699
  25.000   1.4544   0.20057   0.19805  -0.1151  0.0238  0.9196  -5.9633   0.0000   0.2707


