xflr5 v6.47

 Calculated polar for: NACA24018_theta30_Ku4.5_Kl0.5_d0.31_delta11.03

 1 1 Reynolds number fixed          Mach number fixed         

 xtrf =   1.000 (top)        1.000 (bottom)
 Mach =   0.000     Re =     2.200 e 6     Ncrit =   5.000

  alpha     CL        CD       CDp       Cm    Top Xtr Bot Xtr   Cpmin    Chinge    XCp    
 ------- -------- --------- --------- -------- ------- ------- -------- --------- ---------
 -15.000  -0.1695   0.04719   0.04366  -0.1656  0.7911  0.0426  -3.6080   0.0000  -0.8132
 -14.800  -0.1419   0.04756   0.04404  -0.1670  0.7911  0.0433  -3.4734   0.0000  -1.0264
 -14.600  -0.1152   0.04794   0.04442  -0.1682  0.7910  0.0440  -3.3428   0.0000  -1.3296
 -10.600   0.4858   0.05453   0.05133  -0.1988  0.7717  0.0828  -1.1833   0.0000   0.6717
 -10.400   0.5102   0.05516   0.05198  -0.1994  0.7684  0.0859  -1.1125   0.0000   0.6520
 -10.200   0.5195   0.05691   0.05377  -0.1979  0.7632  0.0888  -1.0650   0.0000   0.6412
  -9.800   0.6182   0.05505   0.05120  -0.2059  0.6139  0.1019  -1.1070   0.0000   0.5904
  -9.600   0.6312   0.05645   0.05246  -0.2048  0.5759  0.1059  -1.0877   0.0000   0.5811
  -9.400   0.6513   0.05750   0.05340  -0.2048  0.5471  0.1114  -1.0810   0.0000   0.5703
  -9.200   0.6742   0.05849   0.05428  -0.2052  0.5201  0.1179  -1.0783   0.0000   0.5594
  -9.000   0.6974   0.05932   0.05503  -0.2057  0.4955  0.1241  -1.0780   0.0000   0.5492
  -8.800   0.7233   0.06020   0.05583  -0.2065  0.4720  0.1333  -1.0806   0.0000   0.5391
  -8.600   0.7495   0.06103   0.05660  -0.2074  0.4517  0.1431  -1.0844   0.0000   0.5296
  -8.400   0.7767   0.06187   0.05739  -0.2083  0.4354  0.1546  -1.0896   0.0000   0.5205
  -8.200   0.8052   0.06276   0.05824  -0.2095  0.4195  0.1687  -1.0959   0.0000   0.5120
  -8.000   0.8355   0.06375   0.05920  -0.2110  0.4029  0.1872  -1.1037   0.0000   0.5037
  -7.800   0.8673   0.06483   0.06025  -0.2128  0.3872  0.2091  -1.1129   0.0000   0.4959
  -7.600   0.9037   0.06617   0.06158  -0.2152  0.3718  0.2375  -1.1453   0.0000   0.4883
  -7.400   0.9438   0.06774   0.06316  -0.2183  0.3582  0.2772  -1.1893   0.0000   0.4809
  -7.200   0.9841   0.06936   0.06479  -0.2213  0.3451  0.3181  -1.2338   0.0000   0.4740
  -7.000   1.0248   0.07102   0.06648  -0.2244  0.3373  0.3567  -1.2792   0.0000   0.4676
  -6.800   1.0551   0.07208   0.06752  -0.2258  0.3289  0.3746  -1.3162   0.0000   0.4622
  -6.600   1.0838   0.07304   0.06848  -0.2268  0.3234  0.3901  -1.3521   0.0000   0.4572
  -6.400   1.1100   0.07386   0.06929  -0.2275  0.3180  0.4015  -1.3862   0.0000   0.4524
  -6.200   1.1331   0.07450   0.06989  -0.2277  0.3116  0.4108  -1.4177   0.0000   0.4480
  -6.000   1.1583   0.07526   0.07064  -0.2281  0.3063  0.4198  -1.4512   0.0000   0.4437
  -5.800   1.1818   0.07594   0.07130  -0.2283  0.3009  0.4291  -1.4835   0.0000   0.4396
  -5.600   1.2050   0.07659   0.07192  -0.2285  0.2942  0.4358  -1.5156   0.0000   0.4357
  -5.400   1.2303   0.07740   0.07270  -0.2290  0.2892  0.4451  -1.5528   0.0000   0.4318
  -5.200   1.2538   0.07808   0.07338  -0.2292  0.2858  0.4544  -1.5887   0.0000   0.4282
  -5.000   1.2777   0.07880   0.07409  -0.2294  0.2820  0.4627  -1.6252   0.0000   0.4246
  -4.800   1.2977   0.07926   0.07453  -0.2290  0.2776  0.4671  -1.6581   0.0000   0.4212
  -4.600   1.3167   0.07966   0.07489  -0.2285  0.2731  0.4700  -1.6902   0.0000   0.4180
  -4.400   1.3378   0.08019   0.07543  -0.2283  0.2705  0.4740  -1.7261   0.0000   0.4148
  -4.200   1.3584   0.08070   0.07593  -0.2280  0.2671  0.4775  -1.7617   0.0000   0.4116
  -4.000   1.3781   0.08116   0.07636  -0.2276  0.2637  0.4806  -1.7965   0.0000   0.4086
  -3.800   1.3972   0.08158   0.07677  -0.2271  0.2599  0.4836  -1.8309   0.0000   0.4057
  -3.600   1.4162   0.08199   0.07716  -0.2266  0.2562  0.4866  -1.8652   0.0000   0.4028
  -3.400   1.4349   0.08238   0.07753  -0.2260  0.2541  0.4888  -1.8994   0.0000   0.4000
  -3.200   1.4544   0.08283   0.07798  -0.2256  0.2509  0.4918  -1.9348   0.0000   0.3973
  -3.000   1.4746   0.08336   0.07848  -0.2252  0.2465  0.4952  -1.9711   0.0000   0.3946
  -2.800   1.4940   0.08383   0.07893  -0.2247  0.2416  0.4987  -2.0087   0.0000   0.3920
  -2.600   1.5129   0.08425   0.07934  -0.2242  0.2390  0.5020  -2.0470   0.0000   0.3895
  -2.400   1.5312   0.08463   0.07972  -0.2235  0.2369  0.5048  -2.0850   0.0000   0.3870
  -2.200   1.5490   0.08499   0.08007  -0.2228  0.2344  0.5069  -2.1225   0.0000   0.3845
  -2.000   1.5665   0.08533   0.08039  -0.2221  0.2315  0.5086  -2.1598   0.0000   0.3821
  -1.800   1.5849   0.08577   0.08081  -0.2215  0.2278  0.5118  -2.1985   0.0000   0.3797
  -1.600   1.6035   0.08621   0.08124  -0.2209  0.2242  0.5149  -2.2374   0.0000   0.3774
  -1.400   1.6218   0.08662   0.08165  -0.2202  0.2221  0.5181  -2.2778   0.0000   0.3752
  -1.200   1.6398   0.08702   0.08205  -0.2195  0.2195  0.5213  -2.3181   0.0000   0.3730
  -1.000   1.6572   0.08740   0.08242  -0.2188  0.2168  0.5242  -2.3580   0.0000   0.3708
  -0.800   1.6741   0.08776   0.08276  -0.2179  0.2133  0.5264  -2.3974   0.0000   0.3686
  -0.600   1.6907   0.08811   0.08309  -0.2171  0.2091  0.5280  -2.4366   0.0000   0.3665
  -0.400   1.7085   0.08853   0.08350  -0.2164  0.2069  0.5311  -2.4775   0.0000   0.3644
  -0.200   1.7262   0.08895   0.08393  -0.2156  0.2041  0.5340  -2.5208   0.0000   0.3624
   0.000   1.7434   0.08936   0.08433  -0.2149  0.2013  0.5368  -2.5650   0.0000   0.3604
   0.200   1.7603   0.08978   0.08474  -0.2140  0.1981  0.5398  -2.6089   0.0000   0.3584
   0.400   1.7769   0.09019   0.08512  -0.2132  0.1946  0.5427  -2.6527   0.0000   0.3564
   0.600   1.7934   0.09056   0.08550  -0.2123  0.1925  0.5451  -2.6966   0.0000   0.3545
   0.800   1.8095   0.09092   0.08586  -0.2113  0.1895  0.5469  -2.7405   0.0000   0.3526
   1.000   1.8251   0.09131   0.08623  -0.2103  0.1862  0.5491  -2.7873   0.0000   0.3507
   1.200   1.8406   0.09176   0.08666  -0.2093  0.1827  0.5519  -2.8342   0.0000   0.3489
   1.400   1.8560   0.09221   0.08711  -0.2083  0.1802  0.5545  -2.8810   0.0000   0.3470
   1.600   1.8712   0.09266   0.08758  -0.2073  0.1782  0.5574  -2.9279   0.0000   0.3452
   1.800   1.8860   0.09312   0.08803  -0.2062  0.1750  0.5602  -2.9744   0.0000   0.3434
   2.000   1.9002   0.09358   0.08847  -0.2051  0.1709  0.5626  -3.0205   0.0000   0.3416
   2.200   1.9144   0.09403   0.08890  -0.2039  0.1671  0.5646  -3.0720   0.0000   0.3399
   2.400   1.9291   0.09444   0.08931  -0.2028  0.1651  0.5662  -3.1248   0.0000   0.3381
   2.600   1.9434   0.09484   0.08972  -0.2017  0.1625  0.5681  -3.1772   0.0000   0.3364
   2.800   1.9573   0.09528   0.09015  -0.2005  0.1589  0.5707  -3.2293   0.0000   0.3347
   3.000   1.9708   0.09574   0.09059  -0.1993  0.1546  0.5732  -3.2810   0.0000   0.3330
   3.200   1.9850   0.09616   0.09102  -0.1981  0.1520  0.5760  -3.3357   0.0000   0.3313
   3.400   1.9986   0.09662   0.09147  -0.1969  0.1483  0.5786  -3.3963   0.0000   0.3297
   3.600   2.0115   0.09712   0.09194  -0.1957  0.1443  0.5809  -3.4560   0.0000   0.3280
   3.800   2.0252   0.09758   0.09240  -0.1945  0.1417  0.5828  -3.5173   0.0000   0.3264
   4.000   2.0388   0.09803   0.09285  -0.1933  0.1394  0.5845  -3.5821   0.0000   0.3248
   4.200   2.0514   0.09853   0.09334  -0.1921  0.1357  0.5858  -3.6487   0.0000   0.3232
   4.400   2.0624   0.09907   0.09385  -0.1906  0.1310  0.5877  -3.7124   0.0000   0.3216
   4.600   2.0738   0.09962   0.09441  -0.1892  0.1279  0.5903  -3.7774   0.0000   0.3200
   4.800   2.0837   0.10029   0.09507  -0.1876  0.1237  0.5926  -3.8397   0.0000   0.3184
   5.000   2.0934   0.10096   0.09573  -0.1861  0.1196  0.5949  -3.9055   0.0000   0.3168
   5.200   2.1043   0.10153   0.09630  -0.1847  0.1168  0.5970  -3.9776   0.0000   0.3153
   5.400   2.1147   0.10214   0.09690  -0.1832  0.1135  0.5990  -4.0487   0.0000   0.3137
   5.600   2.1247   0.10278   0.09753  -0.1817  0.1101  0.6008  -4.1195   0.0000   0.3122
   5.800   2.1361   0.10334   0.09810  -0.1804  0.1080  0.6027  -4.1938   0.0000   0.3107
   6.000   2.1465   0.10399   0.09875  -0.1790  0.1045  0.6044  -4.2665   0.0000   0.3092
   6.200   2.1552   0.10477   0.09950  -0.1775  0.1002  0.6056  -4.3358   0.0000   0.3077
   6.400   2.1629   0.10549   0.10024  -0.1758  0.0976  0.6076  -4.4096   0.0000   0.3062
   6.600   2.1696   0.10633   0.10108  -0.1741  0.0943  0.6094  -4.4812   0.0000   0.3047
   6.800   2.1763   0.10715   0.10189  -0.1724  0.0911  0.6111  -4.5534   0.0000   0.3032
   7.000   2.1847   0.10782   0.10258  -0.1709  0.0887  0.6128  -4.6300   0.0000   0.3017
   7.200   2.1918   0.10861   0.10336  -0.1692  0.0855  0.6145  -4.7038   0.0000   0.3003
   7.400   2.1983   0.10947   0.10422  -0.1676  0.0824  0.6161  -4.7763   0.0000   0.2988
   7.600   2.2042   0.11045   0.10521  -0.1660  0.0799  0.6178  -4.8502   0.0000   0.2974
   7.800   2.2091   0.11153   0.10630  -0.1643  0.0767  0.6195  -4.9263   0.0000   0.2959
   8.000   2.2153   0.11251   0.10728  -0.1628  0.0739  0.6213  -5.0069   0.0000   0.2945
   8.200   2.2220   0.11348   0.10826  -0.1614  0.0711  0.6229  -5.0893   0.0000   0.2932
   8.400   2.2250   0.11480   0.10957  -0.1598  0.0681  0.6240  -5.1613   0.0000   0.2918
   8.600   2.2301   0.11591   0.11070  -0.1583  0.0659  0.6250  -5.2394   0.0000   0.2904
   8.800   2.2333   0.11696   0.11176  -0.1567  0.0633  0.6265  -5.3116   0.0000   0.2891
   9.000   2.2352   0.11818   0.11299  -0.1551  0.0609  0.6279  -5.3802   0.0000   0.2877
   9.200   2.2376   0.11938   0.11422  -0.1535  0.0589  0.6293  -5.4509   0.0000   0.2864
   9.400   2.2398   0.12058   0.11544  -0.1520  0.0566  0.6306  -5.5205   0.0000   0.2851
   9.600   2.2404   0.12199   0.11687  -0.1506  0.0547  0.6320  -5.5854   0.0000   0.2838
   9.800   2.2428   0.12321   0.11811  -0.1492  0.0530  0.6336  -5.6563   0.0000   0.2826
  10.000   2.2429   0.12471   0.11964  -0.1479  0.0511  0.6351  -5.7197   0.0000   0.2814
  10.200   2.2432   0.12620   0.12115  -0.1467  0.0495  0.6366  -5.7837   0.0000   0.2802
  10.400   2.2448   0.12759   0.12258  -0.1456  0.0482  0.6381  -5.8523   0.0000   0.2791
  10.600   2.2455   0.12910   0.12412  -0.1446  0.0467  0.6394  -5.9177   0.0000   0.2780
  10.800   2.2450   0.13074   0.12578  -0.1437  0.0451  0.6405  -5.9800   0.0000   0.2770
  11.000   2.2445   0.13241   0.12749  -0.1429  0.0439  0.6416  -6.0440   0.0000   0.2760
  11.200   2.2456   0.13391   0.12903  -0.1421  0.0427  0.6427  -6.1153   0.0000   0.2750
  11.400   2.2445   0.13571   0.13086  -0.1415  0.0414  0.6436  -6.1785   0.0000   0.2741
  11.600   2.2418   0.13754   0.13273  -0.1410  0.0401  0.6447  -6.2354   0.0000   0.2732
  11.800   2.2402   0.13909   0.13432  -0.1404  0.0391  0.6460  -6.2963   0.0000   0.2723
  12.000   2.2375   0.14081   0.13609  -0.1399  0.0381  0.6472  -6.3564   0.0000   0.2715
  12.200   2.2347   0.14254   0.13786  -0.1396  0.0370  0.6484  -6.4158   0.0000   0.2708
  12.400   2.2301   0.14449   0.13985  -0.1395  0.0359  0.6494  -6.4677   0.0000   0.2701
  12.600   2.2261   0.14640   0.14182  -0.1394  0.0350  0.6503  -6.5211   0.0000   0.2695
  12.800   2.2235   0.14813   0.14359  -0.1394  0.0341  0.6513  -6.5805   0.0000   0.2688
  13.000   2.2194   0.15006   0.14558  -0.1396  0.0332  0.6523  -6.6328   0.0000   0.2683
  13.200   2.2138   0.15220   0.14776  -0.1401  0.0323  0.6532  -6.6779   0.0000   0.2679
  13.400   2.2083   0.15432   0.14993  -0.1406  0.0314  0.6542  -6.7229   0.0000   0.2675
  13.600   2.2052   0.15617   0.15183  -0.1411  0.0307  0.6552  -6.7781   0.0000   0.2671
  13.800   2.2000   0.15830   0.15402  -0.1419  0.0299  0.6562  -6.8232   0.0000   0.2668
  14.000   2.1943   0.16052   0.15629  -0.1428  0.0291  0.6573  -6.8649   0.0000   0.2666
  14.200   2.1882   0.16281   0.15862  -0.1439  0.0282  0.6584  -6.9046   0.0000   0.2664
  14.400   2.1823   0.16512   0.16099  -0.1452  0.0276  0.6595  -6.9437   0.0000   0.2664
  14.600   2.1768   0.16740   0.16333  -0.1465  0.0269  0.6605  -6.9843   0.0000   0.2663
  14.800   2.1716   0.16963   0.16561  -0.1479  0.0263  0.6615  -7.0252   0.0000   0.2663
  15.000   2.1650   0.17202   0.16805  -0.1494  0.0256  0.6623  -7.0593   0.0000   0.2663
  15.200   2.1568   0.17465   0.17074  -0.1514  0.0250  0.6628  -7.0834   0.0000   0.2666
  15.400   2.1487   0.17711   0.17326  -0.1531  0.0244  0.6635  -7.1081   0.0000   0.2668
  15.600   2.1430   0.17918   0.17539  -0.1545  0.0240  0.6644  -7.1438   0.0000   0.2668
  15.800   2.1348   0.18162   0.17789  -0.1564  0.0235  0.6651  -7.1657   0.0000   0.2671
  16.000   2.1274   0.18393   0.18026  -0.1582  0.0230  0.6659  -7.1914   0.0000   0.2673
  16.200   2.1195   0.18634   0.18273  -0.1602  0.0225  0.6666  -7.2128   0.0000   0.2676
  16.400   2.1100   0.18899   0.18543  -0.1626  0.0220  0.6673  -7.2245   0.0000   0.2681
  16.600   2.1031   0.19126   0.18775  -0.1645  0.0215  0.6680  -7.2500   0.0000   0.2683
  16.800   2.0952   0.19370   0.19026  -0.1667  0.0212  0.6687  -7.2681   0.0000   0.2688
  17.000   2.0902   0.19571   0.19231  -0.1684  0.0207  0.6695  -7.3024   0.0000   0.2689
  17.200   2.0817   0.19826   0.19492  -0.1709  0.0203  0.6702  -7.3152   0.0000   0.2694
  17.400   2.0764   0.20031   0.19702  -0.1728  0.0198  0.6710  -7.3463   0.0000   0.2696
  17.600   2.0674   0.20295   0.19972  -0.1755  0.0194  0.6717  -7.3537   0.0000   0.2703
  17.800   2.0617   0.20510   0.20190  -0.1776  0.0190  0.6725  -7.3802   0.0000   0.2706
  18.000   2.0536   0.20761   0.20447  -0.1802  0.0186  0.6734  -7.3911   0.0000   0.2712
  18.200   2.0493   0.20957   0.20647  -0.1822  0.0183  0.6745  -7.4247   0.0000   0.2714
  18.400   2.0446   0.21161   0.20855  -0.1843  0.0180  0.6756  -7.4550   0.0000   0.2717
  18.600   2.0379   0.21398   0.21098  -0.1869  0.0176  0.6765  -7.4707   0.0000   0.2723
  18.800   2.0342   0.21588   0.21291  -0.1889  0.0172  0.6776  -7.5060   0.0000   0.2725
  19.000   2.0267   0.21837   0.21546  -0.1918  0.0169  0.6785  -7.5151   0.0000   0.2732
  19.200   2.0222   0.22042   0.21754  -0.1941  0.0165  0.6793  -7.5427   0.0000   0.2736
  19.400   2.0187   0.22232   0.21947  -0.1962  0.0162  0.6802  -7.5764   0.0000   0.2738
  19.600   2.0127   0.22461   0.22182  -0.1990  0.0160  0.6808  -7.5920   0.0000   0.2744
  19.800   2.0100   0.22637   0.22361  -0.2010  0.0157  0.6815  -7.6305   0.0000   0.2746
  20.000   2.0068   0.22803   0.22531  -0.2029  0.0154  0.6822  -7.6659   0.0000   0.2747
  20.200   1.9998   0.23024   0.22757  -0.2056  0.0151  0.6829  -7.6735   0.0000   0.2754
  20.400   1.9956   0.23197   0.22934  -0.2077  0.0148  0.6836  -7.7011   0.0000   0.2756
  20.600   1.9917   0.23363   0.23103  -0.2097  0.0145  0.6844  -7.7306   0.0000   0.2758
  20.800   1.9842   0.23590   0.23334  -0.2126  0.0143  0.6851  -7.7316   0.0000   0.2766
  21.000   1.9797   0.23765   0.23513  -0.2148  0.0140  0.6858  -7.7549   0.0000   0.2769
  21.200   1.9774   0.23903   0.23655  -0.2165  0.0138  0.6866  -7.7942   0.0000   0.2769
  21.400   1.9722   0.24090   0.23846  -0.2189  0.0135  0.6874  -7.8103   0.0000   0.2774
  21.600   1.9679   0.24263   0.24024  -0.2212  0.0133  0.6881  -7.8323   0.0000   0.2777
  21.800   1.9653   0.24422   0.24186  -0.2231  0.0130  0.6888  -7.8676   0.0000   0.2778


