xflr5 v6.47

 Calculated polar for: NACA24018_theta30_Ku4.5_Kl0.5_d0.00_delta0.00

 1 1 Reynolds number fixed          Mach number fixed         

 xtrf =   1.000 (top)        1.000 (bottom)
 Mach =   0.000     Re =     2.000 e 6     Ncrit =   5.000

  alpha     CL        CD       CDp       Cm    Top Xtr Bot Xtr   Cpmin    Chinge    XCp    
 ------- -------- --------- --------- -------- ------- ------- -------- --------- ---------
 -15.000  -1.2688   0.02017   0.01508  -0.0562  1.0000  0.0215  -7.7670   0.0000   0.1835
 -14.800  -1.2614   0.01968   0.01457  -0.0543  1.0000  0.0218  -7.6595   0.0000   0.1851
 -14.600  -1.2542   0.01922   0.01410  -0.0522  1.0000  0.0220  -7.5531   0.0000   0.1868
 -14.400  -1.2441   0.01877   0.01363  -0.0507  0.9999  0.0222  -7.4360   0.0000   0.1881
 -14.200  -1.2240   0.01830   0.01315  -0.0511  0.9994  0.0225  -7.2821   0.0000   0.1874
 -14.000  -1.2037   0.01785   0.01269  -0.0514  0.9987  0.0227  -7.1287   0.0000   0.1867
 -13.800  -1.1830   0.01743   0.01225  -0.0517  0.9977  0.0229  -6.9750   0.0000   0.1859
 -13.600  -1.1622   0.01703   0.01183  -0.0521  0.9963  0.0231  -6.8222   0.0000   0.1851
 -13.400  -1.1433   0.01663   0.01142  -0.0520  0.9942  0.0233  -6.6776   0.0000   0.1847
 -13.200  -1.1249   0.01621   0.01099  -0.0518  0.9923  0.0237  -6.5362   0.0000   0.1844
 -13.000  -1.1054   0.01581   0.01060  -0.0518  0.9904  0.0241  -6.3917   0.0000   0.1838
 -12.800  -1.0848   0.01544   0.01022  -0.0519  0.9886  0.0245  -6.2445   0.0000   0.1831
 -12.600  -1.0648   0.01509   0.00987  -0.0519  0.9865  0.0249  -6.1028   0.0000   0.1824
 -12.400  -1.0471   0.01476   0.00954  -0.0514  0.9826  0.0253  -5.9719   0.0000   0.1823
 -12.200  -1.0257   0.01444   0.00921  -0.0516  0.9798  0.0257  -5.8301   0.0000   0.1813
 -12.000  -1.0044   0.01414   0.00890  -0.0517  0.9763  0.0260  -5.6899   0.0000   0.1803
 -11.800  -0.9810   0.01384   0.00860  -0.0523  0.9725  0.0263  -5.5443   0.0000   0.1787
 -11.600  -0.9548   0.01352   0.00827  -0.0534  0.9697  0.0267  -5.3919   0.0000   0.1763
 -11.400  -0.9291   0.01321   0.00796  -0.0544  0.9652  0.0273  -5.2424   0.0000   0.1738
 -11.200  -0.8989   0.01289   0.00765  -0.0563  0.9612  0.0279  -5.0807   0.0000   0.1697
 -11.000  -0.8643   0.01258   0.00734  -0.0592  0.9576  0.0285  -4.9073   0.0000   0.1640
 -10.800  -0.8276   0.01228   0.00703  -0.0624  0.9513  0.0291  -4.7304   0.0000   0.1570
 -10.600  -0.7899   0.01201   0.00674  -0.0659  0.9432  0.0297  -4.5545   0.0000   0.1490
 -10.400  -0.7560   0.01173   0.00644  -0.0686  0.9315  0.0304  -4.3965   0.0000   0.1416
 -10.200  -0.7295   0.01151   0.00618  -0.0697  0.9156  0.0312  -4.2610   0.0000   0.1369
  -9.800  -0.6958   0.01124   0.00577  -0.0676  0.8731  0.0323  -4.0459   0.0000   0.1355
  -9.600  -0.6838   0.01116   0.00559  -0.0656  0.8485  0.0328  -3.9526   0.0000   0.1370
  -9.400  -0.6723   0.01109   0.00542  -0.0633  0.8234  0.0332  -3.8615   0.0000   0.1389
  -9.200  -0.6603   0.01100   0.00526  -0.0612  0.7995  0.0337  -3.7700   0.0000   0.1407
  -9.000  -0.6486   0.01091   0.00509  -0.0590  0.7772  0.0344  -3.6799   0.0000   0.1425
  -8.800  -0.6359   0.01081   0.00493  -0.0571  0.7566  0.0350  -3.5881   0.0000   0.1440
  -8.600  -0.6230   0.01072   0.00477  -0.0551  0.7370  0.0358  -3.4972   0.0000   0.1455
  -8.400  -0.6092   0.01063   0.00463  -0.0533  0.7197  0.0365  -3.4079   0.0000   0.1466
  -8.200  -0.5949   0.01055   0.00449  -0.0516  0.7040  0.0371  -3.3179   0.0000   0.1475
  -8.000  -0.5806   0.01046   0.00436  -0.0499  0.6889  0.0378  -3.2291   0.0000   0.1484
  -7.800  -0.5667   0.01038   0.00423  -0.0482  0.6741  0.0387  -3.1419   0.0000   0.1496
  -7.600  -0.5527   0.01031   0.00412  -0.0464  0.6598  0.0396  -3.0553   0.0000   0.1508
  -7.400  -0.5384   0.01026   0.00403  -0.0447  0.6455  0.0404  -2.9687   0.0000   0.1519
  -7.200  -0.5231   0.01020   0.00393  -0.0432  0.6316  0.0412  -2.8806   0.0000   0.1525
  -7.000  -0.5064   0.01014   0.00382  -0.0419  0.6183  0.0421  -2.7904   0.0000   0.1524
  -6.800  -0.4899   0.01006   0.00371  -0.0406  0.6046  0.0434  -2.7017   0.0000   0.1522
  -6.600  -0.4731   0.00999   0.00361  -0.0395  0.5912  0.0447  -2.6129   0.0000   0.1519
  -6.400  -0.4556   0.00993   0.00351  -0.0384  0.5789  0.0459  -2.5248   0.0000   0.1511
  -6.200  -0.4378   0.00987   0.00342  -0.0373  0.5677  0.0469  -2.4399   0.0000   0.1501
  -6.000  -0.4204   0.00980   0.00333  -0.0363  0.5568  0.0486  -2.3566   0.0000   0.1492
  -5.800  -0.4025   0.00973   0.00324  -0.0353  0.5456  0.0502  -2.2732   0.0000   0.1478
  -5.600  -0.3842   0.00968   0.00316  -0.0343  0.5337  0.0516  -2.1901   0.0000   0.1461
  -5.400  -0.3664   0.00963   0.00307  -0.0333  0.5205  0.0533  -2.1089   0.0000   0.1445
  -5.200  -0.3485   0.00959   0.00300  -0.0323  0.5065  0.0551  -2.0287   0.0000   0.1427
  -5.000  -0.3303   0.00956   0.00292  -0.0314  0.4929  0.0568  -1.9522   0.0000   0.1404
  -4.800  -0.3118   0.00952   0.00285  -0.0305  0.4813  0.0587  -1.8762   0.0000   0.1376
  -4.400  -0.2744   0.00942   0.00272  -0.0288  0.4608  0.0634  -1.7278   0.0000   0.1302
  -4.200  -0.2556   0.00938   0.00266  -0.0279  0.4514  0.0657  -1.6572   0.0000   0.1255
  -4.000  -0.2369   0.00934   0.00260  -0.0271  0.4412  0.0684  -1.5876   0.0000   0.1203
  -3.800  -0.2177   0.00931   0.00254  -0.0263  0.4312  0.0709  -1.5180   0.0000   0.1133
  -3.600  -0.1990   0.00927   0.00249  -0.0255  0.4211  0.0748  -1.4502   0.0000   0.1059
  -3.400  -0.1800   0.00925   0.00244  -0.0247  0.4108  0.0780  -1.3828   0.0000   0.0964
  -3.200  -0.1609   0.00920   0.00239  -0.0239  0.4018  0.0822  -1.3191   0.0000   0.0844
  -3.000  -0.1417   0.00917   0.00235  -0.0232  0.3934  0.0866  -1.2560   0.0000   0.0687
  -2.400  -0.0846   0.00908   0.00223  -0.0208  0.3673  0.1036  -1.0729   0.0000  -0.0185
  -2.200  -0.0652   0.00903   0.00219  -0.0201  0.3604  0.1109  -1.0158   0.0000  -0.0838
  -2.000  -0.0460   0.00900   0.00216  -0.0194  0.3536  0.1183  -0.9596   0.0000  -0.2027
  -1.800  -0.0268   0.00895   0.00212  -0.0186  0.3472  0.1285  -0.9046   0.0000  -0.4918
  -1.600  -0.0081   0.00891   0.00209  -0.0178  0.3402  0.1405  -0.8533   0.0000  -2.0726
  -1.400   0.0110   0.00884   0.00206  -0.0170  0.3347  0.1544  -0.8021   0.0000   1.8714
  -1.200   0.0292   0.00876   0.00202  -0.0161  0.3289  0.1737  -0.7797   0.0000   0.8217
  -0.800   0.0615   0.00836   0.00190  -0.0135  0.3202  0.2598  -0.8199   0.0000   0.4726
  -0.600   0.0756   0.00811   0.00183  -0.0118  0.3152  0.3211  -0.8396   0.0000   0.4062
  -0.400   0.0917   0.00793   0.00179  -0.0105  0.3108  0.3654  -0.8607   0.0000   0.3621
  -0.200   0.1088   0.00780   0.00177  -0.0094  0.3070  0.4012  -0.8826   0.0000   0.3321
   0.000   0.1272   0.00773   0.00176  -0.0085  0.3032  0.4250  -0.9055   0.0000   0.3115
   0.200   0.1456   0.00768   0.00176  -0.0076  0.2992  0.4479  -0.9284   0.0000   0.2960
   0.400   0.1642   0.00761   0.00176  -0.0067  0.2964  0.4720  -0.9520   0.0000   0.2841
   0.600   0.1833   0.00756   0.00176  -0.0059  0.2929  0.4917  -0.9768   0.0000   0.2752
   0.800   0.2023   0.00754   0.00177  -0.0052  0.2889  0.5092  -1.0016   0.0000   0.2678
   1.000   0.2206   0.00751   0.00179  -0.0042  0.2848  0.5299  -1.0260   0.0000   0.2611
   1.200   0.2394   0.00746   0.00180  -0.0034  0.2826  0.5529  -1.0509   0.0000   0.2558
   1.400   0.2580   0.00741   0.00181  -0.0025  0.2800  0.5745  -1.0758   0.0000   0.2511
   1.600   0.2764   0.00737   0.00183  -0.0016  0.2769  0.5976  -1.1006   0.0000   0.2468
   1.800   0.2941   0.00735   0.00186  -0.0006  0.2732  0.6196  -1.1252   0.0000   0.2426
   2.000   0.3131   0.00735   0.00189   0.0002  0.2701  0.6349  -1.1518   0.0000   0.2397
   2.200   0.3333   0.00737   0.00192   0.0007  0.2675  0.6434  -1.1796   0.0000   0.2380
   2.400   0.3529   0.00738   0.00195   0.0014  0.2646  0.6525  -1.2071   0.0000   0.2360
   2.600   0.3723   0.00741   0.00199   0.0021  0.2612  0.6618  -1.2357   0.0000   0.2342
   2.800   0.3915   0.00745   0.00203   0.0028  0.2576  0.6720  -1.2643   0.0000   0.2324
   3.000   0.4109   0.00746   0.00206   0.0035  0.2555  0.6827  -1.2932   0.0000   0.2308
   3.200   0.4302   0.00748   0.00210   0.0043  0.2533  0.6930  -1.3222   0.0000   0.2294
   3.600   0.4681   0.00755   0.00219   0.0058  0.2475  0.7134  -1.3808   0.0000   0.2265
   3.800   0.4865   0.00759   0.00225   0.0067  0.2443  0.7237  -1.4108   0.0000   0.2250
   4.000   0.5055   0.00761   0.00229   0.0074  0.2422  0.7345  -1.4415   0.0000   0.2238
   4.200   0.5241   0.00763   0.00234   0.0083  0.2399  0.7463  -1.4719   0.0000   0.2225
   4.400   0.5420   0.00766   0.00240   0.0093  0.2374  0.7581  -1.5019   0.0000   0.2210
   4.600   0.5597   0.00770   0.00246   0.0103  0.2346  0.7690  -1.5318   0.0000   0.2195
   4.800   0.5772   0.00776   0.00253   0.0113  0.2314  0.7799  -1.5625   0.0000   0.2181
   5.000   0.5948   0.00778   0.00258   0.0124  0.2295  0.7913  -1.5941   0.0000   0.2167
   5.200   0.6109   0.00780   0.00263   0.0138  0.2272  0.8028  -1.6245   0.0000   0.2148
   5.400   0.6266   0.00783   0.00269   0.0152  0.2249  0.8148  -1.6546   0.0000   0.2128
   5.600   0.6421   0.00788   0.00276   0.0167  0.2224  0.8267  -1.6846   0.0000   0.2109
   5.800   0.6577   0.00794   0.00285   0.0181  0.2194  0.8386  -1.7148   0.0000   0.2091
   6.000   0.6742   0.00798   0.00292   0.0194  0.2176  0.8510  -1.7460   0.0000   0.2077
   6.200   0.6903   0.00803   0.00301   0.0207  0.2153  0.8640  -1.7792   0.0000   0.2062
   6.400   0.7064   0.00809   0.00310   0.0220  0.2127  0.8773  -1.8134   0.0000   0.2048
   6.600   0.7227   0.00817   0.00321   0.0232  0.2097  0.8905  -1.8479   0.0000   0.2036
   6.800   0.7401   0.00826   0.00332   0.0242  0.2066  0.9031  -1.8837   0.0000   0.2028
   7.000   0.7602   0.00833   0.00343   0.0247  0.2050  0.9144  -1.9223   0.0000   0.2028
   7.200   0.7824   0.00841   0.00354   0.0246  0.2030  0.9249  -1.9633   0.0000   0.2036
   7.400   0.8066   0.00853   0.00367   0.0241  0.2003  0.9348  -2.0067   0.0000   0.2051
   7.600   0.8344   0.00869   0.00383   0.0227  0.1968  0.9431  -2.0550   0.0000   0.2075
   7.800   0.8642   0.00884   0.00398   0.0209  0.1936  0.9492  -2.1067   0.0000   0.2104
   8.000   0.8950   0.00899   0.00413   0.0189  0.1911  0.9543  -2.1624   0.0000   0.2133
   8.200   0.9244   0.00915   0.00428   0.0172  0.1880  0.9587  -2.2168   0.0000   0.2157
   8.400   0.9561   0.00935   0.00446   0.0149  0.1847  0.9611  -2.2740   0.0000   0.2185
   8.600   0.9869   0.00953   0.00463   0.0129  0.1818  0.9637  -2.3316   0.0000   0.2208
   8.800   1.0143   0.00968   0.00478   0.0116  0.1794  0.9672  -2.3873   0.0000   0.2222
   9.000   1.0412   0.00986   0.00495   0.0104  0.1765  0.9697  -2.4426   0.0000   0.2235
   9.200   1.0674   0.01007   0.00513   0.0092  0.1732  0.9718  -2.4974   0.0000   0.2245
   9.400   1.0914   0.01027   0.00532   0.0086  0.1700  0.9744  -2.5499   0.0000   0.2250
   9.600   1.1115   0.01043   0.00548   0.0088  0.1673  0.9783  -2.6029   0.0000   0.2247
   9.800   1.1356   0.01065   0.00568   0.0082  0.1637  0.9798  -2.6630   0.0000   0.2252
  10.000   1.1576   0.01089   0.00590   0.0079  0.1601  0.9819  -2.7208   0.0000   0.2253
  10.200   1.1790   0.01108   0.00609   0.0078  0.1580  0.9845  -2.7782   0.0000   0.2252
  10.600   1.2211   0.01154   0.00653   0.0075  0.1515  0.9886  -2.9000   0.0000   0.2250
  10.800   1.2430   0.01181   0.00678   0.0071  0.1475  0.9900  -2.9665   0.0000   0.2252
  11.000   1.2649   0.01204   0.00700   0.0068  0.1446  0.9915  -3.0335   0.0000   0.2252
  11.200   1.2855   0.01230   0.00725   0.0067  0.1417  0.9931  -3.0990   0.0000   0.2251
  11.400   1.3048   0.01259   0.00753   0.0068  0.1387  0.9947  -3.1626   0.0000   0.2248
  11.600   1.3261   0.01284   0.00778   0.0065  0.1366  0.9962  -3.2300   0.0000   0.2247
  11.800   1.3480   0.01309   0.00803   0.0061  0.1340  0.9974  -3.2990   0.0000   0.2248
  12.000   1.3686   0.01345   0.00836   0.0058  0.1297  0.9985  -3.3754   0.0000   0.2248
  12.200   1.3895   0.01379   0.00869   0.0054  0.1259  0.9992  -3.4540   0.0000   0.2248
  12.400   1.4102   0.01413   0.00902   0.0050  0.1221  0.9998  -3.5332   0.0000   0.2247
  12.600   1.4219   0.01451   0.00938   0.0064  0.1188  1.0000  -3.5955   0.0000   0.2235
  12.800   1.4296   0.01482   0.00970   0.0086  0.1165  1.0000  -3.6525   0.0000   0.2216
  13.000   1.4383   0.01514   0.01003   0.0106  0.1142  1.0000  -3.7150   0.0000   0.2198
  13.200   1.4461   0.01553   0.01042   0.0127  0.1114  1.0000  -3.7771   0.0000   0.2181
  13.400   1.4524   0.01601   0.01088   0.0148  0.1081  1.0000  -3.8363   0.0000   0.2162
  13.600   1.4617   0.01641   0.01129   0.0165  0.1059  1.0000  -3.9023   0.0000   0.2148
  13.800   1.4698   0.01688   0.01176   0.0183  0.1030  1.0000  -3.9659   0.0000   0.2132
  14.000   1.4761   0.01747   0.01234   0.0201  0.0998  1.0000  -4.0274   0.0000   0.2116
  14.200   1.4849   0.01797   0.01285   0.0217  0.0976  1.0000  -4.0953   0.0000   0.2103
  14.400   1.4934   0.01852   0.01341   0.0231  0.0952  1.0000  -4.1627   0.0000   0.2090
  14.600   1.5000   0.01919   0.01408   0.0247  0.0924  1.0000  -4.2258   0.0000   0.2076
  14.800   1.5068   0.01989   0.01479   0.0262  0.0899  1.0000  -4.2917   0.0000   0.2062
  15.000   1.5149   0.02055   0.01546   0.0274  0.0877  1.0000  -4.3613   0.0000   0.2051
  15.200   1.5213   0.02135   0.01627   0.0287  0.0850  1.0000  -4.4264   0.0000   0.2039
  15.400   1.5261   0.02229   0.01720   0.0300  0.0823  1.0000  -4.4877   0.0000   0.2026
  15.600   1.5337   0.02308   0.01802   0.0311  0.0804  1.0000  -4.5588   0.0000   0.2016
  15.800   1.5394   0.02404   0.01899   0.0321  0.0780  1.0000  -4.6248   0.0000   0.2005
  16.000   1.5426   0.02521   0.02016   0.0332  0.0754  1.0000  -4.6839   0.0000   0.1994
  16.200   1.5481   0.02627   0.02124   0.0340  0.0734  1.0000  -4.7492   0.0000   0.1985
  16.400   1.5526   0.02743   0.02243   0.0348  0.0713  1.0000  -4.8141   0.0000   0.1975
  16.600   1.5547   0.02883   0.02384   0.0357  0.0690  1.0000  -4.8719   0.0000   0.1965
  16.800   1.5572   0.03025   0.02529   0.0363  0.0670  1.0000  -4.9324   0.0000   0.1957
  17.000   1.5605   0.03166   0.02672   0.0368  0.0653  1.0000  -4.9957   0.0000   0.1949
  17.200   1.5614   0.03331   0.02840   0.0373  0.0633  1.0000  -5.0516   0.0000   0.1940
  17.400   1.5602   0.03521   0.03032   0.0377  0.0615  1.0000  -5.1004   0.0000   0.1932
  17.600   1.5616   0.03694   0.03208   0.0380  0.0601  1.0000  -5.1572   0.0000   0.1926
  17.800   1.5618   0.03881   0.03399   0.0382  0.0586  1.0000  -5.2118   0.0000   0.1919
  18.000   1.5596   0.04096   0.03618   0.0382  0.0571  1.0000  -5.2583   0.0000   0.1913
  18.200   1.5550   0.04342   0.03868   0.0382  0.0555  1.0000  -5.2959   0.0000   0.1906
  18.400   1.5522   0.04575   0.04106   0.0381  0.0543  1.0000  -5.3394   0.0000   0.1901
  18.600   1.5487   0.04818   0.04354   0.0379  0.0532  1.0000  -5.3804   0.0000   0.1896
  18.800   1.5431   0.05091   0.04631   0.0375  0.0519  1.0000  -5.4130   0.0000   0.1892
  19.000   1.5350   0.05395   0.04940   0.0371  0.0506  1.0000  -5.4362   0.0000   0.1887
  19.400   1.5171   0.06039   0.05596   0.0359  0.0486  1.0000  -5.4737   0.0000   0.1881
  19.600   1.5083   0.06369   0.05932   0.0351  0.0477  1.0000  -5.4914   0.0000   0.1878
  19.800   1.4977   0.06721   0.06290   0.0343  0.0468  1.0000  -5.5020   0.0000   0.1876
  20.000   1.4852   0.07102   0.06677   0.0333  0.0460  1.0000  -5.5043   0.0000   0.1875
  20.200   1.4708   0.07515   0.07097   0.0321  0.0452  1.0000  -5.4976   0.0000   0.1874
  20.600   1.4431   0.08337   0.07932   0.0296  0.0439  1.0000  -5.4854   0.0000   0.1875
  20.800   1.4306   0.08740   0.08342   0.0283  0.0432  1.0000  -5.4824   0.0000   0.1876
  21.000   1.4174   0.09154   0.08762   0.0269  0.0426  1.0000  -5.4757   0.0000   0.1878
  21.200   1.4040   0.09575   0.09190   0.0254  0.0419  1.0000  -5.4664   0.0000   0.1880
  21.400   1.3901   0.10008   0.09629   0.0238  0.0411  1.0000  -5.4539   0.0000   0.1884
  21.600   1.3752   0.10460   0.10087   0.0221  0.0404  1.0000  -5.4355   0.0000   0.1888
  21.800   1.3604   0.10913   0.10546   0.0203  0.0397  1.0000  -5.4159   0.0000   0.1893
  22.000   1.3502   0.11306   0.10945   0.0187  0.0391  1.0000  -5.4146   0.0000   0.1898
  22.200   1.3422   0.11671   0.11314   0.0171  0.0384  1.0000  -5.4226   0.0000   0.1903
  22.400   1.3310   0.12086   0.11735   0.0153  0.0377  1.0000  -5.4154   0.0000   0.1910
  22.600   1.3228   0.12456   0.12109   0.0136  0.0369  1.0000  -5.4208   0.0000   0.1916
  22.800   1.3116   0.12875   0.12534   0.0116  0.0361  1.0000  -5.4105   0.0000   0.1924
  23.000   1.3019   0.13278   0.12940   0.0096  0.0354  1.0000  -5.4056   0.0000   0.1932
  23.200   1.2965   0.13616   0.13283   0.0079  0.0348  1.0000  -5.4199   0.0000   0.1939
  23.400   1.2911   0.13957   0.13628   0.0060  0.0341  1.0000  -5.4329   0.0000   0.1947
  23.600   1.2845   0.14317   0.13991   0.0041  0.0334  1.0000  -5.4397   0.0000   0.1956
  23.800   1.2800   0.14643   0.14320   0.0023  0.0327  1.0000  -5.4572   0.0000   0.1964
  24.000   1.2714   0.15039   0.14720   0.0000  0.0320  1.0000  -5.4519   0.0000   0.1975
  24.200   1.2683   0.15349   0.15034  -0.0018  0.0313  1.0000  -5.4735   0.0000   0.1984
  24.400   1.2629   0.15697   0.15386  -0.0039  0.0308  1.0000  -5.4832   0.0000   0.1994
  24.600   1.2607   0.15994   0.15687  -0.0058  0.0301  1.0000  -5.5101   0.0000   0.2003
  24.800   1.2579   0.16303   0.15998  -0.0078  0.0294  1.0000  -5.5325   0.0000   0.2013
  25.000   1.2519   0.16668   0.16366  -0.0101  0.0288  1.0000  -5.5354   0.0000   0.2025


