xflr5 v6.47

 Calculated polar for: NACA24018_theta30_Ku4.5_Kl0.5_d0.00_delta0.00

 1 1 Reynolds number fixed          Mach number fixed         

 xtrf =   1.000 (top)        1.000 (bottom)
 Mach =   0.000     Re =     1.000 e 6     Ncrit =   5.000

  alpha     CL        CD       CDp       Cm    Top Xtr Bot Xtr   Cpmin    Chinge    XCp    
 ------- -------- --------- --------- -------- ------- ------- -------- --------- ---------
 -15.000  -1.1774   0.02562   0.02012  -0.0647  1.0000  0.0250  -7.3321   0.0000   0.1721
 -14.800  -1.1705   0.02489   0.01935  -0.0633  1.0000  0.0253  -7.2330   0.0000   0.1733
 -14.600  -1.1635   0.02420   0.01864  -0.0618  1.0000  0.0255  -7.1333   0.0000   0.1747
 -14.400  -1.1564   0.02356   0.01796  -0.0602  1.0000  0.0257  -7.0334   0.0000   0.1761
 -14.200  -1.1493   0.02296   0.01733  -0.0585  1.0000  0.0259  -6.9337   0.0000   0.1776
 -14.000  -1.1422   0.02240   0.01674  -0.0567  1.0000  0.0262  -6.8340   0.0000   0.1792
 -13.800  -1.1352   0.02189   0.01619  -0.0548  1.0000  0.0264  -6.7349   0.0000   0.1809
 -13.600  -1.1301   0.02133   0.01561  -0.0526  1.0000  0.0266  -6.6432   0.0000   0.1830
 -13.400  -1.1251   0.02082   0.01509  -0.0503  1.0000  0.0269  -6.5517   0.0000   0.1853
 -13.200  -1.1203   0.02036   0.01462  -0.0478  1.0000  0.0272  -6.4608   0.0000   0.1876
 -13.000  -1.1033   0.01986   0.01410  -0.0476  0.9993  0.0276  -6.3270   0.0000   0.1874
 -12.800  -1.0819   0.01936   0.01359  -0.0482  0.9981  0.0280  -6.1795   0.0000   0.1863
 -12.600  -1.0604   0.01889   0.01310  -0.0487  0.9964  0.0284  -6.0344   0.0000   0.1851
 -12.400  -1.0400   0.01844   0.01264  -0.0490  0.9942  0.0289  -5.8974   0.0000   0.1841
 -12.200  -1.0199   0.01801   0.01219  -0.0492  0.9921  0.0292  -5.7628   0.0000   0.1833
 -12.000  -0.9986   0.01761   0.01177  -0.0495  0.9899  0.0296  -5.6256   0.0000   0.1821
 -11.800  -0.9770   0.01719   0.01133  -0.0499  0.9880  0.0300  -5.4886   0.0000   0.1808
 -11.600  -0.9581   0.01677   0.01091  -0.0498  0.9848  0.0305  -5.3610   0.0000   0.1801
 -11.400  -0.9377   0.01639   0.01053  -0.0499  0.9815  0.0311  -5.2291   0.0000   0.1791
 -11.200  -0.9153   0.01601   0.01015  -0.0503  0.9791  0.0317  -5.0925   0.0000   0.1775
 -11.000  -0.8965   0.01568   0.00980  -0.0500  0.9744  0.0322  -4.9680   0.0000   0.1770
 -10.800  -0.8736   0.01535   0.00946  -0.0504  0.9711  0.0328  -4.8326   0.0000   0.1751
 -10.600  -0.8498   0.01503   0.00912  -0.0510  0.9679  0.0333  -4.6959   0.0000   0.1729
 -10.400  -0.8268   0.01468   0.00876  -0.0515  0.9632  0.0339  -4.5635   0.0000   0.1708
 -10.200  -0.7991   0.01432   0.00841  -0.0529  0.9600  0.0347  -4.4233   0.0000   0.1670
 -10.000  -0.7703   0.01399   0.00808  -0.0545  0.9555  0.0355  -4.2819   0.0000   0.1624
  -9.800  -0.7389   0.01366   0.00775  -0.0567  0.9503  0.0363  -4.1353   0.0000   0.1565
  -9.600  -0.7072   0.01336   0.00743  -0.0588  0.9442  0.0371  -3.9899   0.0000   0.1499
  -9.400  -0.6757   0.01304   0.00710  -0.0610  0.9364  0.0381  -3.8467   0.0000   0.1428
  -9.200  -0.6467   0.01274   0.00679  -0.0626  0.9259  0.0392  -3.7120   0.0000   0.1362
  -9.000  -0.6195   0.01249   0.00651  -0.0638  0.9125  0.0402  -3.5834   0.0000   0.1299
  -8.800  -0.5958   0.01230   0.00625  -0.0642  0.8948  0.0411  -3.4653   0.0000   0.1251
  -8.600  -0.5773   0.01216   0.00602  -0.0635  0.8735  0.0418  -3.3660   0.0000   0.1231
  -8.400  -0.5628   0.01201   0.00580  -0.0619  0.8513  0.0428  -3.2770   0.0000   0.1232
  -8.200  -0.5496   0.01189   0.00560  -0.0601  0.8291  0.0438  -3.1916   0.0000   0.1241
  -8.000  -0.5368   0.01179   0.00542  -0.0581  0.8088  0.0448  -3.1078   0.0000   0.1253
  -7.800  -0.5235   0.01169   0.00525  -0.0562  0.7901  0.0458  -3.0238   0.0000   0.1263
  -7.600  -0.5099   0.01160   0.00509  -0.0544  0.7727  0.0467  -2.9400   0.0000   0.1272
  -7.400  -0.4971   0.01149   0.00493  -0.0524  0.7559  0.0479  -2.8586   0.0000   0.1286
  -7.200  -0.4838   0.01140   0.00478  -0.0505  0.7400  0.0491  -2.7769   0.0000   0.1298
  -7.000  -0.4704   0.01133   0.00466  -0.0486  0.7240  0.0504  -2.6956   0.0000   0.1309
  -6.800  -0.4565   0.01128   0.00455  -0.0468  0.7087  0.0516  -2.6141   0.0000   0.1319
  -6.600  -0.4427   0.01121   0.00443  -0.0450  0.6936  0.0530  -2.5342   0.0000   0.1329
  -6.400  -0.4277   0.01113   0.00431  -0.0434  0.6788  0.0546  -2.4554   0.0000   0.1331
  -6.200  -0.4118   0.01106   0.00419  -0.0421  0.6645  0.0562  -2.3755   0.0000   0.1325
  -6.000  -0.3953   0.01100   0.00408  -0.0408  0.6502  0.0576  -2.2955   0.0000   0.1316
  -5.800  -0.3794   0.01092   0.00396  -0.0394  0.6358  0.0595  -2.2173   0.0000   0.1309
  -5.600  -0.3629   0.01085   0.00385  -0.0381  0.6217  0.0617  -2.1387   0.0000   0.1296
  -5.400  -0.3457   0.01080   0.00375  -0.0370  0.6087  0.0637  -2.0598   0.0000   0.1277
  -5.200  -0.3288   0.01072   0.00365  -0.0358  0.5966  0.0660  -1.9846   0.0000   0.1257
  -5.000  -0.3115   0.01066   0.00356  -0.0347  0.5846  0.0685  -1.9108   0.0000   0.1233
  -4.800  -0.2940   0.01062   0.00347  -0.0336  0.5716  0.0708  -1.8372   0.0000   0.1201
  -4.600  -0.2769   0.01056   0.00338  -0.0325  0.5583  0.0739  -1.7653   0.0000   0.1171
  -4.400  -0.2594   0.01051   0.00330  -0.0314  0.5441  0.0772  -1.6962   0.0000   0.1132
  -4.200  -0.2419   0.01047   0.00322  -0.0303  0.5301  0.0805  -1.6284   0.0000   0.1087
  -4.000  -0.2241   0.01042   0.00314  -0.0293  0.5171  0.0846  -1.5611   0.0000   0.1031
  -3.800  -0.2061   0.01038   0.00307  -0.0283  0.5048  0.0887  -1.4942   0.0000   0.0961
  -3.600  -0.1882   0.01032   0.00300  -0.0274  0.4938  0.0938  -1.4282   0.0000   0.0879
  -3.400  -0.1702   0.01028   0.00294  -0.0264  0.4832  0.0989  -1.3637   0.0000   0.0777
  -3.200  -0.1520   0.01023   0.00287  -0.0255  0.4723  0.1051  -1.3019   0.0000   0.0646
  -3.000  -0.1340   0.01017   0.00281  -0.0245  0.4614  0.1126  -1.2413   0.0000   0.0486
  -2.800  -0.1160   0.01012   0.00275  -0.0235  0.4505  0.1205  -1.1813   0.0000   0.0276
  -2.600  -0.0981   0.01008   0.00270  -0.0225  0.4395  0.1300  -1.1223   0.0000  -0.0008
  -2.400  -0.0804   0.01001   0.00264  -0.0215  0.4291  0.1424  -1.0653   0.0000  -0.0410
  -2.200  -0.0628   0.00992   0.00258  -0.0205  0.4202  0.1584  -1.0110   0.0000  -0.1025
  -2.000  -0.0457   0.00983   0.00252  -0.0194  0.4109  0.1784  -0.9581   0.0000  -0.2052
  -1.800  -0.0297   0.00966   0.00245  -0.0181  0.4016  0.2096  -0.9077   0.0000  -0.3999
  -1.600  -0.0165   0.00937   0.00234  -0.0163  0.3934  0.2658  -0.8637   0.0000  -0.7997
  -1.400  -0.0040   0.00906   0.00224  -0.0143  0.3852  0.3326  -0.8210   0.0000  -3.5543
  -1.200   0.0113   0.00887   0.00219  -0.0129  0.3784  0.3778  -0.7761   0.0000   1.4480
  -1.000   0.0270   0.00873   0.00216  -0.0115  0.3710  0.4157  -0.7874   0.0000   0.6907
  -0.800   0.0439   0.00863   0.00214  -0.0103  0.3644  0.4462  -0.8077   0.0000   0.4897
  -0.600   0.0613   0.00857   0.00213  -0.0092  0.3569  0.4695  -0.8295   0.0000   0.4004
  -0.400   0.0793   0.00853   0.00212  -0.0082  0.3507  0.4901  -0.8518   0.0000   0.3511
  -0.200   0.0970   0.00848   0.00212  -0.0072  0.3446  0.5122  -0.8740   0.0000   0.3197
   0.000   0.1146   0.00844   0.00213  -0.0061  0.3395  0.5331  -0.8963   0.0000   0.2978
   0.200   0.1331   0.00841   0.00213  -0.0052  0.3344  0.5511  -0.9192   0.0000   0.2827
   0.400   0.1511   0.00840   0.00215  -0.0042  0.3288  0.5696  -0.9420   0.0000   0.2708
   0.600   0.1684   0.00836   0.00216  -0.0031  0.3240  0.5909  -0.9654   0.0000   0.2606
   0.800   0.1863   0.00833   0.00218  -0.0020  0.3193  0.6111  -0.9893   0.0000   0.2529
   1.000   0.2036   0.00831   0.00220  -0.0009  0.3150  0.6312  -1.0130   0.0000   0.2459
   1.200   0.2207   0.00828   0.00223   0.0003  0.3113  0.6531  -1.0365   0.0000   0.2397
   1.400   0.2387   0.00826   0.00226   0.0013  0.3076  0.6712  -1.0608   0.0000   0.2353
   1.600   0.2572   0.00828   0.00229   0.0022  0.3035  0.6829  -1.0855   0.0000   0.2319
   1.800   0.2757   0.00831   0.00232   0.0031  0.2993  0.6930  -1.1104   0.0000   0.2290
   2.000   0.2949   0.00834   0.00236   0.0039  0.2961  0.7036  -1.1370   0.0000   0.2270
   2.200   0.3136   0.00835   0.00239   0.0047  0.2930  0.7145  -1.1635   0.0000   0.2248
   2.400   0.3321   0.00837   0.00244   0.0056  0.2897  0.7252  -1.1899   0.0000   0.2228
   2.600   0.3504   0.00841   0.00248   0.0065  0.2861  0.7357  -1.2171   0.0000   0.2208
   2.800   0.3690   0.00845   0.00253   0.0074  0.2831  0.7466  -1.2450   0.0000   0.2192
   3.000   0.3874   0.00846   0.00258   0.0083  0.2799  0.7577  -1.2730   0.0000   0.2176
   3.200   0.4054   0.00849   0.00263   0.0093  0.2767  0.7692  -1.3008   0.0000   0.2160
   3.400   0.4232   0.00854   0.00269   0.0103  0.2735  0.7809  -1.3285   0.0000   0.2144
   3.600   0.4411   0.00859   0.00276   0.0113  0.2705  0.7924  -1.3564   0.0000   0.2129
   3.800   0.4593   0.00861   0.00282   0.0122  0.2678  0.8035  -1.3861   0.0000   0.2117
   4.000   0.4773   0.00865   0.00288   0.0132  0.2648  0.8149  -1.4156   0.0000   0.2104
   4.200   0.4949   0.00870   0.00295   0.0143  0.2620  0.8261  -1.4450   0.0000   0.2091
   4.400   0.5118   0.00875   0.00302   0.0154  0.2592  0.8376  -1.4740   0.0000   0.2076
   4.600   0.5288   0.00880   0.00310   0.0166  0.2567  0.8494  -1.5031   0.0000   0.2061
   4.800   0.5467   0.00884   0.00317   0.0176  0.2541  0.8606  -1.5331   0.0000   0.2051
   5.000   0.5648   0.00889   0.00326   0.0185  0.2512  0.8719  -1.5649   0.0000   0.2043
   5.200   0.5833   0.00897   0.00335   0.0193  0.2483  0.8831  -1.5973   0.0000   0.2038
   5.400   0.6022   0.00907   0.00346   0.0200  0.2456  0.8943  -1.6300   0.0000   0.2035
   5.600   0.6236   0.00916   0.00358   0.0202  0.2432  0.9050  -1.6651   0.0000   0.2042
   5.800   0.6470   0.00926   0.00370   0.0200  0.2405  0.9141  -1.7023   0.0000   0.2056
   6.000   0.6702   0.00937   0.00383   0.0197  0.2374  0.9228  -1.7401   0.0000   0.2069
   6.200   0.6958   0.00952   0.00397   0.0189  0.2342  0.9304  -1.7819   0.0000   0.2090
   6.400   0.7222   0.00968   0.00413   0.0179  0.2313  0.9369  -1.8262   0.0000   0.2112
   6.600   0.7501   0.00982   0.00427   0.0166  0.2288  0.9428  -1.8724   0.0000   0.2137
   6.800   0.7773   0.00998   0.00443   0.0154  0.2257  0.9479  -1.9182   0.0000   0.2159
   7.000   0.8066   0.01016   0.00460   0.0138  0.2222  0.9516  -1.9664   0.0000   0.2185
   7.200   0.8322   0.01036   0.00477   0.0129  0.2190  0.9563  -2.0110   0.0000   0.2199
   7.400   0.8603   0.01051   0.00493   0.0115  0.2165  0.9592  -2.0598   0.0000   0.2218
   7.600   0.8895   0.01068   0.00510   0.0099  0.2138  0.9612  -2.1110   0.0000   0.2240
   7.800   0.9160   0.01087   0.00528   0.0088  0.2109  0.9641  -2.1611   0.0000   0.2252
   8.000   0.9369   0.01106   0.00545   0.0089  0.2080  0.9688  -2.2059   0.0000   0.2251
   8.200   0.9632   0.01125   0.00564   0.0078  0.2053  0.9704  -2.2570   0.0000   0.2263
   8.400   0.9879   0.01143   0.00582   0.0071  0.2026  0.9726  -2.3066   0.0000   0.2270
   8.600   1.0099   0.01162   0.00601   0.0070  0.1997  0.9757  -2.3549   0.0000   0.2270
   8.800   1.0303   0.01183   0.00620   0.0071  0.1967  0.9790  -2.4022   0.0000   0.2268
   9.000   1.0545   0.01206   0.00642   0.0064  0.1939  0.9806  -2.4542   0.0000   0.2273
   9.200   1.0785   0.01224   0.00662   0.0058  0.1917  0.9826  -2.5063   0.0000   0.2278
   9.400   1.1004   0.01245   0.00682   0.0055  0.1889  0.9853  -2.5563   0.0000   0.2278
   9.600   1.1220   0.01268   0.00704   0.0053  0.1859  0.9878  -2.6123   0.0000   0.2278
   9.800   1.1457   0.01294   0.00729   0.0046  0.1828  0.9892  -2.6719   0.0000   0.2283
  10.000   1.1694   0.01314   0.00750   0.0040  0.1803  0.9908  -2.7320   0.0000   0.2286
  10.200   1.1919   0.01337   0.00774   0.0035  0.1771  0.9926  -2.7909   0.0000   0.2288
  10.400   1.2130   0.01365   0.00800   0.0033  0.1736  0.9944  -2.8489   0.0000   0.2287
  10.600   1.2346   0.01395   0.00828   0.0029  0.1705  0.9962  -2.9146   0.0000   0.2288
  10.800   1.2581   0.01418   0.00853   0.0022  0.1680  0.9976  -2.9836   0.0000   0.2291
  11.000   1.2811   0.01444   0.00880   0.0016  0.1651  0.9988  -3.0525   0.0000   0.2293
  11.200   1.3033   0.01477   0.00911   0.0010  0.1616  0.9998  -3.1204   0.0000   0.2295
  11.400   1.3130   0.01506   0.00939   0.0029  0.1588  1.0000  -3.1686   0.0000   0.2277
  11.600   1.3206   0.01530   0.00965   0.0053  0.1562  1.0000  -3.2136   0.0000   0.2255
  11.800   1.3281   0.01559   0.00994   0.0076  0.1533  1.0000  -3.2586   0.0000   0.2235
  12.000   1.3355   0.01592   0.01028   0.0099  0.1508  1.0000  -3.3074   0.0000   0.2214
  12.200   1.3429   0.01629   0.01064   0.0120  0.1485  1.0000  -3.3599   0.0000   0.2195
  12.400   1.3528   0.01660   0.01098   0.0138  0.1468  1.0000  -3.4177   0.0000   0.2179
  12.600   1.3622   0.01695   0.01135   0.0156  0.1446  1.0000  -3.4750   0.0000   0.2163
  12.800   1.3711   0.01736   0.01176   0.0173  0.1421  1.0000  -3.5313   0.0000   0.2147
  13.000   1.3787   0.01785   0.01225   0.0192  0.1391  1.0000  -3.5860   0.0000   0.2131
  13.200   1.3873   0.01833   0.01274   0.0208  0.1364  1.0000  -3.6453   0.0000   0.2116
  13.400   1.3964   0.01881   0.01324   0.0223  0.1335  1.0000  -3.7079   0.0000   0.2102
  13.600   1.4043   0.01938   0.01381   0.0239  0.1304  1.0000  -3.7694   0.0000   0.2088
  13.800   1.4111   0.02005   0.01447   0.0255  0.1275  1.0000  -3.8285   0.0000   0.2074
  14.000   1.4206   0.02060   0.01505   0.0267  0.1253  1.0000  -3.8939   0.0000   0.2062
  14.200   1.4289   0.02124   0.01571   0.0280  0.1226  1.0000  -3.9574   0.0000   0.2050
  14.400   1.4359   0.02200   0.01647   0.0292  0.1198  1.0000  -4.0195   0.0000   0.2038
  14.600   1.4422   0.02283   0.01732   0.0305  0.1172  1.0000  -4.0801   0.0000   0.2026
  14.800   1.4502   0.02359   0.01810   0.0315  0.1147  1.0000  -4.1451   0.0000   0.2016
  15.000   1.4565   0.02449   0.01902   0.0326  0.1117  1.0000  -4.2067   0.0000   0.2005
  15.200   1.4610   0.02556   0.02009   0.0337  0.1089  1.0000  -4.2649   0.0000   0.1994
  15.400   1.4671   0.02656   0.02112   0.0346  0.1065  1.0000  -4.3274   0.0000   0.1984
  15.600   1.4727   0.02762   0.02221   0.0354  0.1040  1.0000  -4.3889   0.0000   0.1975
  15.800   1.4764   0.02887   0.02348   0.0362  0.1014  1.0000  -4.4459   0.0000   0.1965
  16.000   1.4786   0.03029   0.02491   0.0370  0.0989  1.0000  -4.4998   0.0000   0.1955
  16.200   1.4836   0.03153   0.02619   0.0375  0.0969  1.0000  -4.5616   0.0000   0.1948
  16.400   1.4866   0.03297   0.02767   0.0380  0.0945  1.0000  -4.6178   0.0000   0.1940
  16.600   1.4873   0.03467   0.02939   0.0385  0.0921  1.0000  -4.6668   0.0000   0.1932
  16.800   1.4873   0.03647   0.03122   0.0389  0.0899  1.0000  -4.7155   0.0000   0.1924
  17.000   1.4890   0.03819   0.03298   0.0391  0.0879  1.0000  -4.7691   0.0000   0.1918
  17.200   1.4882   0.04017   0.03500   0.0393  0.0857  1.0000  -4.8149   0.0000   0.1911
  17.400   1.4849   0.04246   0.03733   0.0393  0.0836  1.0000  -4.8539   0.0000   0.1904
  17.600   1.4816   0.04481   0.03972   0.0393  0.0818  1.0000  -4.8926   0.0000   0.1899
  17.800   1.4796   0.04708   0.04204   0.0391  0.0800  1.0000  -4.9349   0.0000   0.1894
  18.000   1.4750   0.04966   0.04468   0.0389  0.0781  1.0000  -4.9684   0.0000   0.1889
  18.200   1.4674   0.05265   0.04771   0.0385  0.0762  1.0000  -4.9906   0.0000   0.1885
  18.400   1.4585   0.05582   0.05093   0.0379  0.0746  1.0000  -5.0078   0.0000   0.1881
  18.600   1.4525   0.05872   0.05390   0.0374  0.0731  1.0000  -5.0345   0.0000   0.1877
  18.800   1.4441   0.06195   0.05719   0.0367  0.0715  1.0000  -5.0534   0.0000   0.1875
  19.000   1.4331   0.06555   0.06085   0.0359  0.0700  1.0000  -5.0614   0.0000   0.1873
  19.200   1.4196   0.06948   0.06484   0.0349  0.0686  1.0000  -5.0596   0.0000   0.1871
  19.400   1.4070   0.07339   0.06881   0.0338  0.0673  1.0000  -5.0595   0.0000   0.1870
  19.600   1.3965   0.07708   0.07257   0.0328  0.0661  1.0000  -5.0663   0.0000   0.1870
  19.800   1.3842   0.08102   0.07658   0.0316  0.0648  1.0000  -5.0652   0.0000   0.1870
  20.000   1.3704   0.08522   0.08084   0.0303  0.0635  1.0000  -5.0571   0.0000   0.1872
  20.200   1.3550   0.08968   0.08536   0.0288  0.0622  1.0000  -5.0416   0.0000   0.1874
  20.400   1.3395   0.09420   0.08994   0.0273  0.0611  1.0000  -5.0236   0.0000   0.1877
  20.600   1.3293   0.09804   0.09385   0.0259  0.0600  1.0000  -5.0257   0.0000   0.1880
  20.800   1.3180   0.10209   0.09796   0.0244  0.0588  1.0000  -5.0221   0.0000   0.1883
  21.000   1.3062   0.10623   0.10216   0.0228  0.0576  1.0000  -5.0151   0.0000   0.1888
  21.200   1.2944   0.11040   0.10637   0.0211  0.0563  1.0000  -5.0068   0.0000   0.1893
  21.400   1.2811   0.11484   0.11086   0.0193  0.0552  1.0000  -4.9902   0.0000   0.1900
  21.600   1.2731   0.11856   0.11463   0.0177  0.0541  1.0000  -4.9950   0.0000   0.1906
  21.800   1.2667   0.12205   0.11816   0.0161  0.0529  1.0000  -5.0057   0.0000   0.1911
  22.000   1.2575   0.12597   0.12214   0.0143  0.0517  1.0000  -5.0028   0.0000   0.1919
  22.200   1.2496   0.12972   0.12592   0.0126  0.0504  1.0000  -5.0047   0.0000   0.1927
  22.400   1.2398   0.13383   0.13007   0.0106  0.0493  1.0000  -4.9955   0.0000   0.1936
  22.600   1.2367   0.13690   0.13317   0.0090  0.0483  1.0000  -5.0171   0.0000   0.1943
  22.800   1.2308   0.14044   0.13676   0.0071  0.0472  1.0000  -5.0244   0.0000   0.1952
  23.000   1.2260   0.14379   0.14014   0.0053  0.0460  1.0000  -5.0373   0.0000   0.1960
  23.200   1.2184   0.14763   0.14401   0.0032  0.0449  1.0000  -5.0347   0.0000   0.1971
  23.400   1.2146   0.15086   0.14727   0.0014  0.0439  1.0000  -5.0502   0.0000   0.1980
  23.600   1.2132   0.15374   0.15019  -0.0003  0.0430  1.0000  -5.0770   0.0000   0.1989
  23.800   1.2093   0.15703   0.15352  -0.0023  0.0420  1.0000  -5.0892   0.0000   0.1999
  24.000   1.2066   0.16013   0.15664  -0.0042  0.0410  1.0000  -5.1076   0.0000   0.2009
  24.200   1.2011   0.16373   0.16027  -0.0065  0.0400  1.0000  -5.1107   0.0000   0.2022
  24.400   1.1994   0.16667   0.16324  -0.0084  0.0392  1.0000  -5.1338   0.0000   0.2031
  24.600   1.1996   0.16931   0.16590  -0.0101  0.0383  1.0000  -5.1669   0.0000   0.2040
  24.800   1.1972   0.17238   0.16901  -0.0122  0.0373  1.0000  -5.1846   0.0000   0.2051
  25.000   1.1949   0.17545   0.17211  -0.0143  0.0364  1.0000  -5.2018   0.0000   0.2063


