xflr5 v6.47

 Calculated polar for: NACA24018_theta30_Ku4.5_Kl0.5_d0.24_delta7.31

 1 1 Reynolds number fixed          Mach number fixed         

 xtrf =   1.000 (top)        1.000 (bottom)
 Mach =   0.000     Re =     1.400 e 6     Ncrit =   5.000

  alpha     CL        CD       CDp       Cm    Top Xtr Bot Xtr   Cpmin    Chinge    XCp    
 ------- -------- --------- --------- -------- ------- ------- -------- --------- ---------
 -15.000  -0.7101   0.03534   0.03089  -0.1130  0.8593  0.0339  -5.4735   0.0000   0.0640
 -14.800  -0.6858   0.03519   0.03074  -0.1142  0.8594  0.0344  -5.3264   0.0000   0.0564
 -14.600  -0.6615   0.03509   0.03064  -0.1154  0.8594  0.0349  -5.1801   0.0000   0.0483
 -14.400  -0.6368   0.03501   0.03056  -0.1165  0.8595  0.0355  -5.0341   0.0000   0.0395
 -14.200  -0.6119   0.03497   0.03051  -0.1177  0.8595  0.0361  -4.8913   0.0000   0.0299
 -14.000  -0.5864   0.03494   0.03048  -0.1189  0.8595  0.0366  -4.7514   0.0000   0.0191
 -13.800  -0.5595   0.03491   0.03046  -0.1204  0.8595  0.0374  -4.6088   0.0000   0.0061
 -13.600  -0.5329   0.03492   0.03048  -0.1218  0.8595  0.0381  -4.4682   0.0000  -0.0078
 -13.400  -0.5053   0.03489   0.03046  -0.1233  0.8590  0.0388  -4.3260   0.0000  -0.0238
 -13.200  -0.4751   0.03478   0.03035  -0.1251  0.8581  0.0396  -4.1777   0.0000  -0.0439
 -13.000  -0.4424   0.03461   0.03017  -0.1272  0.8572  0.0403  -4.0235   0.0000  -0.0693
 -12.800  -0.4060   0.03438   0.02994  -0.1299  0.8565  0.0414  -3.8612   0.0000  -0.1034
 -12.600  -0.3677   0.03410   0.02968  -0.1329  0.8558  0.0426  -3.6953   0.0000  -0.1471
 -12.400  -0.3287   0.03380   0.02939  -0.1359  0.8553  0.0437  -3.5306   0.0000  -0.2020
 -12.200  -0.2904   0.03353   0.02911  -0.1388  0.8550  0.0447  -3.3761   0.0000  -0.2700
 -12.000  -0.2722   0.03362   0.02922  -0.1387  0.8512  0.0455  -3.2776   0.0000  -0.3029
 -11.800  -0.2416   0.03356   0.02917  -0.1405  0.8498  0.0467  -3.1478   0.0000  -0.3786
 -11.600  -0.2080   0.03341   0.02903  -0.1426  0.8487  0.0481  -3.0122   0.0000  -0.4885
 -10.600  -0.0110   0.03147   0.02714  -0.1578  0.8445  0.0573  -2.3224   0.0000  -14.8709
  -9.000   0.1357   0.03649   0.03236  -0.1557  0.7906  0.0717  -1.6903   0.0000   1.4465
  -8.800   0.1934   0.03529   0.03116  -0.1612  0.7827  0.0772  -1.5499   0.0000   1.1164
  -8.600   0.2626   0.03350   0.02933  -0.1686  0.7735  0.0836  -1.3959   0.0000   0.9152
  -8.400   0.3465   0.03094   0.02659  -0.1786  0.7471  0.0923  -1.2241   0.0000   0.7821
  -8.200   0.3612   0.03149   0.02678  -0.1775  0.6735  0.0960  -1.1660   0.0000   0.7565
  -8.000   0.3789   0.03216   0.02730  -0.1770  0.6356  0.1005  -1.1038   0.0000   0.7307
  -7.800   0.4002   0.03269   0.02771  -0.1771  0.6030  0.1052  -1.0390   0.0000   0.7046
  -7.600   0.4240   0.03314   0.02805  -0.1776  0.5748  0.1115  -0.9761   0.0000   0.6795
  -7.400   0.4503   0.03355   0.02838  -0.1785  0.5488  0.1193  -0.9106   0.0000   0.6558
  -7.200   0.4772   0.03393   0.02868  -0.1795  0.5250  0.1278  -0.8453   0.0000   0.6344
  -7.000   0.5052   0.03429   0.02897  -0.1807  0.5030  0.1382  -0.8523   0.0000   0.6148
  -6.800   0.5353   0.03466   0.02930  -0.1822  0.4836  0.1513  -0.8817   0.0000   0.5966
  -6.600   0.5677   0.03508   0.02970  -0.1842  0.4662  0.1701  -0.9138   0.0000   0.5797
  -6.400   0.6017   0.03557   0.03018  -0.1864  0.4478  0.1940  -0.9473   0.0000   0.5643
  -6.200   0.6386   0.03618   0.03078  -0.1892  0.4295  0.2255  -0.9830   0.0000   0.5501
  -6.000   0.6893   0.03719   0.03187  -0.1946  0.4111  0.2874  -1.0289   0.0000   0.5353
  -5.800   0.7436   0.03837   0.03316  -0.2005  0.3957  0.3578  -1.0780   0.0000   0.5220
  -5.600   0.7779   0.03899   0.03376  -0.2027  0.3836  0.3848  -1.1132   0.0000   0.5124
  -5.400   0.8095   0.03953   0.03428  -0.2044  0.3714  0.4041  -1.1482   0.0000   0.5038
  -5.200   0.8411   0.04008   0.03481  -0.2061  0.3612  0.4218  -1.1847   0.0000   0.4958
  -4.800   0.8981   0.04101   0.03568  -0.2083  0.3434  0.4460  -1.2536   0.0000   0.4819
  -4.600   0.9256   0.04145   0.03608  -0.2092  0.3348  0.4569  -1.2877   0.0000   0.4756
  -4.400   0.9558   0.04199   0.03662  -0.2106  0.3284  0.4716  -1.3241   0.0000   0.4695
  -4.200   0.9870   0.04258   0.03722  -0.2122  0.3224  0.4887  -1.3617   0.0000   0.4637
  -4.000   1.0145   0.04305   0.03765  -0.2130  0.3164  0.5013  -1.3964   0.0000   0.4584
  -3.800   1.0418   0.04352   0.03812  -0.2139  0.3120  0.5092  -1.4319   0.0000   0.4533
  -3.600   1.0652   0.04385   0.03843  -0.2140  0.3075  0.5138  -1.4649   0.0000   0.4486
  -3.400   1.0874   0.04414   0.03869  -0.2139  0.3023  0.5176  -1.4972   0.0000   0.4441
  -3.200   1.1102   0.04446   0.03897  -0.2140  0.2968  0.5213  -1.5301   0.0000   0.4398
  -3.000   1.1339   0.04482   0.03933  -0.2142  0.2936  0.5255  -1.5641   0.0000   0.4356
  -2.800   1.1570   0.04516   0.03966  -0.2142  0.2899  0.5300  -1.5976   0.0000   0.4316
  -2.600   1.1791   0.04547   0.03995  -0.2142  0.2855  0.5341  -1.6316   0.0000   0.4277
  -2.200   1.2228   0.04608   0.04052  -0.2139  0.2775  0.5407  -1.7032   0.0000   0.4203
  -2.000   1.2455   0.04643   0.04086  -0.2139  0.2740  0.5445  -1.7402   0.0000   0.4169
  -1.800   1.2674   0.04676   0.04117  -0.2137  0.2700  0.5483  -1.7767   0.0000   0.4135
  -1.600   1.2887   0.04707   0.04146  -0.2135  0.2657  0.5519  -1.8127   0.0000   0.4102
  -1.400   1.3098   0.04738   0.04175  -0.2132  0.2627  0.5553  -1.8487   0.0000   0.4070
  -1.200   1.3313   0.04770   0.04207  -0.2130  0.2604  0.5587  -1.8857   0.0000   0.4039
  -1.000   1.3536   0.04807   0.04244  -0.2129  0.2574  0.5628  -1.9249   0.0000   0.4009
  -0.800   1.3751   0.04842   0.04278  -0.2127  0.2538  0.5667  -1.9635   0.0000   0.3980
  -0.600   1.3958   0.04875   0.04309  -0.2124  0.2498  0.5702  -2.0015   0.0000   0.3952
  -0.400   1.4165   0.04908   0.04341  -0.2120  0.2467  0.5736  -2.0398   0.0000   0.3924
  -0.200   1.4372   0.04941   0.04374  -0.2117  0.2445  0.5766  -2.0797   0.0000   0.3897
   0.000   1.4583   0.04977   0.04411  -0.2114  0.2415  0.5805  -2.1204   0.0000   0.3871
   0.200   1.4788   0.05013   0.04446  -0.2110  0.2380  0.5841  -2.1607   0.0000   0.3845
   0.400   1.4986   0.05048   0.04478  -0.2105  0.2343  0.5875  -2.2004   0.0000   0.3820
   0.600   1.5185   0.05082   0.04512  -0.2100  0.2315  0.5906  -2.2428   0.0000   0.3795
   0.800   1.5383   0.05116   0.04546  -0.2095  0.2291  0.5935  -2.2864   0.0000   0.3771
   1.000   1.5579   0.05151   0.04580  -0.2090  0.2258  0.5962  -2.3299   0.0000   0.3748
   1.200   1.5772   0.05187   0.04616  -0.2084  0.2218  0.5998  -2.3734   0.0000   0.3724
   1.400   1.5962   0.05225   0.04652  -0.2078  0.2180  0.6032  -2.4166   0.0000   0.3702
   1.600   1.6154   0.05261   0.04689  -0.2072  0.2159  0.6065  -2.4604   0.0000   0.3679
   1.800   1.6345   0.05297   0.04726  -0.2066  0.2138  0.6096  -2.5042   0.0000   0.3658
   2.000   1.6535   0.05335   0.04764  -0.2060  0.2113  0.6125  -2.5481   0.0000   0.3636
   2.200   1.6723   0.05375   0.04804  -0.2054  0.2085  0.6151  -2.5921   0.0000   0.3615
   2.400   1.6898   0.05415   0.04843  -0.2045  0.2055  0.6182  -2.6345   0.0000   0.3594
   2.600   1.7071   0.05456   0.04884  -0.2036  0.2026  0.6211  -2.6774   0.0000   0.3573
   2.800   1.7246   0.05498   0.04928  -0.2028  0.2003  0.6240  -2.7237   0.0000   0.3553
   3.000   1.7419   0.05543   0.04973  -0.2019  0.1971  0.6269  -2.7722   0.0000   0.3533
   3.200   1.7590   0.05591   0.05021  -0.2010  0.1935  0.6299  -2.8207   0.0000   0.3513
   3.400   1.7760   0.05642   0.05070  -0.2001  0.1899  0.6325  -2.8702   0.0000   0.3494
   3.600   1.7935   0.05690   0.05118  -0.1993  0.1877  0.6347  -2.9236   0.0000   0.3475
   3.800   1.8093   0.05731   0.05161  -0.1982  0.1850  0.6372  -2.9746   0.0000   0.3456
   4.000   1.8247   0.05775   0.05206  -0.1970  0.1816  0.6397  -3.0255   0.0000   0.3437
   4.200   1.8398   0.05823   0.05253  -0.1958  0.1780  0.6424  -3.0761   0.0000   0.3418
   4.400   1.8555   0.05871   0.05302  -0.1947  0.1753  0.6452  -3.1296   0.0000   0.3399
   4.600   1.8718   0.05920   0.05352  -0.1937  0.1728  0.6478  -3.1866   0.0000   0.3382
   4.800   1.8876   0.05973   0.05405  -0.1927  0.1697  0.6501  -3.2433   0.0000   0.3364
   5.000   1.9029   0.06031   0.05462  -0.1916  0.1662  0.6521  -3.2994   0.0000   0.3346
   5.200   1.9181   0.06091   0.05521  -0.1905  0.1631  0.6538  -3.3563   0.0000   0.3329
   5.400   1.9315   0.06140   0.05573  -0.1890  0.1608  0.6562  -3.4117   0.0000   0.3311
   5.600   1.9439   0.06199   0.05633  -0.1875  0.1576  0.6585  -3.4698   0.0000   0.3293
   5.800   1.9556   0.06266   0.05700  -0.1859  0.1539  0.6607  -3.5295   0.0000   0.3275
   6.000   1.9678   0.06332   0.05767  -0.1844  0.1506  0.6629  -3.5946   0.0000   0.3258
   6.200   1.9812   0.06395   0.05831  -0.1831  0.1478  0.6650  -3.6633   0.0000   0.3241
   6.400   1.9938   0.06466   0.05902  -0.1816  0.1440  0.6670  -3.7325   0.0000   0.3224
   6.600   2.0057   0.06547   0.05981  -0.1802  0.1399  0.6690  -3.8006   0.0000   0.3207
   6.800   2.0197   0.06621   0.06056  -0.1790  0.1371  0.6711  -3.8736   0.0000   0.3191
   7.000   2.0326   0.06708   0.06144  -0.1777  0.1337  0.6728  -3.9449   0.0000   0.3175
   7.200   2.0401   0.06792   0.06229  -0.1756  0.1305  0.6746  -4.0066   0.0000   0.3158
   7.400   2.0491   0.06870   0.06308  -0.1738  0.1280  0.6763  -4.0766   0.0000   0.3141
   7.600   2.0588   0.06944   0.06385  -0.1720  0.1253  0.6780  -4.1485   0.0000   0.3124
   7.800   2.0676   0.07027   0.06470  -0.1702  0.1221  0.6798  -4.2192   0.0000   0.3108
   8.000   2.0757   0.07123   0.06566  -0.1684  0.1187  0.6817  -4.2883   0.0000   0.3091
   8.200   2.0842   0.07222   0.06667  -0.1666  0.1158  0.6836  -4.3610   0.0000   0.3075
   8.400   2.0912   0.07340   0.06785  -0.1648  0.1118  0.6853  -4.4363   0.0000   0.3059
   8.600   2.0988   0.07458   0.06904  -0.1630  0.1082  0.6870  -4.5133   0.0000   0.3044
   8.800   2.1081   0.07568   0.07015  -0.1615  0.1050  0.6885  -4.5952   0.0000   0.3029
   9.000   2.1148   0.07707   0.07155  -0.1598  0.1020  0.6900  -4.6712   0.0000   0.3013
   9.200   2.1222   0.07846   0.07295  -0.1582  0.0993  0.6914  -4.7493   0.0000   0.2998
   9.400   2.1279   0.07956   0.07408  -0.1564  0.0966  0.6928  -4.8223   0.0000   0.2983
   9.600   2.1298   0.08093   0.07547  -0.1542  0.0937  0.6942  -4.8854   0.0000   0.2967
   9.800   2.1319   0.08232   0.07688  -0.1521  0.0909  0.6955  -4.9490   0.0000   0.2952
  10.000   2.1352   0.08363   0.07823  -0.1502  0.0880  0.6968  -5.0159   0.0000   0.2937
  10.200   2.1358   0.08528   0.07990  -0.1482  0.0848  0.6979  -5.0757   0.0000   0.2922
  10.400   2.1374   0.08689   0.08154  -0.1464  0.0823  0.6991  -5.1382   0.0000   0.2908
  10.600   2.1394   0.08852   0.08320  -0.1447  0.0796  0.7003  -5.2019   0.0000   0.2895
  10.800   2.1392   0.09043   0.08513  -0.1430  0.0770  0.7015  -5.2594   0.0000   0.2882
  11.000   2.1407   0.09225   0.08700  -0.1416  0.0749  0.7029  -5.3264   0.0000   0.2869
  11.200   2.1429   0.09409   0.08887  -0.1403  0.0728  0.7045  -5.3981   0.0000   0.2857
  11.400   2.1434   0.09619   0.09100  -0.1392  0.0706  0.7060  -5.4645   0.0000   0.2846
  11.600   2.1441   0.09834   0.09319  -0.1381  0.0687  0.7074  -5.5313   0.0000   0.2835
  11.800   2.1462   0.10039   0.09528  -0.1373  0.0668  0.7087  -5.6024   0.0000   0.2825
  12.000   2.1468   0.10264   0.09757  -0.1366  0.0648  0.7098  -5.6689   0.0000   0.2815
  12.200   2.1441   0.10506   0.10003  -0.1358  0.0630  0.7106  -5.7237   0.0000   0.2806
  12.400   2.1418   0.10707   0.10210  -0.1348  0.0616  0.7115  -5.7788   0.0000   0.2797
  12.600   2.1387   0.10921   0.10429  -0.1340  0.0599  0.7124  -5.8307   0.0000   0.2788
  12.800   2.1339   0.11158   0.10670  -0.1334  0.0582  0.7132  -5.8762   0.0000   0.2780
  13.000   2.1286   0.11404   0.10922  -0.1330  0.0567  0.7140  -5.9193   0.0000   0.2773
  13.200   2.1244   0.11637   0.11161  -0.1326  0.0552  0.7148  -5.9659   0.0000   0.2767
  13.400   2.1189   0.11889   0.11419  -0.1325  0.0535  0.7157  -6.0069   0.0000   0.2761
  13.600   2.1120   0.12163   0.11698  -0.1326  0.0520  0.7166  -6.0417   0.0000   0.2757
  13.800   2.1071   0.12415   0.11956  -0.1328  0.0507  0.7176  -6.0832   0.0000   0.2753
  14.000   2.1021   0.12674   0.12221  -0.1331  0.0494  0.7186  -6.1238   0.0000   0.2749
  14.200   2.0958   0.12960   0.12513  -0.1338  0.0481  0.7195  -6.1582   0.0000   0.2747
  14.400   2.0886   0.13264   0.12823  -0.1348  0.0469  0.7205  -6.1878   0.0000   0.2747
  14.600   2.0832   0.13549   0.13114  -0.1358  0.0459  0.7214  -6.2237   0.0000   0.2746
  14.800   2.0781   0.13834   0.13405  -0.1369  0.0448  0.7224  -6.2601   0.0000   0.2746
  15.000   2.0719   0.14137   0.13715  -0.1382  0.0436  0.7234  -6.2908   0.0000   0.2748
  15.200   2.0645   0.14463   0.14046  -0.1399  0.0425  0.7244  -6.3152   0.0000   0.2750
  15.400   2.0579   0.14785   0.14375  -0.1417  0.0415  0.7254  -6.3416   0.0000   0.2754
  15.600   2.0523   0.15105   0.14701  -0.1436  0.0406  0.7266  -6.3707   0.0000   0.2757
  15.800   2.0460   0.15440   0.15043  -0.1458  0.0395  0.7276  -6.3959   0.0000   0.2762
  16.000   2.0391   0.15790   0.15398  -0.1482  0.0385  0.7286  -6.4171   0.0000   0.2769
  16.200   2.0293   0.16105   0.15720  -0.1501  0.0378  0.7292  -6.4291   0.0000   0.2774
  16.400   2.0210   0.16401   0.16023  -0.1520  0.0371  0.7299  -6.4467   0.0000   0.2778
  16.600   2.0122   0.16706   0.16335  -0.1540  0.0365  0.7305  -6.4609   0.0000   0.2784
  16.800   2.0043   0.16999   0.16635  -0.1560  0.0358  0.7311  -6.4797   0.0000   0.2789
  17.000   1.9957   0.17305   0.16946  -0.1582  0.0351  0.7316  -6.4938   0.0000   0.2795
  17.200   1.9858   0.17633   0.17281  -0.1607  0.0344  0.7321  -6.4999   0.0000   0.2804
  17.400   1.9779   0.17930   0.17583  -0.1629  0.0337  0.7327  -6.5150   0.0000   0.2810
  17.600   1.9705   0.18223   0.17882  -0.1652  0.0332  0.7333  -6.5314   0.0000   0.2817
  17.800   1.9649   0.18485   0.18150  -0.1673  0.0326  0.7339  -6.5573   0.0000   0.2822
  18.000   1.9574   0.18781   0.18452  -0.1697  0.0319  0.7345  -6.5713   0.0000   0.2830
  18.200   1.9515   0.19054   0.18730  -0.1720  0.0312  0.7352  -6.5929   0.0000   0.2836
  18.400   1.9433   0.19369   0.19050  -0.1748  0.0305  0.7359  -6.6000   0.0000   0.2846
  18.600   1.9379   0.19640   0.19325  -0.1772  0.0299  0.7367  -6.6223   0.0000   0.2852
  18.800   1.9321   0.19922   0.19613  -0.1798  0.0293  0.7376  -6.6407   0.0000   0.2860
  19.000   1.9287   0.20165   0.19860  -0.1820  0.0286  0.7387  -6.6728   0.0000   0.2865
  19.200   1.9228   0.20458   0.20158  -0.1849  0.0280  0.7396  -6.6878   0.0000   0.2874
  19.400   1.9184   0.20729   0.20433  -0.1876  0.0273  0.7407  -6.7111   0.0000   0.2882
  19.600   1.9141   0.21008   0.20715  -0.1904  0.0266  0.7418  -6.7332   0.0000   0.2890
  19.800   1.9110   0.21275   0.20987  -0.1931  0.0261  0.7429  -6.7613   0.0000   0.2897
  20.000   1.9101   0.21511   0.21227  -0.1956  0.0254  0.7440  -6.8024   0.0000   0.2902
  20.200   1.9069   0.21792   0.21512  -0.1986  0.0248  0.7450  -6.8271   0.0000   0.2911
  20.400   1.9042   0.22065   0.21788  -0.2016  0.0242  0.7459  -6.8541   0.0000   0.2919
  20.600   1.9009   0.22305   0.22031  -0.2042  0.0237  0.7466  -6.8803   0.0000   0.2925
  20.800   1.8960   0.22545   0.22276  -0.2067  0.0233  0.7471  -6.8962   0.0000   0.2933
  21.000   1.8930   0.22746   0.22481  -0.2087  0.0228  0.7477  -6.9262   0.0000   0.2937
  21.200   1.8903   0.22938   0.22677  -0.2107  0.0224  0.7482  -6.9577   0.0000   0.2940
  21.400   1.8856   0.23167   0.22910  -0.2131  0.0219  0.7487  -6.9733   0.0000   0.2947
  21.600   1.8811   0.23389   0.23136  -0.2155  0.0214  0.7493  -6.9902   0.0000   0.2953
  21.800   1.8775   0.23595   0.23345  -0.2178  0.0210  0.7498  -7.0126   0.0000   0.2959
  22.000   1.8731   0.23818   0.23572  -0.2203  0.0206  0.7504  -7.0277   0.0000   0.2966
  22.200   1.8701   0.24015   0.23773  -0.2225  0.0202  0.7510  -7.0531   0.0000   0.2970
  22.400   1.8683   0.24194   0.23955  -0.2245  0.0197  0.7516  -7.0865   0.0000   0.2973
  22.600   1.8663   0.24380   0.24145  -0.2266  0.0193  0.7522  -7.1172   0.0000   0.2977
  22.800   1.8613   0.24626   0.24395  -0.2296  0.0188  0.7528  -7.1226   0.0000   0.2986
  23.000   1.8585   0.24833   0.24604  -0.2320  0.0184  0.7534  -7.1450   0.0000   0.2992
  23.200   1.8565   0.25022   0.24796  -0.2343  0.0180  0.7540  -7.1783   0.0000   0.2997
  23.400   1.8535   0.25234   0.25012  -0.2369  0.0177  0.7547  -7.2010   0.0000   0.3003
  23.600   1.8519   0.25423   0.25204  -0.2393  0.0173  0.7555  -7.2347   0.0000   0.3007
  23.800   1.8509   0.25599   0.25383  -0.2415  0.0169  0.7563  -7.2736   0.0000   0.3011
  24.000   1.8490   0.25797   0.25584  -0.2441  0.0166  0.7571  -7.3033   0.0000   0.3016
  24.200   1.8454   0.26037   0.25828  -0.2472  0.0162  0.7580  -7.3148   0.0000   0.3025
  24.400   1.8441   0.26236   0.26028  -0.2498  0.0159  0.7591  -7.3457   0.0000   0.3031
  24.600   1.8443   0.26419   0.26214  -0.2523  0.0156  0.7604  -7.3885   0.0000   0.3034
  24.800   1.8432   0.26635   0.26434  -0.2553  0.0153  0.7617  -7.4164   0.0000   0.3041
  25.000   1.8433   0.26828   0.26630  -0.2580  0.0150  0.7629  -7.4558   0.0000   0.3045


