xflr5 v6.47

 Calculated polar for: NACA24018_theta30_Ku4.5_Kl0.5_d0.31_delta11.03

 1 1 Reynolds number fixed          Mach number fixed         

 xtrf =   1.000 (top)        1.000 (bottom)
 Mach =   0.000     Re =     1.000 e 6     Ncrit =   5.000

  alpha     CL        CD       CDp       Cm    Top Xtr Bot Xtr   Cpmin    Chinge    XCp    
 ------- -------- --------- --------- -------- ------- ------- -------- --------- ---------
 -15.000  -0.3704   0.05274   0.04862  -0.1330  0.8054  0.0448  -4.1720   0.0000  -0.1511
 -14.800  -0.3415   0.05298   0.04888  -0.1350  0.8051  0.0457  -4.0283   0.0000  -0.1893
 -14.600  -0.3134   0.05330   0.04921  -0.1368  0.8051  0.0466  -3.8884   0.0000  -0.2329
 -14.400  -0.2861   0.05365   0.04956  -0.1383  0.8051  0.0475  -3.7524   0.0000  -0.2827
 -14.200  -0.2594   0.05402   0.04993  -0.1397  0.8051  0.0483  -3.6196   0.0000  -0.3413
 -14.000  -0.2316   0.05433   0.05023  -0.1413  0.8043  0.0491  -3.4854   0.0000  -0.4168
 -13.800  -0.2009   0.05469   0.05061  -0.1433  0.8037  0.0503  -3.3444   0.0000  -0.5265
 -13.600  -0.1712   0.05506   0.05099  -0.1451  0.8031  0.0516  -3.2103   0.0000  -0.6691
 -13.400  -0.1401   0.05532   0.05125  -0.1470  0.8023  0.0530  -3.0774   0.0000  -0.8836
 -13.200  -0.1074   0.05552   0.05144  -0.1490  0.8015  0.0541  -2.9474   0.0000  -1.2429
 -13.000  -0.0719   0.05576   0.05170  -0.1515  0.8008  0.0557  -2.8133   0.0000  -2.0094
 -12.800  -0.0369   0.05594   0.05189  -0.1538  0.8003  0.0574  -2.6822   0.0000  -4.2053
 -12.600  -0.0003   0.05601   0.05195  -0.1562  0.7997  0.0590  -2.5497   0.0000  -495.6308
 -12.400   0.0289   0.05618   0.05214  -0.1577  0.7959  0.0608  -2.4364   0.0000   6.0368
 -11.800   0.1540   0.05537   0.05134  -0.1670  0.7899  0.0686  -2.0278   0.0000   1.3888
 -11.600   0.2013   0.05477   0.05073  -0.1707  0.7891  0.0718  -1.8909   0.0000   1.1378
 -11.400   0.2183   0.05577   0.05176  -0.1706  0.7861  0.0739  -1.8167   0.0000   1.0661
 -11.200   0.2429   0.05639   0.05241  -0.1714  0.7841  0.0765  -1.7285   0.0000   0.9852
 -11.000   0.2733   0.05673   0.05276  -0.1729  0.7828  0.0792  -1.6304   0.0000   0.9076
 -10.800   0.3070   0.05700   0.05306  -0.1749  0.7817  0.0832  -1.5275   0.0000   0.8408
  -9.000   0.5089   0.06592   0.06230  -0.1792  0.7272  0.1246  -0.8922   0.0000   0.6082
  -8.800   0.5608   0.06540   0.06180  -0.1834  0.7176  0.1379  -0.8291   0.0000   0.5817
  -8.600   0.6316   0.06392   0.06031  -0.1901  0.7084  0.1586  -0.8903   0.0000   0.5545
  -8.400   0.7375   0.06141   0.05773  -0.2021  0.6894  0.2008  -0.9988   0.0000   0.5267
  -8.200   0.7984   0.06167   0.05756  -0.2082  0.6074  0.2452  -1.0854   0.0000   0.5126
  -8.000   0.8282   0.06413   0.05985  -0.2100  0.5572  0.2821  -1.0793   0.0000   0.5047
  -7.800   0.8748   0.06696   0.06259  -0.2144  0.5154  0.3353  -1.1120   0.0000   0.4956
  -7.600   0.9130   0.06892   0.06447  -0.2173  0.4874  0.3690  -1.1516   0.0000   0.4879
  -7.400   0.9447   0.07036   0.06582  -0.2190  0.4649  0.3906  -1.1885   0.0000   0.4812
  -7.200   0.9718   0.07147   0.06684  -0.2199  0.4444  0.4042  -1.2221   0.0000   0.4752
  -7.000   0.9960   0.07233   0.06762  -0.2203  0.4262  0.4149  -1.2534   0.0000   0.4697
  -6.800   1.0217   0.07325   0.06847  -0.2209  0.4099  0.4257  -1.2863   0.0000   0.4643
  -6.600   1.0448   0.07399   0.06913  -0.2211  0.3963  0.4336  -1.3172   0.0000   0.4594
  -6.400   1.0693   0.07482   0.06989  -0.2215  0.3825  0.4421  -1.3494   0.0000   0.4545
  -6.200   1.0935   0.07558   0.07059  -0.2219  0.3714  0.4502  -1.3815   0.0000   0.4499
  -6.000   1.1165   0.07628   0.07126  -0.2220  0.3620  0.4572  -1.4129   0.0000   0.4455
  -5.800   1.1406   0.07704   0.07198  -0.2224  0.3539  0.4660  -1.4454   0.0000   0.4412
  -5.400   1.1863   0.07841   0.07329  -0.2226  0.3397  0.4809  -1.5100   0.0000   0.4331
  -5.200   1.2080   0.07901   0.07385  -0.2225  0.3327  0.4854  -1.5438   0.0000   0.4294
  -5.000   1.2299   0.07965   0.07443  -0.2225  0.3258  0.4889  -1.5779   0.0000   0.4257
  -4.800   1.2488   0.08007   0.07484  -0.2219  0.3203  0.4920  -1.6095   0.0000   0.4222
  -4.600   1.2672   0.08047   0.07521  -0.2213  0.3143  0.4948  -1.6406   0.0000   0.4189
  -4.200   1.3060   0.08140   0.07609  -0.2204  0.3044  0.5013  -1.7067   0.0000   0.4123
  -4.000   1.3263   0.08192   0.07660  -0.2201  0.2999  0.5046  -1.7418   0.0000   0.4092
  -3.800   1.3466   0.08247   0.07711  -0.2198  0.2954  0.5074  -1.7770   0.0000   0.4062
  -3.400   1.3827   0.08324   0.07786  -0.2185  0.2875  0.5128  -1.8432   0.0000   0.4003
  -3.200   1.4006   0.08361   0.07822  -0.2178  0.2836  0.5159  -1.8763   0.0000   0.3975
  -3.000   1.4188   0.08403   0.07862  -0.2172  0.2795  0.5189  -1.9100   0.0000   0.3947
  -2.800   1.4373   0.08449   0.07906  -0.2166  0.2755  0.5217  -1.9441   0.0000   0.3920
  -2.600   1.4565   0.08498   0.07953  -0.2161  0.2724  0.5245  -1.9815   0.0000   0.3894
  -2.400   1.4764   0.08551   0.08006  -0.2157  0.2695  0.5270  -2.0207   0.0000   0.3868
  -2.200   1.4941   0.08591   0.08045  -0.2150  0.2661  0.5294  -2.0578   0.0000   0.3843
  -2.000   1.5100   0.08620   0.08073  -0.2141  0.2623  0.5320  -2.0928   0.0000   0.3819
  -1.800   1.5261   0.08654   0.08106  -0.2131  0.2581  0.5348  -2.1283   0.0000   0.3794
  -1.600   1.5433   0.08692   0.08144  -0.2123  0.2550  0.5377  -2.1651   0.0000   0.3771
  -1.400   1.5612   0.08736   0.08188  -0.2117  0.2520  0.5405  -2.2029   0.0000   0.3747
  -1.200   1.5795   0.08785   0.08236  -0.2111  0.2487  0.5432  -2.2427   0.0000   0.3725
  -1.000   1.5985   0.08842   0.08291  -0.2106  0.2454  0.5457  -2.2841   0.0000   0.3702
  -0.800   1.6165   0.08896   0.08343  -0.2100  0.2421  0.5479  -2.3244   0.0000   0.3681
  -0.600   1.6304   0.08921   0.08369  -0.2087  0.2394  0.5501  -2.3597   0.0000   0.3659
  -0.400   1.6449   0.08950   0.08400  -0.2075  0.2370  0.5526  -2.3959   0.0000   0.3637
  -0.200   1.6599   0.08985   0.08436  -0.2064  0.2339  0.5552  -2.4329   0.0000   0.3616
   0.000   1.6755   0.09027   0.08478  -0.2055  0.2307  0.5578  -2.4727   0.0000   0.3595
   0.200   1.6917   0.09076   0.08526  -0.2046  0.2276  0.5604  -2.5152   0.0000   0.3575
   0.400   1.7086   0.09131   0.08579  -0.2038  0.2242  0.5629  -2.5587   0.0000   0.3555
   0.600   1.7267   0.09189   0.08638  -0.2032  0.2216  0.5653  -2.6042   0.0000   0.3536
   0.800   1.7432   0.09239   0.08687  -0.2024  0.2182  0.5675  -2.6478   0.0000   0.3516
   1.000   1.7557   0.09262   0.08711  -0.2010  0.2151  0.5696  -2.6857   0.0000   0.3497
   1.200   1.7683   0.09289   0.08739  -0.1996  0.2121  0.5717  -2.7268   0.0000   0.3477
   1.400   1.7814   0.09322   0.08772  -0.1983  0.2093  0.5739  -2.7695   0.0000   0.3458
   1.600   1.7958   0.09357   0.08808  -0.1972  0.2072  0.5761  -2.8143   0.0000   0.3440
   1.800   1.8106   0.09398   0.08850  -0.1961  0.2045  0.5783  -2.8600   0.0000   0.3421
   2.000   1.8260   0.09448   0.08901  -0.1952  0.2011  0.5807  -2.9069   0.0000   0.3404
   2.200   1.8420   0.09509   0.08960  -0.1944  0.1976  0.5831  -2.9550   0.0000   0.3386
   2.400   1.8595   0.09582   0.09032  -0.1938  0.1944  0.5857  -3.0089   0.0000   0.3369
   2.600   1.8723   0.09613   0.09065  -0.1924  0.1923  0.5876  -3.0578   0.0000   0.3352
   2.800   1.8832   0.09636   0.09090  -0.1909  0.1899  0.5893  -3.1039   0.0000   0.3334
   3.000   1.8941   0.09667   0.09122  -0.1893  0.1868  0.5909  -3.1501   0.0000   0.3316
   3.200   1.9044   0.09710   0.09166  -0.1878  0.1833  0.5925  -3.1957   0.0000   0.3299
   3.400   1.9151   0.09759   0.09214  -0.1862  0.1802  0.5942  -3.2421   0.0000   0.3281
   3.600   1.9271   0.09806   0.09264  -0.1849  0.1776  0.5960  -3.2935   0.0000   0.3265
   3.800   1.9397   0.09860   0.09319  -0.1837  0.1747  0.5981  -3.3518   0.0000   0.3248
   4.000   1.9531   0.09926   0.09385  -0.1826  0.1715  0.6005  -3.4122   0.0000   0.3232
   4.200   1.9676   0.10009   0.09466  -0.1817  0.1678  0.6032  -3.4751   0.0000   0.3217
   4.400   1.9847   0.10094   0.09552  -0.1812  0.1648  0.6057  -3.5459   0.0000   0.3202
   4.600   1.9932   0.10124   0.09584  -0.1794  0.1617  0.6070  -3.6028   0.0000   0.3185
   4.800   2.0014   0.10162   0.09623  -0.1777  0.1584  0.6081  -3.6595   0.0000   0.3169
   5.000   2.0091   0.10209   0.09669  -0.1759  0.1551  0.6092  -3.7155   0.0000   0.3153
   5.200   2.0172   0.10256   0.09720  -0.1742  0.1528  0.6105  -3.7726   0.0000   0.3136
   5.400   2.0250   0.10309   0.09776  -0.1725  0.1502  0.6119  -3.8307   0.0000   0.3120
   5.600   2.0329   0.10367   0.09835  -0.1708  0.1471  0.6133  -3.8943   0.0000   0.3105
   5.800   2.0407   0.10437   0.09904  -0.1693  0.1436  0.6150  -3.9585   0.0000   0.3089
   6.000   2.0505   0.10504   0.09973  -0.1679  0.1406  0.6167  -4.0276   0.0000   0.3074
   6.200   2.0609   0.10578   0.10049  -0.1666  0.1371  0.6186  -4.0987   0.0000   0.3060
   6.400   2.0708   0.10674   0.10143  -0.1655  0.1333  0.6207  -4.1696   0.0000   0.3045
   6.600   2.0823   0.10796   0.10265  -0.1646  0.1299  0.6231  -4.2453   0.0000   0.3032
   6.800   2.0943   0.10908   0.10380  -0.1637  0.1264  0.6252  -4.3278   0.0000   0.3018
   7.000   2.0988   0.10976   0.10449  -0.1619  0.1232  0.6260  -4.3916   0.0000   0.3003
   7.200   2.1024   0.11048   0.10521  -0.1600  0.1202  0.6269  -4.4533   0.0000   0.2988
   7.400   2.1072   0.11112   0.10589  -0.1582  0.1178  0.6278  -4.5182   0.0000   0.2974
   7.600   2.1104   0.11196   0.10675  -0.1564  0.1151  0.6286  -4.5797   0.0000   0.2959
   7.800   2.1134   0.11284   0.10765  -0.1547  0.1121  0.6295  -4.6407   0.0000   0.2945
   8.000   2.1168   0.11373   0.10856  -0.1530  0.1094  0.6303  -4.7028   0.0000   0.2930
   8.200   2.1208   0.11466   0.10953  -0.1514  0.1069  0.6313  -4.7670   0.0000   0.2917
   8.400   2.1239   0.11575   0.11064  -0.1499  0.1038  0.6322  -4.8348   0.0000   0.2903
   8.600   2.1262   0.11693   0.11183  -0.1485  0.1007  0.6332  -4.9015   0.0000   0.2890
   8.800   2.1296   0.11810   0.11303  -0.1471  0.0982  0.6344  -4.9713   0.0000   0.2877
   9.000   2.1328   0.11932   0.11428  -0.1459  0.0952  0.6356  -5.0412   0.0000   0.2865
   9.200   2.1343   0.12081   0.11579  -0.1447  0.0922  0.6370  -5.1059   0.0000   0.2853
   9.400   2.1383   0.12224   0.11724  -0.1438  0.0897  0.6389  -5.1787   0.0000   0.2841
   9.600   2.1454   0.12410   0.11913  -0.1435  0.0866  0.6420  -5.2630   0.0000   0.2832
   9.800   2.1504   0.12608   0.12111  -0.1431  0.0835  0.6445  -5.3405   0.0000   0.2822
  10.000   2.1495   0.12740   0.12247  -0.1419  0.0815  0.6451  -5.3970   0.0000   0.2811
  10.200   2.1484   0.12875   0.12388  -0.1408  0.0793  0.6456  -5.4530   0.0000   0.2800
  10.400   2.1461   0.13028   0.12544  -0.1398  0.0768  0.6460  -5.5045   0.0000   0.2790
  10.600   2.1426   0.13196   0.12715  -0.1390  0.0747  0.6465  -5.5519   0.0000   0.2780
  10.800   2.1411   0.13343   0.12867  -0.1382  0.0726  0.6470  -5.6055   0.0000   0.2771
  11.000   2.1378   0.13512   0.13041  -0.1375  0.0703  0.6474  -5.6531   0.0000   0.2762
  11.200   2.1330   0.13703   0.13235  -0.1371  0.0682  0.6479  -5.6946   0.0000   0.2755
  11.400   2.1308   0.13863   0.13400  -0.1366  0.0664  0.6485  -5.7449   0.0000   0.2747
  11.600   2.1274   0.14038   0.13581  -0.1364  0.0645  0.6491  -5.7922   0.0000   0.2740
  11.800   2.1225   0.14234   0.13781  -0.1363  0.0627  0.6497  -5.8338   0.0000   0.2734
  12.000   2.1177   0.14430   0.13982  -0.1364  0.0610  0.6504  -5.8750   0.0000   0.2728
  12.200   2.1145   0.14610   0.14167  -0.1364  0.0595  0.6511  -5.9228   0.0000   0.2723
  12.400   2.1096   0.14813   0.14376  -0.1368  0.0578  0.6518  -5.9645   0.0000   0.2718
  12.600   2.1038   0.15032   0.14601  -0.1374  0.0561  0.6525  -6.0014   0.0000   0.2715
  12.800   2.0987   0.15245   0.14819  -0.1380  0.0547  0.6533  -6.0409   0.0000   0.2712
  13.000   2.0946   0.15454   0.15033  -0.1388  0.0533  0.6541  -6.0833   0.0000   0.2710
  13.200   2.0893   0.15682   0.15267  -0.1398  0.0519  0.6550  -6.1202   0.0000   0.2708
  13.400   2.0834   0.15925   0.15516  -0.1411  0.0505  0.6561  -6.1538   0.0000   0.2708
  13.600   2.0787   0.16168   0.15764  -0.1425  0.0493  0.6575  -6.1948   0.0000   0.2708
  13.800   2.0773   0.16421   0.16023  -0.1443  0.0480  0.6598  -6.2493   0.0000   0.2709
  14.000   2.0786   0.16735   0.16342  -0.1470  0.0464  0.6634  -6.3142   0.0000   0.2713
  14.200   2.0703   0.16975   0.16588  -0.1485  0.0453  0.6638  -6.3368   0.0000   0.2714
  14.400   2.0620   0.17214   0.16833  -0.1501  0.0443  0.6641  -6.3586   0.0000   0.2716
  14.600   2.0547   0.17442   0.17068  -0.1516  0.0434  0.6645  -6.3839   0.0000   0.2718
  14.800   2.0472   0.17672   0.17304  -0.1532  0.0424  0.6648  -6.4076   0.0000   0.2720
  15.000   2.0396   0.17906   0.17544  -0.1550  0.0414  0.6652  -6.4296   0.0000   0.2723
  15.200   2.0302   0.18169   0.17814  -0.1571  0.0404  0.6655  -6.4411   0.0000   0.2728
  15.400   2.0215   0.18425   0.18075  -0.1592  0.0396  0.6658  -6.4549   0.0000   0.2733
  15.600   2.0154   0.18642   0.18298  -0.1610  0.0387  0.6662  -6.4821   0.0000   0.2735
  15.800   2.0080   0.18882   0.18545  -0.1630  0.0378  0.6666  -6.5007   0.0000   0.2739
  16.000   2.0014   0.19112   0.18779  -0.1650  0.0369  0.6670  -6.5230   0.0000   0.2743
  16.200   1.9925   0.19377   0.19050  -0.1675  0.0360  0.6673  -6.5314   0.0000   0.2750
  16.400   1.9860   0.19607   0.19284  -0.1696  0.0352  0.6677  -6.5522   0.0000   0.2754
  16.600   1.9795   0.19838   0.19522  -0.1718  0.0344  0.6681  -6.5717   0.0000   0.2759
  16.800   1.9745   0.20045   0.19733  -0.1737  0.0336  0.6686  -6.5997   0.0000   0.2762
  17.000   1.9675   0.20286   0.19979  -0.1761  0.0328  0.6690  -6.6144   0.0000   0.2768
  17.200   1.9613   0.20516   0.20213  -0.1785  0.0320  0.6695  -6.6325   0.0000   0.2773
  17.400   1.9551   0.20745   0.20447  -0.1808  0.0312  0.6700  -6.6503   0.0000   0.2779
  17.600   1.9505   0.20951   0.20658  -0.1829  0.0305  0.6706  -6.6767   0.0000   0.2782
  17.800   1.9468   0.21143   0.20854  -0.1849  0.0297  0.6712  -6.7083   0.0000   0.2785
  18.000   1.9410   0.21372   0.21089  -0.1874  0.0290  0.6719  -6.7248   0.0000   0.2791
  18.200   1.9359   0.21592   0.21312  -0.1898  0.0282  0.6726  -6.7454   0.0000   0.2796
  18.400   1.9322   0.21793   0.21516  -0.1921  0.0276  0.6735  -6.7740   0.0000   0.2800
  18.600   1.9280   0.22008   0.21737  -0.1945  0.0270  0.6746  -6.7971   0.0000   0.2805
  18.800   1.9260   0.22200   0.21932  -0.1968  0.0263  0.6761  -6.8342   0.0000   0.2808
  19.000   1.9310   0.22498   0.22232  -0.2008  0.0254  0.6820  -6.8991   0.0000   0.2816
  19.200   1.9242   0.22722   0.22461  -0.2035  0.0248  0.6823  -6.9048   0.0000   0.2823
  19.400   1.9203   0.22895   0.22637  -0.2055  0.0243  0.6826  -6.9312   0.0000   0.2826
  19.600   1.9174   0.23054   0.22801  -0.2073  0.0237  0.6829  -6.9632   0.0000   0.2828
  19.800   1.9123   0.23251   0.23002  -0.2097  0.0231  0.6832  -6.9786   0.0000   0.2833
  20.000   1.9084   0.23425   0.23179  -0.2118  0.0225  0.6835  -7.0025   0.0000   0.2836
  20.200   1.9043   0.23604   0.23361  -0.2141  0.0219  0.6838  -7.0239   0.0000   0.2840
  20.400   1.8988   0.23809   0.23570  -0.2167  0.0214  0.6841  -7.0322   0.0000   0.2847
  20.600   1.8963   0.23957   0.23722  -0.2185  0.0209  0.6844  -7.0648   0.0000   0.2848
  20.800   1.8938   0.24104   0.23872  -0.2203  0.0204  0.6847  -7.0972   0.0000   0.2849
  21.000   1.8906   0.24266   0.24038  -0.2224  0.0199  0.6851  -7.1220   0.0000   0.2852


