xflr5 v6.47

 Calculated polar for: NACA24018_theta30_Ku4.5_Kl0.5_d0.28_delta9.02

 1 1 Reynolds number fixed          Mach number fixed         

 xtrf =   1.000 (top)        1.000 (bottom)
 Mach =   0.000     Re =     1.600 e 6     Ncrit =   5.000

  alpha     CL        CD       CDp       Cm    Top Xtr Bot Xtr   Cpmin    Chinge    XCp    
 ------- -------- --------- --------- -------- ------- ------- -------- --------- ---------
 -15.000  -0.4887   0.04034   0.03624  -0.1347  0.8264  0.0372  -4.6572   0.0000  -0.0606
 -14.800  -0.4609   0.04043   0.03635  -0.1364  0.8265  0.0379  -4.5153   0.0000  -0.0820
 -14.600  -0.4332   0.04057   0.03649  -0.1380  0.8265  0.0387  -4.3761   0.0000  -0.1059
 -14.400  -0.4057   0.04073   0.03666  -0.1396  0.8265  0.0394  -4.2389   0.0000  -0.1326
 -14.200  -0.3786   0.04092   0.03686  -0.1410  0.8265  0.0401  -4.1042   0.0000  -0.1625
 -14.000  -0.3519   0.04113   0.03707  -0.1423  0.8265  0.0408  -3.9722   0.0000  -0.1961
 -13.800  -0.3255   0.04135   0.03730  -0.1435  0.8264  0.0414  -3.8423   0.0000  -0.2348
 -13.600  -0.2972   0.04160   0.03756  -0.1451  0.8264  0.0424  -3.7089   0.0000  -0.2848
 -13.400  -0.2686   0.04184   0.03782  -0.1466  0.8263  0.0435  -3.5759   0.0000  -0.3460
 -13.200  -0.2385   0.04199   0.03798  -0.1483  0.8259  0.0446  -3.4403   0.0000  -0.4264
 -13.000  -0.2062   0.04201   0.03800  -0.1503  0.8254  0.0457  -3.3006   0.0000  -0.5397
 -12.800  -0.1691   0.04191   0.03791  -0.1530  0.8247  0.0470  -3.1505   0.0000  -0.7265
 -12.600  -0.1284   0.04163   0.03764  -0.1562  0.8241  0.0485  -2.9933   0.0000  -1.0577
 -12.400  -0.0831   0.04106   0.03707  -0.1599  0.8234  0.0500  -2.8275   0.0000  -1.8099
  -9.400   0.3024   0.04771   0.04404  -0.1734  0.7692  0.0809  -1.3891   0.0000   0.8434
  -9.200   0.3572   0.04667   0.04300  -0.1783  0.7566  0.0865  -1.2597   0.0000   0.7649
  -9.000   0.4356   0.04433   0.04062  -0.1866  0.7485  0.0953  -1.1005   0.0000   0.6907
  -8.800   0.5144   0.04164   0.03739  -0.1952  0.6631  0.1056  -0.9678   0.0000   0.6393
  -8.600   0.5242   0.04294   0.03850  -0.1936  0.6149  0.1100  -0.9445   0.0000   0.6282
  -8.200   0.5664   0.04451   0.03982  -0.1937  0.5505  0.1228  -0.9328   0.0000   0.5991
  -8.000   0.5910   0.04515   0.04036  -0.1944  0.5237  0.1312  -0.9327   0.0000   0.5851
  -7.800   0.6175   0.04576   0.04090  -0.1953  0.5015  0.1410  -0.9356   0.0000   0.5716
  -7.600   0.6461   0.04641   0.04149  -0.1966  0.4805  0.1540  -0.9406   0.0000   0.5588
  -7.400   0.6767   0.04712   0.04215  -0.1982  0.4593  0.1706  -0.9671   0.0000   0.5468
  -7.200   0.7099   0.04792   0.04292  -0.2002  0.4395  0.1925  -1.0007   0.0000   0.5353
  -7.000   0.7445   0.04877   0.04376  -0.2025  0.4237  0.2183  -1.0355   0.0000   0.5246
  -6.800   0.7929   0.05020   0.04524  -0.2072  0.4067  0.2731  -1.0808   0.0000   0.5133
  -6.600   0.8424   0.05173   0.04682  -0.2121  0.3896  0.3302  -1.1277   0.0000   0.5031
  -6.400   0.8814   0.05285   0.04794  -0.2151  0.3755  0.3644  -1.1687   0.0000   0.4948
  -6.200   0.9166   0.05382   0.04889  -0.2173  0.3641  0.3907  -1.2071   0.0000   0.4874
  -5.800   0.9715   0.05508   0.05010  -0.2191  0.3462  0.4157  -1.2739   0.0000   0.4750
  -5.600   0.9995   0.05576   0.05073  -0.2201  0.3365  0.4294  -1.3088   0.0000   0.4693
  -5.400   1.0265   0.05638   0.05135  -0.2209  0.3299  0.4387  -1.3430   0.0000   0.4639
  -5.200   1.0510   0.05690   0.05184  -0.2212  0.3237  0.4474  -1.3754   0.0000   0.4588
  -5.000   1.0789   0.05759   0.05250  -0.2222  0.3170  0.4580  -1.4119   0.0000   0.4539
  -4.800   1.1078   0.05834   0.05325  -0.2233  0.3120  0.4728  -1.4502   0.0000   0.4491
  -4.600   1.1341   0.05897   0.05386  -0.2239  0.3060  0.4841  -1.4864   0.0000   0.4447
  -4.400   1.1560   0.05939   0.05424  -0.2238  0.3003  0.4886  -1.5188   0.0000   0.4405
  -4.200   1.1791   0.05987   0.05472  -0.2239  0.2972  0.4929  -1.5525   0.0000   0.4365
  -4.000   1.2013   0.06030   0.05514  -0.2239  0.2936  0.4970  -1.5855   0.0000   0.4326
  -3.800   1.2225   0.06069   0.05551  -0.2237  0.2893  0.5006  -1.6178   0.0000   0.4288
  -3.600   1.2430   0.06106   0.05583  -0.2233  0.2843  0.5039  -1.6501   0.0000   0.4252
  -3.400   1.2642   0.06145   0.05621  -0.2231  0.2809  0.5071  -1.6841   0.0000   0.4217
  -3.200   1.2864   0.06191   0.05667  -0.2230  0.2773  0.5109  -1.7197   0.0000   0.4183
  -3.000   1.3076   0.06232   0.05707  -0.2228  0.2733  0.5144  -1.7559   0.0000   0.4150
  -2.800   1.3282   0.06272   0.05743  -0.2225  0.2688  0.5177  -1.7915   0.0000   0.4118
  -2.600   1.3487   0.06310   0.05780  -0.2221  0.2653  0.5210  -1.8272   0.0000   0.4087
  -2.400   1.3688   0.06347   0.05816  -0.2217  0.2629  0.5239  -1.8631   0.0000   0.4057
  -2.200   1.3897   0.06389   0.05858  -0.2214  0.2598  0.5274  -1.9013   0.0000   0.4027
  -2.000   1.4103   0.06431   0.05898  -0.2211  0.2561  0.5309  -1.9394   0.0000   0.3999
  -1.800   1.4302   0.06470   0.05935  -0.2207  0.2518  0.5341  -1.9769   0.0000   0.3971
  -1.600   1.4499   0.06508   0.05972  -0.2202  0.2490  0.5372  -2.0144   0.0000   0.3943
  -1.400   1.4695   0.06545   0.06009  -0.2197  0.2467  0.5401  -2.0518   0.0000   0.3916
  -1.200   1.4888   0.06581   0.06045  -0.2191  0.2440  0.5427  -2.0893   0.0000   0.3890
  -1.000   1.5087   0.06623   0.06086  -0.2187  0.2409  0.5462  -2.1275   0.0000   0.3865
  -0.800   1.5282   0.06665   0.06126  -0.2182  0.2371  0.5497  -2.1656   0.0000   0.3840
  -0.600   1.5475   0.06704   0.06164  -0.2176  0.2337  0.5529  -2.2063   0.0000   0.3816
  -0.400   1.5665   0.06743   0.06202  -0.2171  0.2310  0.5559  -2.2476   0.0000   0.3792
  -0.200   1.5852   0.06780   0.06239  -0.2164  0.2277  0.5586  -2.2888   0.0000   0.3768
   0.000   1.6036   0.06819   0.06276  -0.2157  0.2243  0.5609  -2.3297   0.0000   0.3745
   0.200   1.6220   0.06859   0.06314  -0.2151  0.2209  0.5638  -2.3709   0.0000   0.3722
   0.400   1.6409   0.06900   0.06356  -0.2144  0.2185  0.5672  -2.4129   0.0000   0.3700
   0.600   1.6595   0.06941   0.06398  -0.2138  0.2163  0.5705  -2.4548   0.0000   0.3679
   0.800   1.6777   0.06981   0.06438  -0.2131  0.2134  0.5735  -2.4972   0.0000   0.3657
   1.000   1.6953   0.07022   0.06477  -0.2123  0.2098  0.5762  -2.5419   0.0000   0.3636
   1.200   1.7126   0.07063   0.06516  -0.2115  0.2059  0.5785  -2.5863   0.0000   0.3615
   1.400   1.7302   0.07104   0.06557  -0.2107  0.2035  0.5808  -2.6315   0.0000   0.3595
   1.600   1.7476   0.07144   0.06598  -0.2098  0.2014  0.5840  -2.6765   0.0000   0.3575
   1.800   1.7646   0.07185   0.06640  -0.2090  0.1988  0.5870  -2.7213   0.0000   0.3555
   2.000   1.7810   0.07230   0.06685  -0.2080  0.1957  0.5898  -2.7673   0.0000   0.3535
   2.200   1.7968   0.07278   0.06731  -0.2070  0.1921  0.5924  -2.8128   0.0000   0.3516
   2.400   1.8129   0.07326   0.06780  -0.2060  0.1896  0.5949  -2.8589   0.0000   0.3497
   2.600   1.8292   0.07377   0.06831  -0.2050  0.1871  0.5973  -2.9085   0.0000   0.3478
   2.800   1.8453   0.07429   0.06883  -0.2040  0.1839  0.5994  -2.9591   0.0000   0.3459
   3.000   1.8599   0.07476   0.06929  -0.2028  0.1805  0.6021  -3.0074   0.0000   0.3440
   3.200   1.8744   0.07523   0.06976  -0.2016  0.1770  0.6046  -3.0560   0.0000   0.3422
   3.400   1.8896   0.07568   0.07022  -0.2005  0.1749  0.6070  -3.1069   0.0000   0.3404
   3.600   1.9046   0.07615   0.07071  -0.1994  0.1719  0.6096  -3.1608   0.0000   0.3386
   3.800   1.9193   0.07668   0.07122  -0.1982  0.1682  0.6122  -3.2151   0.0000   0.3368
   4.000   1.9338   0.07725   0.07177  -0.1971  0.1644  0.6146  -3.2708   0.0000   0.3351
   4.200   1.9494   0.07779   0.07232  -0.1960  0.1622  0.6167  -3.3295   0.0000   0.3334
   4.400   1.9642   0.07833   0.07286  -0.1949  0.1591  0.6184  -3.3906   0.0000   0.3317
   4.600   1.9767   0.07883   0.07336  -0.1935  0.1555  0.6204  -3.4477   0.0000   0.3300
   4.800   1.9887   0.07938   0.07390  -0.1920  0.1517  0.6224  -3.5044   0.0000   0.3282
   5.000   2.0016   0.07990   0.07444  -0.1906  0.1494  0.6246  -3.5689   0.0000   0.3266
   5.200   2.0134   0.08055   0.07511  -0.1891  0.1462  0.6268  -3.6345   0.0000   0.3249
   5.400   2.0241   0.08132   0.07586  -0.1876  0.1419  0.6291  -3.6984   0.0000   0.3232
   5.600   2.0358   0.08204   0.07658  -0.1861  0.1382  0.6313  -3.7648   0.0000   0.3215
   5.800   2.0480   0.08275   0.07729  -0.1847  0.1346  0.6333  -3.8330   0.0000   0.3199
   6.000   2.0595   0.08352   0.07804  -0.1833  0.1310  0.6350  -3.9022   0.0000   0.3183
   6.200   2.0716   0.08427   0.07879  -0.1820  0.1281  0.6365  -3.9729   0.0000   0.3167
   6.400   2.0825   0.08485   0.07940  -0.1804  0.1260  0.6384  -4.0411   0.0000   0.3151
   6.600   2.0923   0.08549   0.08006  -0.1788  0.1231  0.6403  -4.1111   0.0000   0.3135
   6.800   2.0995   0.08639   0.08095  -0.1769  0.1195  0.6422  -4.1766   0.0000   0.3119
   7.000   2.1076   0.08725   0.08183  -0.1751  0.1165  0.6440  -4.2481   0.0000   0.3103
   7.200   2.1163   0.08809   0.08267  -0.1735  0.1131  0.6458  -4.3225   0.0000   0.3087
   7.400   2.1240   0.08903   0.08361  -0.1717  0.1094  0.6474  -4.3949   0.0000   0.3072
   7.600   2.1330   0.08990   0.08449  -0.1702  0.1064  0.6491  -4.4707   0.0000   0.3057
   7.800   2.1414   0.09088   0.08547  -0.1686  0.1032  0.6509  -4.5459   0.0000   0.3041
   8.000   2.1471   0.09218   0.08677  -0.1668  0.0995  0.6526  -4.6163   0.0000   0.3026
   8.200   2.1556   0.09331   0.08791  -0.1654  0.0966  0.6543  -4.6950   0.0000   0.3012
   8.400   2.1631   0.09442   0.08903  -0.1638  0.0932  0.6557  -4.7739   0.0000   0.2997
   8.600   2.1667   0.09552   0.09013  -0.1619  0.0901  0.6571  -4.8418   0.0000   0.2982
   8.800   2.1709   0.09664   0.09128  -0.1600  0.0880  0.6585  -4.9138   0.0000   0.2967
   9.000   2.1752   0.09776   0.09243  -0.1583  0.0853  0.6598  -4.9865   0.0000   0.2952
   9.200   2.1783   0.09900   0.09368  -0.1564  0.0824  0.6610  -5.0560   0.0000   0.2938
   9.400   2.1812   0.10033   0.09504  -0.1547  0.0801  0.6625  -5.1252   0.0000   0.2924
   9.600   2.1844   0.10164   0.09637  -0.1530  0.0774  0.6640  -5.1968   0.0000   0.2910
   9.800   2.1854   0.10323   0.09797  -0.1514  0.0745  0.6655  -5.2653   0.0000   0.2897
  10.000   2.1887   0.10467   0.09945  -0.1499  0.0723  0.6671  -5.3410   0.0000   0.2884
  10.200   2.1908   0.10630   0.10110  -0.1485  0.0698  0.6686  -5.4136   0.0000   0.2871
  10.400   2.1915   0.10813   0.10294  -0.1472  0.0673  0.6699  -5.4813   0.0000   0.2859
  10.600   2.1942   0.10980   0.10465  -0.1461  0.0653  0.6712  -5.5560   0.0000   0.2847
  10.800   2.1957   0.11162   0.10650  -0.1450  0.0630  0.6724  -5.6267   0.0000   0.2836
  11.000   2.1957   0.11361   0.10851  -0.1440  0.0608  0.6734  -5.6923   0.0000   0.2825
  11.200   2.1959   0.11535   0.11030  -0.1429  0.0591  0.6745  -5.7577   0.0000   0.2815
  11.400   2.1942   0.11709   0.11208  -0.1418  0.0574  0.6757  -5.8166   0.0000   0.2804
  11.600   2.1916   0.11896   0.11399  -0.1408  0.0556  0.6768  -5.8719   0.0000   0.2794
  11.800   2.1887   0.12090   0.11598  -0.1400  0.0542  0.6778  -5.9256   0.0000   0.2785
  12.000   2.1866   0.12277   0.11789  -0.1393  0.0527  0.6788  -5.9821   0.0000   0.2776
  12.200   2.1837   0.12474   0.11990  -0.1387  0.0511  0.6798  -6.0356   0.0000   0.2768
  12.400   2.1791   0.12697   0.12218  -0.1383  0.0495  0.6807  -6.0818   0.0000   0.2760
  12.600   2.1757   0.12909   0.12435  -0.1380  0.0481  0.6817  -6.1325   0.0000   0.2754
  12.800   2.1722   0.13125   0.12656  -0.1379  0.0467  0.6827  -6.1821   0.0000   0.2747
  13.000   2.1676   0.13358   0.12894  -0.1380  0.0452  0.6836  -6.2269   0.0000   0.2742
  13.200   2.1628   0.13600   0.13141  -0.1383  0.0439  0.6847  -6.2702   0.0000   0.2738
  13.400   2.1596   0.13829   0.13375  -0.1387  0.0428  0.6858  -6.3189   0.0000   0.2734
  13.600   2.1555   0.14071   0.13623  -0.1393  0.0417  0.6869  -6.3637   0.0000   0.2730
  13.800   2.1506   0.14326   0.13883  -0.1401  0.0406  0.6881  -6.4043   0.0000   0.2728
  14.000   2.1452   0.14593   0.14156  -0.1411  0.0395  0.6892  -6.4419   0.0000   0.2727
  14.200   2.1424   0.14835   0.14402  -0.1421  0.0387  0.6905  -6.4894   0.0000   0.2725
  14.400   2.1382   0.15099   0.14673  -0.1434  0.0378  0.6916  -6.5306   0.0000   0.2725
  14.600   2.1322   0.15367   0.14947  -0.1447  0.0369  0.6924  -6.5630   0.0000   0.2725
  14.800   2.1241   0.15632   0.15218  -0.1459  0.0361  0.6931  -6.5859   0.0000   0.2726
  15.000   2.1156   0.15904   0.15496  -0.1474  0.0353  0.6938  -6.6063   0.0000   0.2727
  15.200   2.1094   0.16147   0.15745  -0.1487  0.0347  0.6945  -6.6355   0.0000   0.2728
  15.400   2.1018   0.16411   0.16016  -0.1502  0.0340  0.6951  -6.6576   0.0000   0.2730
  15.600   2.0939   0.16681   0.16293  -0.1519  0.0333  0.6957  -6.6779   0.0000   0.2733
  15.800   2.0861   0.16950   0.16568  -0.1537  0.0326  0.6964  -6.7001   0.0000   0.2736
  16.000   2.0774   0.17234   0.16858  -0.1557  0.0319  0.6970  -6.7168   0.0000   0.2740
  16.200   2.0678   0.17532   0.17163  -0.1580  0.0313  0.6976  -6.7278   0.0000   0.2746
  16.400   2.0611   0.17789   0.17426  -0.1598  0.0308  0.6984  -6.7523   0.0000   0.2749
  16.600   2.0544   0.18047   0.17690  -0.1618  0.0302  0.6992  -6.7758   0.0000   0.2753
  16.800   2.0461   0.18331   0.17981  -0.1641  0.0296  0.7000  -6.7899   0.0000   0.2759
  17.000   2.0397   0.18591   0.18245  -0.1663  0.0290  0.7009  -6.8132   0.0000   0.2763
  17.200   2.0308   0.18893   0.18553  -0.1689  0.0284  0.7018  -6.8214   0.0000   0.2771
  17.600   2.0180   0.19432   0.19103  -0.1737  0.0273  0.7038  -6.8612   0.0000   0.2783
  17.800   2.0137   0.19674   0.19350  -0.1759  0.0268  0.7048  -6.8918   0.0000   0.2787
  18.000   2.0072   0.19954   0.19635  -0.1786  0.0262  0.7058  -6.9079   0.0000   0.2794
  18.200   2.0030   0.20201   0.19887  -0.1810  0.0256  0.7068  -6.9369   0.0000   0.2799
  18.400   1.9956   0.20504   0.20195  -0.1841  0.0250  0.7078  -6.9450   0.0000   0.2808
  18.600   1.9918   0.20753   0.20448  -0.1866  0.0245  0.7087  -6.9741   0.0000   0.2814
  18.800   1.9872   0.21019   0.20719  -0.1894  0.0240  0.7096  -6.9962   0.0000   0.2820
  19.000   1.9834   0.21243   0.20946  -0.1916  0.0235  0.7104  -7.0252   0.0000   0.2825
  19.200   1.9788   0.21450   0.21158  -0.1937  0.0229  0.7110  -7.0505   0.0000   0.2828
  19.400   1.9709   0.21714   0.21427  -0.1965  0.0225  0.7116  -7.0541   0.0000   0.2837
  19.600   1.9660   0.21926   0.21643  -0.1986  0.0219  0.7123  -7.0793   0.0000   0.2841
  19.800   1.9592   0.22170   0.21891  -0.2012  0.0215  0.7129  -7.0909   0.0000   0.2849
  20.000   1.9552   0.22366   0.22092  -0.2033  0.0211  0.7135  -7.1208   0.0000   0.2852
  20.200   1.9521   0.22547   0.22276  -0.2052  0.0207  0.7141  -7.1564   0.0000   0.2855
  20.400   1.9470   0.22766   0.22500  -0.2076  0.0202  0.7147  -7.1762   0.0000   0.2860
  20.600   1.9420   0.22983   0.22721  -0.2100  0.0198  0.7153  -7.1962   0.0000   0.2866
  20.800   1.9382   0.23180   0.22921  -0.2123  0.0193  0.7159  -7.2244   0.0000   0.2870
  21.000   1.9326   0.23412   0.23157  -0.2150  0.0189  0.7165  -7.2373   0.0000   0.2878
  21.200   1.9292   0.23607   0.23356  -0.2173  0.0186  0.7172  -7.2661   0.0000   0.2882
  21.400   1.9272   0.23778   0.23531  -0.2193  0.0182  0.7179  -7.3057   0.0000   0.2884
  21.600   1.9249   0.23956   0.23712  -0.2214  0.0178  0.7187  -7.3437   0.0000   0.2887
  21.800   1.9197   0.24189   0.23950  -0.2243  0.0174  0.7194  -7.3566   0.0000   0.2895
  22.000   1.9168   0.24378   0.24142  -0.2266  0.0170  0.7203  -7.3887   0.0000   0.2899
  22.200   1.9140   0.24570   0.24336  -0.2290  0.0166  0.7212  -7.4198   0.0000   0.2904
  22.400   1.9091   0.24804   0.24574  -0.2321  0.0163  0.7220  -7.4312   0.0000   0.2912
  22.600   1.9077   0.24978   0.24751  -0.2343  0.0159  0.7231  -7.4717   0.0000   0.2915
  22.800   1.9067   0.25149   0.24925  -0.2365  0.0155  0.7243  -7.5148   0.0000   0.2917
  23.000   1.9039   0.25362   0.25142  -0.2394  0.0151  0.7255  -7.5395   0.0000   0.2924
  23.200   1.9010   0.25588   0.25371  -0.2425  0.0147  0.7268  -7.5608   0.0000   0.2931
  23.400   1.8988   0.25774   0.25558  -0.2451  0.0144  0.7277  -7.5924   0.0000   0.2936
  23.600   1.8955   0.25942   0.25729  -0.2473  0.0141  0.7282  -7.6177   0.0000   0.2939
  23.800   1.8911   0.26131   0.25923  -0.2499  0.0139  0.7287  -7.6312   0.0000   0.2945
  24.000   1.8891   0.26282   0.26078  -0.2518  0.0136  0.7292  -7.6670   0.0000   0.2947


