xflr5 v6.47

 Calculated polar for: NACA24018_theta30_Ku4.5_Kl0.5_d0.14_delta3.44

 1 1 Reynolds number fixed          Mach number fixed         

 xtrf =   1.000 (top)        1.000 (bottom)
 Mach =   0.000     Re =     1.600 e 6     Ncrit =   5.000

  alpha     CL        CD       CDp       Cm    Top Xtr Bot Xtr   Cpmin    Chinge    XCp    
 ------- -------- --------- --------- -------- ------- ------- -------- --------- ---------
 -15.000  -0.9944   0.02806   0.02324  -0.0887  0.9427  0.0269  -6.6045   0.0000   0.1374
 -14.800  -0.9804   0.02746   0.02262  -0.0885  0.9419  0.0273  -6.4822   0.0000   0.1367
 -14.600  -0.9719   0.02661   0.02175  -0.0872  0.9379  0.0276  -6.3798   0.0000   0.1376
 -14.400  -0.9610   0.02596   0.02108  -0.0863  0.9361  0.0280  -6.2690   0.0000   0.1379
 -14.200  -0.9481   0.02538   0.02049  -0.0857  0.9350  0.0283  -6.1515   0.0000   0.1376
 -14.000  -0.9341   0.02487   0.01996  -0.0851  0.9343  0.0287  -6.0308   0.0000   0.1371
 -13.800  -0.9335   0.02409   0.01916  -0.0822  0.9301  0.0289  -5.9599   0.0000   0.1407
 -13.600  -0.9162   0.02358   0.01863  -0.0820  0.9289  0.0293  -5.8337   0.0000   0.1395
 -13.400  -0.8965   0.02312   0.01815  -0.0822  0.9281  0.0296  -5.7000   0.0000   0.1375
 -13.200  -0.8746   0.02269   0.01771  -0.0828  0.9276  0.0300  -5.5602   0.0000   0.1347
 -13.000  -0.8508   0.02227   0.01729  -0.0836  0.9271  0.0303  -5.4156   0.0000   0.1312
 -12.800  -0.8256   0.02184   0.01685  -0.0848  0.9268  0.0309  -5.2683   0.0000   0.1269
 -12.600  -0.8195   0.02129   0.01630  -0.0824  0.9228  0.0313  -5.1830   0.0000   0.1293
 -12.400  -0.7974   0.02089   0.01590  -0.0829  0.9218  0.0318  -5.0470   0.0000   0.1261
 -12.200  -0.7735   0.02053   0.01554  -0.0836  0.9211  0.0324  -4.9106   0.0000   0.1220
 -12.000  -0.7484   0.02019   0.01519  -0.0846  0.9205  0.0329  -4.7735   0.0000   0.1171
 -11.800  -0.7225   0.01986   0.01487  -0.0856  0.9200  0.0334  -4.6355   0.0000   0.1117
 -11.600  -0.6956   0.01955   0.01454  -0.0868  0.9196  0.0339  -4.4959   0.0000   0.1053
 -11.400  -0.6677   0.01919   0.01420  -0.0882  0.9193  0.0348  -4.3556   0.0000   0.0980
 -11.200  -0.6552   0.01887   0.01388  -0.0868  0.9157  0.0354  -4.2599   0.0000   0.0978
 -11.000  -0.6316   0.01857   0.01359  -0.0873  0.9141  0.0362  -4.1338   0.0000   0.0919
 -10.800  -0.6055   0.01828   0.01331  -0.0883  0.9130  0.0369  -4.0022   0.0000   0.0843
 -10.200  -0.5629   0.01790   0.01294  -0.0847  0.8897  0.0386  -3.7131   0.0000   0.0799
 -10.000  -0.5389   0.01771   0.01276  -0.0852  0.8801  0.0396  -3.5918   0.0000   0.0721
  -9.800  -0.5076   0.01736   0.01243  -0.0870  0.8749  0.0408  -3.4525   0.0000   0.0585
  -9.600  -0.4728   0.01693   0.01199  -0.0893  0.8698  0.0418  -3.3066   0.0000   0.0404
  -9.400  -0.4332   0.01637   0.01142  -0.0926  0.8631  0.0431  -3.1511   0.0000   0.0148
  -9.200  -0.3845   0.01556   0.01059  -0.0975  0.8534  0.0448  -2.9825   0.0000  -0.0266
  -9.000  -0.3305   0.01463   0.00959  -0.1034  0.8372  0.0465  -2.8058   0.0000  -0.0884
  -8.800  -0.2878   0.01400   0.00885  -0.1074  0.8117  0.0485  -2.6589   0.0000  -0.1510
  -8.600  -0.2635   0.01383   0.00858  -0.1079  0.7824  0.0500  -2.5579   0.0000  -0.1886
  -8.400  -0.2429   0.01380   0.00844  -0.1077  0.7541  0.0512  -2.4677   0.0000  -0.2240
  -8.200  -0.2220   0.01377   0.00832  -0.1076  0.7279  0.0526  -2.3781   0.0000  -0.2667
  -8.000  -0.1999   0.01375   0.00821  -0.1077  0.7029  0.0544  -2.2869   0.0000  -0.3230
  -7.800  -0.1770   0.01373   0.00812  -0.1079  0.6812  0.0561  -2.1954   0.0000  -0.3968
  -7.600  -0.1531   0.01370   0.00803  -0.1083  0.6617  0.0580  -2.1030   0.0000  -0.4987
  -7.400  -0.1285   0.01367   0.00793  -0.1089  0.6413  0.0603  -2.0105   0.0000  -0.6442
  -7.200  -0.1039   0.01365   0.00785  -0.1094  0.6209  0.0623  -1.9200   0.0000  -0.8585
  -7.000  -0.0784   0.01362   0.00776  -0.1101  0.6016  0.0648  -1.8325   0.0000  -1.2257
  -6.800  -0.0525   0.01359   0.00769  -0.1109  0.5841  0.0677  -1.7456   0.0000  -1.9623
  -6.600  -0.0266   0.01357   0.00761  -0.1117  0.5660  0.0703  -1.6599   0.0000  -4.1444
  -6.400  -0.0000   0.01355   0.00754  -0.1126  0.5478  0.0736  -1.5743   0.0000  -10178.1136
  -6.200   0.0261   0.01354   0.00747  -0.1134  0.5319  0.0765  -1.4920   0.0000   4.7668
  -6.000   0.0531   0.01353   0.00743  -0.1144  0.5172  0.0808  -1.4122   0.0000   2.4848
  -5.800   0.0795   0.01353   0.00740  -0.1152  0.5031  0.0850  -1.3346   0.0000   1.7506
  -5.600   0.1065   0.01353   0.00737  -0.1162  0.4895  0.0907  -1.2593   0.0000   1.3771
  -5.400   0.1332   0.01354   0.00735  -0.1171  0.4746  0.0961  -1.1871   0.0000   1.1559
  -5.200   0.1596   0.01357   0.00733  -0.1179  0.4584  0.1014  -1.1165   0.0000   1.0099
  -5.000   0.1867   0.01359   0.00732  -0.1189  0.4424  0.1085  -1.0460   0.0000   0.9037
  -4.800   0.2139   0.01362   0.00733  -0.1200  0.4280  0.1168  -0.9764   0.0000   0.8242
  -4.600   0.2413   0.01366   0.00734  -0.1210  0.4151  0.1265  -0.9078   0.0000   0.7624
  -4.400   0.2694   0.01368   0.00737  -0.1222  0.4050  0.1386  -0.8441   0.0000   0.7125
  -4.200   0.2987   0.01371   0.00742  -0.1236  0.3948  0.1558  -0.8243   0.0000   0.6712
  -4.000   0.3286   0.01375   0.00748  -0.1252  0.3848  0.1769  -0.8528   0.0000   0.6370
  -3.800   0.3607   0.01378   0.00757  -0.1272  0.3758  0.2066  -0.8829   0.0000   0.6075
  -3.600   0.3981   0.01382   0.00772  -0.1304  0.3650  0.2568  -0.9167   0.0000   0.5813
  -3.400   0.4466   0.01388   0.00800  -0.1359  0.3543  0.3459  -0.9608   0.0000   0.5570
  -3.200   0.4808   0.01398   0.00815  -0.1384  0.3449  0.3807  -0.9960   0.0000   0.5397
  -3.000   0.5122   0.01407   0.00828  -0.1402  0.3369  0.4059  -1.0294   0.0000   0.5249
  -2.800   0.5451   0.01419   0.00842  -0.1423  0.3290  0.4327  -1.0642   0.0000   0.5117
  -2.200   0.6377   0.01456   0.00886  -0.1473  0.3129  0.4944  -1.1656   0.0000   0.4803
  -2.000   0.6684   0.01470   0.00902  -0.1489  0.3089  0.5124  -1.1998   0.0000   0.4716
  -1.800   0.6985   0.01484   0.00918  -0.1504  0.3038  0.5287  -1.2340   0.0000   0.4638
  -1.400   0.7590   0.01516   0.00952  -0.1535  0.2943  0.5589  -1.3063   0.0000   0.4499
  -1.200   0.7837   0.01529   0.00963  -0.1538  0.2903  0.5646  -1.3396   0.0000   0.4437
  -1.000   0.8106   0.01545   0.00977  -0.1547  0.2855  0.5709  -1.3749   0.0000   0.4379
  -0.800   0.8358   0.01559   0.00990  -0.1552  0.2812  0.5768  -1.4089   0.0000   0.4324
  -0.600   0.8600   0.01572   0.01002  -0.1555  0.2784  0.5819  -1.4424   0.0000   0.4272
  -0.400   0.8869   0.01588   0.01018  -0.1563  0.2752  0.5881  -1.4783   0.0000   0.4224
  -0.200   0.9120   0.01603   0.01032  -0.1568  0.2716  0.5942  -1.5136   0.0000   0.4177
   0.000   0.9357   0.01619   0.01045  -0.1570  0.2675  0.5990  -1.5487   0.0000   0.4133
   0.200   0.9616   0.01635   0.01061  -0.1576  0.2647  0.6042  -1.5859   0.0000   0.4092
   0.400   0.9866   0.01651   0.01077  -0.1580  0.2617  0.6097  -1.6227   0.0000   0.4052
   0.600   1.0105   0.01666   0.01092  -0.1583  0.2586  0.6147  -1.6586   0.0000   0.4013
   0.800   1.0349   0.01684   0.01108  -0.1586  0.2551  0.6197  -1.6952   0.0000   0.3977
   1.000   1.0602   0.01704   0.01127  -0.1591  0.2512  0.6257  -1.7335   0.0000   0.3942
   1.200   1.0843   0.01720   0.01144  -0.1594  0.2488  0.6316  -1.7722   0.0000   0.3909
   1.400   1.1085   0.01738   0.01162  -0.1597  0.2457  0.6369  -1.8125   0.0000   0.3877
   1.600   1.1335   0.01759   0.01182  -0.1601  0.2421  0.6427  -1.8539   0.0000   0.3846
   1.800   1.1568   0.01780   0.01201  -0.1603  0.2382  0.6481  -1.8939   0.0000   0.3816
   2.000   1.1793   0.01798   0.01218  -0.1602  0.2357  0.6523  -1.9333   0.0000   0.3787
   2.200   1.2036   0.01818   0.01240  -0.1605  0.2335  0.6569  -1.9747   0.0000   0.3759
   2.400   1.2272   0.01838   0.01261  -0.1607  0.2308  0.6618  -2.0159   0.0000   0.3732
   2.600   1.2497   0.01860   0.01281  -0.1607  0.2276  0.6668  -2.0578   0.0000   0.3705
   2.800   1.2719   0.01883   0.01303  -0.1606  0.2239  0.6714  -2.0995   0.0000   0.3680
   3.000   1.2957   0.01906   0.01327  -0.1609  0.2214  0.6769  -2.1432   0.0000   0.3655
   3.200   1.3185   0.01928   0.01350  -0.1609  0.2192  0.6820  -2.1860   0.0000   0.3631
   3.400   1.3401   0.01950   0.01372  -0.1607  0.2164  0.6863  -2.2296   0.0000   0.3607
   3.600   1.3620   0.01976   0.01397  -0.1605  0.2130  0.6904  -2.2737   0.0000   0.3584
   3.800   1.3838   0.02003   0.01423  -0.1604  0.2094  0.6949  -2.3183   0.0000   0.3562
   4.000   1.4055   0.02027   0.01448  -0.1602  0.2072  0.6994  -2.3651   0.0000   0.3540
   4.200   1.4266   0.02051   0.01472  -0.1600  0.2047  0.7032  -2.4129   0.0000   0.3518
   4.400   1.4471   0.02076   0.01497  -0.1596  0.2018  0.7063  -2.4604   0.0000   0.3496
   4.600   1.4678   0.02105   0.01526  -0.1592  0.1987  0.7101  -2.5083   0.0000   0.3476
   4.800   1.4882   0.02134   0.01554  -0.1588  0.1954  0.7142  -2.5561   0.0000   0.3455
   5.000   1.5090   0.02159   0.01581  -0.1585  0.1936  0.7183  -2.6047   0.0000   0.3435
   5.200   1.5294   0.02186   0.01609  -0.1581  0.1914  0.7221  -2.6530   0.0000   0.3415
   5.400   1.5491   0.02215   0.01638  -0.1576  0.1884  0.7255  -2.7008   0.0000   0.3396
   5.600   1.5679   0.02248   0.01670  -0.1570  0.1846  0.7290  -2.7536   0.0000   0.3376
   5.800   1.5870   0.02280   0.01702  -0.1564  0.1814  0.7327  -2.8072   0.0000   0.3357
   6.000   1.6063   0.02310   0.01734  -0.1558  0.1786  0.7361  -2.8614   0.0000   0.3339
   6.200   1.6249   0.02344   0.01768  -0.1551  0.1756  0.7391  -2.9149   0.0000   0.3320
   6.400   1.6424   0.02382   0.01805  -0.1542  0.1728  0.7419  -2.9673   0.0000   0.3302
   6.600   1.6592   0.02420   0.01843  -0.1532  0.1700  0.7450  -3.0188   0.0000   0.3283
   6.800   1.6769   0.02453   0.01879  -0.1524  0.1683  0.7481  -3.0720   0.0000   0.3265
   7.000   1.6943   0.02489   0.01916  -0.1515  0.1654  0.7510  -3.1261   0.0000   0.3247
   7.200   1.7109   0.02532   0.01958  -0.1505  0.1615  0.7537  -3.1866   0.0000   0.3229
   7.400   1.7274   0.02578   0.02003  -0.1495  0.1576  0.7563  -3.2474   0.0000   0.3212
   7.600   1.7447   0.02617   0.02043  -0.1487  0.1550  0.7586  -3.3101   0.0000   0.3195
   7.800   1.7599   0.02657   0.02084  -0.1475  0.1522  0.7611  -3.3697   0.0000   0.3177
   8.000   1.7739   0.02706   0.02133  -0.1461  0.1487  0.7637  -3.4293   0.0000   0.3159
   8.200   1.7880   0.02756   0.02184  -0.1447  0.1456  0.7663  -3.4944   0.0000   0.3141
   8.400   1.8030   0.02805   0.02234  -0.1435  0.1427  0.7688  -3.5615   0.0000   0.3124
   8.600   1.8172   0.02861   0.02290  -0.1423  0.1390  0.7711  -3.6276   0.0000   0.3108
   8.800   1.8310   0.02923   0.02350  -0.1410  0.1352  0.7732  -3.6934   0.0000   0.3091
   9.000   1.8468   0.02975   0.02404  -0.1400  0.1327  0.7751  -3.7683   0.0000   0.3075
   9.200   1.8591   0.03030   0.02460  -0.1384  0.1300  0.7772  -3.8389   0.0000   0.3058
   9.400   1.8691   0.03097   0.02528  -0.1365  0.1267  0.7792  -3.9052   0.0000   0.3040
   9.600   1.8799   0.03162   0.02594  -0.1348  0.1236  0.7813  -3.9737   0.0000   0.3023
   9.800   1.8914   0.03227   0.02660  -0.1332  0.1201  0.7833  -4.0467   0.0000   0.3006
  10.000   1.9012   0.03307   0.02740  -0.1314  0.1163  0.7853  -4.1186   0.0000   0.2989
  10.200   1.9119   0.03384   0.02819  -0.1298  0.1137  0.7872  -4.1933   0.0000   0.2973
  10.400   1.9238   0.03460   0.02897  -0.1284  0.1111  0.7890  -4.2709   0.0000   0.2958
  10.600   1.9343   0.03550   0.02987  -0.1268  0.1077  0.7906  -4.3469   0.0000   0.2942
  10.800   1.9437   0.03651   0.03088  -0.1252  0.1046  0.7921  -4.4224   0.0000   0.2926
  11.000   1.9515   0.03736   0.03175  -0.1233  0.1017  0.7937  -4.4937   0.0000   0.2910
  11.200   1.9567   0.03839   0.03279  -0.1211  0.0985  0.7953  -4.5591   0.0000   0.2893
  11.400   1.9621   0.03943   0.03386  -0.1190  0.0959  0.7968  -4.6252   0.0000   0.2876
  11.600   1.9686   0.04044   0.03491  -0.1172  0.0936  0.7985  -4.6956   0.0000   0.2861
  11.800   1.9738   0.04164   0.03612  -0.1153  0.0909  0.8000  -4.7659   0.0000   0.2845
  12.000   1.9776   0.04301   0.03751  -0.1133  0.0880  0.8015  -4.8334   0.0000   0.2830
  12.200   1.9841   0.04425   0.03878  -0.1118  0.0858  0.8030  -4.9110   0.0000   0.2816
  12.400   1.9888   0.04573   0.04029  -0.1102  0.0831  0.8045  -4.9837   0.0000   0.2802
  12.600   1.9917   0.04744   0.04201  -0.1086  0.0804  0.8058  -5.0513   0.0000   0.2788
  12.800   1.9976   0.04896   0.04356  -0.1073  0.0782  0.8071  -5.1279   0.0000   0.2776
  13.000   2.0011   0.05075   0.04538  -0.1061  0.0755  0.8082  -5.1976   0.0000   0.2763
  13.200   2.0006   0.05279   0.04744  -0.1045  0.0729  0.8092  -5.2555   0.0000   0.2751
  13.400   2.0007   0.05455   0.04925  -0.1029  0.0710  0.8103  -5.3147   0.0000   0.2738
  13.600   1.9993   0.05651   0.05126  -0.1013  0.0690  0.8113  -5.3694   0.0000   0.2725
  13.800   1.9958   0.05875   0.05354  -0.0998  0.0670  0.8123  -5.4176   0.0000   0.2714
  14.000   1.9935   0.06092   0.05577  -0.0986  0.0654  0.8133  -5.4691   0.0000   0.2703
  14.200   1.9917   0.06312   0.05802  -0.0975  0.0639  0.8144  -5.5218   0.0000   0.2693
  14.400   1.9882   0.06561   0.06056  -0.0965  0.0622  0.8154  -5.5687   0.0000   0.2684
  14.600   1.9826   0.06845   0.06345  -0.0958  0.0605  0.8163  -5.6098   0.0000   0.2676
  14.800   1.9787   0.07119   0.06625  -0.0953  0.0591  0.8172  -5.6567   0.0000   0.2668
  15.000   1.9747   0.07402   0.06914  -0.0949  0.0576  0.8180  -5.7025   0.0000   0.2662
  15.200   1.9684   0.07719   0.07237  -0.0948  0.0560  0.8188  -5.7400   0.0000   0.2657
  15.400   1.9600   0.08070   0.07594  -0.0948  0.0545  0.8195  -5.7692   0.0000   0.2654
  15.600   1.9534   0.08405   0.07937  -0.0950  0.0533  0.8203  -5.8041   0.0000   0.2650
  15.800   1.9467   0.08750   0.08288  -0.0955  0.0522  0.8211  -5.8375   0.0000   0.2648
  16.000   1.9384   0.09122   0.08667  -0.0961  0.0510  0.8219  -5.8640   0.0000   0.2648
  16.200   1.9281   0.09524   0.09076  -0.0970  0.0499  0.8225  -5.8820   0.0000   0.2649
  16.400   1.9169   0.09942   0.09502  -0.0982  0.0488  0.8231  -5.8952   0.0000   0.2651
  16.600   1.9087   0.10326   0.09893  -0.0994  0.0480  0.8236  -5.9185   0.0000   0.2654
  16.800   1.8999   0.10723   0.10297  -0.1008  0.0471  0.8242  -5.9378   0.0000   0.2657
  17.000   1.8900   0.11137   0.10719  -0.1024  0.0461  0.8246  -5.9514   0.0000   0.2662
  17.200   1.8778   0.11556   0.11146  -0.1040  0.0452  0.8251  -5.9561   0.0000   0.2667
  17.400   1.8641   0.11982   0.11579  -0.1057  0.0444  0.8256  -5.9549   0.0000   0.2674
  17.600   1.8512   0.12394   0.11999  -0.1074  0.0437  0.8262  -5.9563   0.0000   0.2681
  17.800   1.8402   0.12778   0.12391  -0.1091  0.0430  0.8268  -5.9647   0.0000   0.2687
  18.000   1.8290   0.13169   0.12788  -0.1109  0.0422  0.8274  -5.9703   0.0000   0.2694
  18.200   1.8176   0.13563   0.13189  -0.1129  0.0414  0.8279  -5.9737   0.0000   0.2702
  18.400   1.8067   0.13954   0.13587  -0.1150  0.0405  0.8285  -5.9773   0.0000   0.2711
  18.600   1.7948   0.14364   0.14003  -0.1174  0.0397  0.8290  -5.9747   0.0000   0.2722
  18.800   1.7843   0.14758   0.14404  -0.1198  0.0390  0.8296  -5.9763   0.0000   0.2732
  19.000   1.7768   0.15108   0.14761  -0.1220  0.0383  0.8301  -5.9913   0.0000   0.2741
  19.200   1.7697   0.15457   0.15115  -0.1243  0.0376  0.8307  -6.0067   0.0000   0.2750
  19.400   1.7608   0.15838   0.15502  -0.1269  0.0368  0.8313  -6.0114   0.0000   0.2761
  19.600   1.7542   0.16181   0.15849  -0.1294  0.0360  0.8319  -6.0269   0.0000   0.2771
  19.800   1.7447   0.16576   0.16250  -0.1323  0.0352  0.8325  -6.0253   0.0000   0.2785
  20.000   1.7413   0.16873   0.16551  -0.1345  0.0345  0.8333  -6.0547   0.0000   0.2792
  20.200   1.7348   0.17227   0.16910  -0.1372  0.0339  0.8340  -6.0660   0.0000   0.2803
  20.400   1.7312   0.17533   0.17221  -0.1397  0.0331  0.8348  -6.0923   0.0000   0.2812
  20.600   1.7244   0.17903   0.17595  -0.1427  0.0323  0.8356  -6.0982   0.0000   0.2826
  20.800   1.7206   0.18223   0.17918  -0.1455  0.0315  0.8363  -6.1206   0.0000   0.2836
  21.000   1.7163   0.18560   0.18260  -0.1484  0.0309  0.8370  -6.1378   0.0000   0.2848
  21.200   1.7153   0.18843   0.18547  -0.1509  0.0303  0.8377  -6.1732   0.0000   0.2856
  21.400   1.7142   0.19131   0.18839  -0.1536  0.0296  0.8384  -6.2073   0.0000   0.2865
  21.600   1.7096   0.19484   0.19196  -0.1569  0.0288  0.8389  -6.2185   0.0000   0.2879
  21.800   1.7077   0.19790   0.19504  -0.1598  0.0281  0.8395  -6.2456   0.0000   0.2890
  22.000   1.7049   0.20113   0.19832  -0.1629  0.0275  0.8400  -6.2653   0.0000   0.2902
  22.200   1.7023   0.20359   0.20081  -0.1650  0.0269  0.8406  -6.2924   0.0000   0.2909
  22.400   1.6999   0.20593   0.20320  -0.1670  0.0263  0.8412  -6.3209   0.0000   0.2915
  22.600   1.6946   0.20884   0.20614  -0.1695  0.0257  0.8417  -6.3289   0.0000   0.2926
  22.800   1.6906   0.21149   0.20882  -0.1719  0.0251  0.8423  -6.3447   0.0000   0.2935
  23.000   1.6878   0.21393   0.21129  -0.1741  0.0246  0.8428  -6.3676   0.0000   0.2942
  23.200   1.6842   0.21660   0.21401  -0.1766  0.0241  0.8433  -6.3831   0.0000   0.2952
  23.400   1.6826   0.21895   0.21639  -0.1789  0.0237  0.8438  -6.4115   0.0000   0.2958
  23.600   1.6819   0.22116   0.21863  -0.1810  0.0232  0.8443  -6.4452   0.0000   0.2964
  23.800   1.6787   0.22386   0.22137  -0.1837  0.0227  0.8448  -6.4619   0.0000   0.2974
  24.000   1.6756   0.22656   0.22410  -0.1864  0.0222  0.8453  -6.4781   0.0000   0.2985
  24.200   1.6742   0.22895   0.22651  -0.1889  0.0217  0.8458  -6.5059   0.0000   0.2992
  24.400   1.6734   0.23120   0.22880  -0.1912  0.0214  0.8464  -6.5376   0.0000   0.2999
  24.600   1.6711   0.23377   0.23141  -0.1939  0.0210  0.8470  -6.5567   0.0000   0.3009
  24.800   1.6712   0.23588   0.23355  -0.1961  0.0206  0.8477  -6.5938   0.0000   0.3014
  25.000   1.6711   0.23807   0.23577  -0.1985  0.0202  0.8484  -6.6282   0.0000   0.3020


