xflr5 v6.47

 Calculated polar for: NACA24018_theta30_Ku4.5_Kl0.5_d0.07_delta1.57

 1 1 Reynolds number fixed          Mach number fixed         

 xtrf =   1.000 (top)        1.000 (bottom)
 Mach =   0.000     Re =     1.400 e 6     Ncrit =   5.000

  alpha     CL        CD       CDp       Cm    Top Xtr Bot Xtr   Cpmin    Chinge    XCp    
 ------- -------- --------- --------- -------- ------- ------- -------- --------- ---------
 -14.600  -1.0818   0.02472   0.01958  -0.0742  0.9843  0.0255  -6.8088   0.0000   0.1591
 -14.400  -1.0631   0.02416   0.01900  -0.0747  0.9830  0.0259  -6.6712   0.0000   0.1577
 -14.200  -1.0431   0.02371   0.01854  -0.0754  0.9823  0.0263  -6.5289   0.0000   0.1559
 -14.000  -1.0288   0.02291   0.01773  -0.0749  0.9787  0.0267  -6.4072   0.0000   0.1557
 -13.800  -1.0097   0.02243   0.01724  -0.0753  0.9777  0.0271  -6.2693   0.0000   0.1542
 -13.600  -0.9887   0.02202   0.01682  -0.0759  0.9771  0.0275  -6.1259   0.0000   0.1521
 -13.400  -0.9773   0.02134   0.01612  -0.0747  0.9738  0.0278  -6.0163   0.0000   0.1529
 -13.200  -0.9589   0.02088   0.01565  -0.0747  0.9726  0.0282  -5.8836   0.0000   0.1516
 -13.000  -0.9390   0.02047   0.01522  -0.0750  0.9718  0.0286  -5.7467   0.0000   0.1499
 -12.800  -0.9178   0.02011   0.01485  -0.0754  0.9712  0.0289  -5.6064   0.0000   0.1477
 -12.600  -0.9092   0.01949   0.01421  -0.0734  0.9674  0.0292  -5.5088   0.0000   0.1495
 -12.400  -0.8906   0.01907   0.01377  -0.0733  0.9662  0.0295  -5.3795   0.0000   0.1482
 -12.200  -0.8711   0.01863   0.01333  -0.0734  0.9653  0.0301  -5.2490   0.0000   0.1464
 -12.000  -0.8645   0.01805   0.01274  -0.0709  0.9610  0.0305  -5.1602   0.0000   0.1491
 -11.800  -0.8480   0.01761   0.01230  -0.0703  0.9589  0.0310  -5.0401   0.0000   0.1484
 -11.600  -0.8586   0.01705   0.01172  -0.0644  0.9461  0.0312  -5.0066   0.0000   0.1569
 -11.400  -0.8474   0.01668   0.01133  -0.0626  0.9405  0.0316  -4.9082   0.0000   0.1582
 -11.200  -0.8349   0.01631   0.01096  -0.0611  0.9358  0.0321  -4.8066   0.0000   0.1592
 -11.000  -0.8187   0.01594   0.01057  -0.0602  0.9332  0.0326  -4.6948   0.0000   0.1591
 -10.800  -0.8053   0.01561   0.01023  -0.0588  0.9280  0.0330  -4.5919   0.0000   0.1599
 -10.600  -0.7854   0.01526   0.00986  -0.0585  0.9246  0.0334  -4.4709   0.0000   0.1585
 -10.400  -0.7629   0.01489   0.00948  -0.0588  0.9220  0.0339  -4.3486   0.0000   0.1561
 -10.200  -0.7429   0.01452   0.00911  -0.0586  0.9163  0.0347  -4.2351   0.0000   0.1545
 -10.000  -0.7168   0.01411   0.00870  -0.0595  0.9122  0.0355  -4.1060   0.0000   0.1503
  -9.800  -0.6890   0.01371   0.00830  -0.0608  0.9075  0.0364  -3.9736   0.0000   0.1451
  -9.600  -0.6584   0.01333   0.00791  -0.0626  0.9012  0.0374  -3.8355   0.0000   0.1383
  -9.400  -0.6243   0.01295   0.00750  -0.0651  0.8932  0.0382  -3.6904   0.0000   0.1290
  -9.200  -0.5824   0.01249   0.00701  -0.0692  0.8811  0.0395  -3.5283   0.0000   0.1141
  -9.000  -0.5439   0.01213   0.00657  -0.0726  0.8589  0.0409  -3.3767   0.0000   0.0989
  -8.800  -0.5164   0.01191   0.00625  -0.0738  0.8317  0.0420  -3.2544   0.0000   0.0894
  -8.600  -0.4955   0.01176   0.00601  -0.0736  0.8076  0.0429  -3.1496   0.0000   0.0837
  -8.400  -0.4775   0.01165   0.00582  -0.0728  0.7866  0.0436  -3.0526   0.0000   0.0797
  -8.200  -0.4607   0.01152   0.00562  -0.0718  0.7673  0.0449  -2.9598   0.0000   0.0763
  -8.000  -0.4436   0.01139   0.00544  -0.0708  0.7477  0.0462  -2.8673   0.0000   0.0725
  -7.800  -0.4264   0.01129   0.00527  -0.0699  0.7275  0.0474  -2.7751   0.0000   0.0682
  -7.600  -0.4084   0.01120   0.00511  -0.0691  0.7094  0.0485  -2.6825   0.0000   0.0629
  -7.400  -0.3897   0.01112   0.00497  -0.0684  0.6922  0.0494  -2.5916   0.0000   0.0564
  -7.200  -0.3706   0.01102   0.00482  -0.0678  0.6769  0.0508  -2.5031   0.0000   0.0488
  -7.000  -0.3513   0.01091   0.00468  -0.0673  0.6624  0.0526  -2.4149   0.0000   0.0401
  -6.800  -0.3317   0.01082   0.00455  -0.0668  0.6470  0.0543  -2.3269   0.0000   0.0300
  -6.600  -0.3117   0.01076   0.00443  -0.0663  0.6310  0.0558  -2.2394   0.0000   0.0182
  -6.400  -0.2916   0.01069   0.00431  -0.0659  0.6149  0.0573  -2.1526   0.0000   0.0045
  -6.200  -0.2712   0.01061   0.00419  -0.0656  0.6000  0.0595  -2.0706   0.0000  -0.0117
  -6.000  -0.2505   0.01054   0.00408  -0.0653  0.5857  0.0615  -1.9890   0.0000  -0.0311
  -5.800  -0.2296   0.01049   0.00399  -0.0650  0.5708  0.0634  -1.9079   0.0000  -0.0544
  -5.600  -0.2086   0.01043   0.00389  -0.0647  0.5557  0.0661  -1.8279   0.0000  -0.0827
  -5.400  -0.1874   0.01037   0.00380  -0.0645  0.5417  0.0692  -1.7484   0.0000  -0.1179
  -5.200  -0.1660   0.01033   0.00372  -0.0643  0.5289  0.0716  -1.6719   0.0000  -0.1629
  -5.000  -0.1445   0.01028   0.00364  -0.0642  0.5152  0.0749  -1.5981   0.0000  -0.2217
  -4.800  -0.1229   0.01024   0.00356  -0.0641  0.5012  0.0788  -1.5250   0.0000  -0.3015
  -4.600  -0.1012   0.01021   0.00350  -0.0639  0.4875  0.0825  -1.4526   0.0000  -0.4163
  -4.400  -0.0793   0.01015   0.00343  -0.0639  0.4753  0.0876  -1.3809   0.0000  -0.5972
  -4.200  -0.0572   0.01012   0.00337  -0.0638  0.4644  0.0921  -1.3100   0.0000  -0.9187
  -4.000  -0.0351   0.01007   0.00331  -0.0638  0.4533  0.0985  -1.2403   0.0000  -1.6494
  -3.800  -0.0130   0.01005   0.00327  -0.0638  0.4412  0.1038  -1.1750   0.0000  -4.8617
  -3.400   0.0317   0.00999   0.00318  -0.0638  0.4177  0.1192  -1.0464   0.0000   2.3297
  -3.200   0.0543   0.00995   0.00315  -0.0639  0.4077  0.1297  -0.9844   0.0000   1.4616
  -3.000   0.0770   0.00992   0.00312  -0.0640  0.3974  0.1415  -0.9254   0.0000   1.1034
  -2.800   0.1000   0.00988   0.00309  -0.0642  0.3869  0.1565  -0.8692   0.0000   0.9068
  -2.600   0.1237   0.00979   0.00305  -0.0645  0.3779  0.1800  -0.8140   0.0000   0.7821
  -2.400   0.1483   0.00968   0.00302  -0.0651  0.3697  0.2137  -0.8032   0.0000   0.6964
  -2.200   0.1762   0.00941   0.00296  -0.0666  0.3621  0.2807  -0.8302   0.0000   0.6326
  -2.000   0.2046   0.00922   0.00294  -0.0681  0.3546  0.3429  -0.8587   0.0000   0.5857
  -1.800   0.2317   0.00912   0.00295  -0.0691  0.3474  0.3829  -0.8868   0.0000   0.5502
  -1.600   0.2589   0.00906   0.00297  -0.0703  0.3402  0.4197  -0.9152   0.0000   0.5220
  -1.400   0.2863   0.00901   0.00300  -0.0713  0.3335  0.4524  -0.9439   0.0000   0.4990
  -1.000   0.3388   0.00902   0.00308  -0.0730  0.3226  0.4950  -1.0010   0.0000   0.4638
  -0.800   0.3652   0.00904   0.00313  -0.0738  0.3168  0.5162  -1.0310   0.0000   0.4500
  -0.600   0.3916   0.00907   0.00319  -0.0747  0.3115  0.5340  -1.0624   0.0000   0.4380
  -0.400   0.4186   0.00909   0.00325  -0.0756  0.3069  0.5538  -1.0946   0.0000   0.4275
  -0.200   0.4454   0.00913   0.00331  -0.0765  0.3021  0.5732  -1.1268   0.0000   0.4183
   0.000   0.4729   0.00918   0.00339  -0.0776  0.2976  0.5914  -1.1597   0.0000   0.4102
   0.200   0.4998   0.00922   0.00346  -0.0785  0.2936  0.6070  -1.1924   0.0000   0.4028
   0.400   0.5248   0.00929   0.00353  -0.0790  0.2895  0.6166  -1.2238   0.0000   0.3960
   0.600   0.5495   0.00938   0.00360  -0.0795  0.2857  0.6237  -1.2552   0.0000   0.3897
   0.800   0.5739   0.00945   0.00368  -0.0798  0.2829  0.6315  -1.2865   0.0000   0.3839
   1.000   0.5990   0.00951   0.00375  -0.0804  0.2800  0.6390  -1.3190   0.0000   0.3787
   1.200   0.6233   0.00960   0.00383  -0.0807  0.2765  0.6467  -1.3520   0.0000   0.3737
   1.400   0.6479   0.00969   0.00392  -0.0812  0.2725  0.6537  -1.3857   0.0000   0.3692
   1.600   0.6721   0.00979   0.00401  -0.0815  0.2693  0.6614  -1.4190   0.0000   0.3649
   1.800   0.6972   0.00987   0.00411  -0.0820  0.2663  0.6690  -1.4534   0.0000   0.3611
   2.000   0.7213   0.00996   0.00420  -0.0823  0.2633  0.6766  -1.4871   0.0000   0.3573
   2.200   0.7460   0.01007   0.00431  -0.0828  0.2599  0.6839  -1.5231   0.0000   0.3539
   2.400   0.7698   0.01018   0.00442  -0.0831  0.2564  0.6915  -1.5585   0.0000   0.3506
   2.600   0.7948   0.01027   0.00453  -0.0836  0.2538  0.6990  -1.5954   0.0000   0.3476
   2.800   0.8186   0.01038   0.00463  -0.0839  0.2508  0.7067  -1.6313   0.0000   0.3447
   3.000   0.8431   0.01050   0.00476  -0.0843  0.2476  0.7138  -1.6696   0.0000   0.3419
   3.200   0.8662   0.01063   0.00488  -0.0845  0.2440  0.7207  -1.7071   0.0000   0.3392
   3.400   0.8903   0.01075   0.00501  -0.0848  0.2414  0.7272  -1.7458   0.0000   0.3367
   3.600   0.9139   0.01086   0.00513  -0.0850  0.2386  0.7343  -1.7859   0.0000   0.3343
   3.800   0.9373   0.01099   0.00527  -0.0853  0.2357  0.7405  -1.8263   0.0000   0.3319
   4.000   0.9603   0.01114   0.00541  -0.0854  0.2324  0.7475  -1.8666   0.0000   0.3296
   4.200   0.9829   0.01129   0.00556  -0.0855  0.2292  0.7536  -1.9065   0.0000   0.3274
   4.400   1.0061   0.01141   0.00571  -0.0856  0.2269  0.7601  -1.9475   0.0000   0.3253
   4.600   1.0286   0.01155   0.00585  -0.0857  0.2244  0.7664  -1.9879   0.0000   0.3232
   4.800   1.0510   0.01170   0.00601  -0.0857  0.2217  0.7727  -2.0284   0.0000   0.3212
   5.000   1.0727   0.01187   0.00618  -0.0856  0.2189  0.7789  -2.0683   0.0000   0.3192
   5.200   1.0937   0.01204   0.00635  -0.0854  0.2161  0.7841  -2.1097   0.0000   0.3172
   5.400   1.1151   0.01218   0.00652  -0.0852  0.2140  0.7896  -2.1519   0.0000   0.3153
   5.600   1.1362   0.01234   0.00669  -0.0850  0.2112  0.7949  -2.1940   0.0000   0.3134
   5.800   1.1562   0.01252   0.00687  -0.0846  0.2084  0.7998  -2.2351   0.0000   0.3115
   6.000   1.1759   0.01272   0.00707  -0.0841  0.2053  0.8051  -2.2776   0.0000   0.3096
   6.200   1.1963   0.01291   0.00727  -0.0838  0.2026  0.8098  -2.3217   0.0000   0.3079
   6.400   1.2155   0.01308   0.00745  -0.0832  0.2003  0.8141  -2.3669   0.0000   0.3060
   6.600   1.2345   0.01327   0.00765  -0.0826  0.1975  0.8189  -2.4122   0.0000   0.3042
   6.800   1.2540   0.01349   0.00787  -0.0822  0.1944  0.8234  -2.4583   0.0000   0.3025
   7.000   1.2719   0.01372   0.00810  -0.0814  0.1912  0.8273  -2.5026   0.0000   0.3007
   7.200   1.2893   0.01390   0.00830  -0.0805  0.1894  0.8312  -2.5470   0.0000   0.2988
   7.400   1.3079   0.01409   0.00851  -0.0799  0.1871  0.8351  -2.5956   0.0000   0.2971
   7.600   1.3271   0.01433   0.00875  -0.0794  0.1842  0.8389  -2.6473   0.0000   0.2956
   7.800   1.3420   0.01458   0.00901  -0.0781  0.1810  0.8425  -2.6934   0.0000   0.2937
   8.000   1.3561   0.01485   0.00928  -0.0766  0.1780  0.8462  -2.7385   0.0000   0.2917
   8.200   1.3734   0.01507   0.00952  -0.0758  0.1759  0.8496  -2.7884   0.0000   0.2901
   8.400   1.3921   0.01533   0.00979  -0.0753  0.1733  0.8526  -2.8404   0.0000   0.2886
   8.600   1.4093   0.01560   0.01006  -0.0745  0.1708  0.8553  -2.8922   0.0000   0.2871
   8.800   1.4204   0.01587   0.01035  -0.0725  0.1681  0.8580  -2.9386   0.0000   0.2850
   9.000   1.4328   0.01618   0.01066  -0.0709  0.1652  0.8610  -2.9871   0.0000   0.2831
   9.200   1.4483   0.01646   0.01096  -0.0698  0.1627  0.8640  -3.0408   0.0000   0.2815
   9.400   1.4658   0.01679   0.01130  -0.0692  0.1595  0.8667  -3.0995   0.0000   0.2802
   9.600   1.4837   0.01717   0.01167  -0.0687  0.1566  0.8689  -3.1631   0.0000   0.2789
   9.800   1.4897   0.01751   0.01202  -0.0659  0.1540  0.8714  -3.2069   0.0000   0.2765
  10.000   1.4994   0.01780   0.01235  -0.0638  0.1520  0.8738  -3.2573   0.0000   0.2745
  10.200   1.5118   0.01816   0.01272  -0.0623  0.1491  0.8762  -3.3125   0.0000   0.2728
  10.400   1.5253   0.01860   0.01317  -0.0611  0.1456  0.8783  -3.3697   0.0000   0.2714
  10.600   1.5396   0.01910   0.01365  -0.0602  0.1423  0.8802  -3.4328   0.0000   0.2700
  10.800   1.5569   0.01953   0.01410  -0.0598  0.1399  0.8819  -3.5064   0.0000   0.2689
  11.000   1.5667   0.01997   0.01456  -0.0580  0.1372  0.8837  -3.5656   0.0000   0.2672
  11.200   1.5693   0.02044   0.01505  -0.0549  0.1344  0.8857  -3.6109   0.0000   0.2648
  11.400   1.5745   0.02102   0.01563  -0.0525  0.1311  0.8876  -3.6612   0.0000   0.2628
  11.600   1.5842   0.02153   0.01616  -0.0508  0.1287  0.8894  -3.7254   0.0000   0.2612
  11.800   1.5948   0.02210   0.01675  -0.0495  0.1259  0.8911  -3.7925   0.0000   0.2598
  12.000   1.6056   0.02277   0.01743  -0.0483  0.1228  0.8927  -3.8602   0.0000   0.2584
  12.200   1.6168   0.02355   0.01820  -0.0473  0.1195  0.8942  -3.9294   0.0000   0.2572
  12.400   1.6322   0.02421   0.01888  -0.0470  0.1171  0.8956  -4.0112   0.0000   0.2564
  12.600   1.6391   0.02494   0.01964  -0.0453  0.1143  0.8968  -4.0739   0.0000   0.2548
  12.800   1.6388   0.02573   0.02045  -0.0425  0.1115  0.8980  -4.1198   0.0000   0.2527
  13.000   1.6400   0.02662   0.02135  -0.0401  0.1087  0.8992  -4.1689   0.0000   0.2508
  13.200   1.6444   0.02738   0.02215  -0.0381  0.1068  0.9004  -4.2261   0.0000   0.2492
  13.400   1.6485   0.02825   0.02305  -0.0363  0.1045  0.9016  -4.2826   0.0000   0.2476
  13.600   1.6521   0.02927   0.02409  -0.0346  0.1019  0.9028  -4.3383   0.0000   0.2461
  13.800   1.6554   0.03046   0.02529  -0.0332  0.0990  0.9040  -4.3969   0.0000   0.2448
  14.000   1.6625   0.03153   0.02639  -0.0323  0.0968  0.9051  -4.4658   0.0000   0.2437
  14.200   1.6696   0.03274   0.02762  -0.0316  0.0941  0.9062  -4.5346   0.0000   0.2428
  14.400   1.6754   0.03418   0.02909  -0.0311  0.0912  0.9072  -4.6010   0.0000   0.2419
  14.600   1.6815   0.03574   0.03066  -0.0308  0.0885  0.9081  -4.6694   0.0000   0.2412
  14.800   1.6905   0.03717   0.03212  -0.0309  0.0865  0.9089  -4.7462   0.0000   0.2407
  15.000   1.6892   0.03864   0.03363  -0.0294  0.0844  0.9096  -4.7948   0.0000   0.2394
  15.200   1.6839   0.04029   0.03532  -0.0276  0.0823  0.9103  -4.8319   0.0000   0.2379
  15.400   1.6775   0.04216   0.03722  -0.0260  0.0802  0.9110  -4.8649   0.0000   0.2365
  15.600   1.6745   0.04390   0.03901  -0.0248  0.0785  0.9116  -4.9074   0.0000   0.2353
  15.800   1.6718   0.04573   0.04089  -0.0238  0.0768  0.9122  -4.9503   0.0000   0.2343
  16.000   1.6676   0.04778   0.04298  -0.0229  0.0749  0.9128  -4.9881   0.0000   0.2333
  16.200   1.6615   0.05010   0.04536  -0.0223  0.0730  0.9135  -5.0196   0.0000   0.2324
  16.400   1.6548   0.05266   0.04795  -0.0219  0.0712  0.9140  -5.0480   0.0000   0.2318
  16.600   1.6514   0.05501   0.05037  -0.0218  0.0699  0.9146  -5.0861   0.0000   0.2312
  16.800   1.6474   0.05754   0.05295  -0.0219  0.0685  0.9151  -5.1218   0.0000   0.2307
  17.000   1.6417   0.06034   0.05580  -0.0222  0.0670  0.9156  -5.1511   0.0000   0.2304
  17.200   1.6338   0.06344   0.05896  -0.0226  0.0654  0.9161  -5.1726   0.0000   0.2302
  17.400   1.6236   0.06692   0.06251  -0.0233  0.0639  0.9165  -5.1850   0.0000   0.2301
  17.600   1.6146   0.07039   0.06604  -0.0242  0.0625  0.9169  -5.2004   0.0000   0.2301
  17.800   1.6073   0.07372   0.06944  -0.0251  0.0614  0.9172  -5.2242   0.0000   0.2302
  18.000   1.5983   0.07732   0.07310  -0.0262  0.0602  0.9175  -5.2409   0.0000   0.2304
  18.200   1.5870   0.08126   0.07712  -0.0276  0.0589  0.9178  -5.2476   0.0000   0.2308
  18.400   1.5735   0.08554   0.08147  -0.0292  0.0576  0.9179  -5.2450   0.0000   0.2313
  18.600   1.5591   0.09001   0.08601  -0.0309  0.0564  0.9181  -5.2371   0.0000   0.2320
  18.800   1.5464   0.09431   0.09038  -0.0327  0.0553  0.9183  -5.2341   0.0000   0.2327
  19.000   1.5360   0.09833   0.09447  -0.0345  0.0545  0.9185  -5.2390   0.0000   0.2334
  19.200   1.5251   0.10248   0.09870  -0.0364  0.0535  0.9187  -5.2402   0.0000   0.2343
  19.400   1.5137   0.10675   0.10304  -0.0385  0.0525  0.9189  -5.2380   0.0000   0.2352
  19.600   1.5019   0.11113   0.10748  -0.0408  0.0514  0.9191  -5.2324   0.0000   0.2363
  19.800   1.4897   0.11560   0.11202  -0.0432  0.0504  0.9193  -5.2228   0.0000   0.2376
  20.000   1.4777   0.12009   0.11656  -0.0458  0.0493  0.9195  -5.2125   0.0000   0.2389
  20.200   1.4710   0.12391   0.12044  -0.0481  0.0483  0.9198  -5.2230   0.0000   0.2401
  20.400   1.4649   0.12772   0.12431  -0.0506  0.0474  0.9201  -5.2344   0.0000   0.2413
  20.600   1.4580   0.13168   0.12833  -0.0532  0.0464  0.9203  -5.2437   0.0000   0.2426
  20.800   1.4528   0.13543   0.13211  -0.0558  0.0452  0.9205  -5.2597   0.0000   0.2439
  21.000   1.4443   0.13968   0.13641  -0.0588  0.0440  0.9207  -5.2584   0.0000   0.2456
  21.400   1.4336   0.14694   0.14376  -0.0640  0.0419  0.9211  -5.2847   0.0000   0.2483
  21.600   1.4287   0.14984   0.14670  -0.0657  0.0410  0.9213  -5.3032   0.0000   0.2490
  21.800   1.4214   0.15316   0.15006  -0.0678  0.0401  0.9215  -5.3078   0.0000   0.2501
  22.000   1.4163   0.15610   0.15303  -0.0696  0.0391  0.9217  -5.3232   0.0000   0.2509
  22.200   1.4076   0.15961   0.15658  -0.0718  0.0382  0.9219  -5.3183   0.0000   0.2522
  22.600   1.3971   0.16523   0.16228  -0.0752  0.0367  0.9225  -5.3445   0.0000   0.2538
  22.800   1.3938   0.16775   0.16483  -0.0768  0.0360  0.9228  -5.3670   0.0000   0.2544
  23.000   1.3914   0.17021   0.16733  -0.0784  0.0352  0.9231  -5.3925   0.0000   0.2550
  23.200   1.3860   0.17329   0.17045  -0.0806  0.0344  0.9234  -5.3994   0.0000   0.2562
  23.400   1.3826   0.17612   0.17330  -0.0828  0.0336  0.9237  -5.4156   0.0000   0.2573
  23.600   1.3796   0.17893   0.17613  -0.0850  0.0327  0.9239  -5.4329   0.0000   0.2583
  23.800   1.3757   0.18194   0.17918  -0.0874  0.0321  0.9242  -5.4428   0.0000   0.2596
  24.000   1.3754   0.18433   0.18160  -0.0893  0.0314  0.9245  -5.4745   0.0000   0.2604
  24.200   1.3752   0.18672   0.18402  -0.0913  0.0307  0.9247  -5.5064   0.0000   0.2612
  24.400   1.3714   0.18979   0.18712  -0.0939  0.0300  0.9250  -5.5153   0.0000   0.2626
  24.600   1.3695   0.19245   0.18981  -0.0962  0.0292  0.9254  -5.5366   0.0000   0.2637
  24.800   1.3679   0.19508   0.19245  -0.0984  0.0285  0.9257  -5.5588   0.0000   0.2647
  25.000   1.3647   0.19806   0.19547  -0.1011  0.0279  0.9261  -5.5679   0.0000   0.2661


