xflr5 v6.47

 Calculated polar for: NACA24018_theta30_Ku4.5_Kl0.5_d0.21_delta5.84

 1 1 Reynolds number fixed          Mach number fixed         

 xtrf =   1.000 (top)        1.000 (bottom)
 Mach =   0.000     Re =     0.200 e 6     Ncrit =   5.000

  alpha     CL        CD       CDp       Cm    Top Xtr Bot Xtr   Cpmin    Chinge    XCp    
 ------- -------- --------- --------- -------- ------- ------- -------- --------- ---------
 -14.800  -0.7598   0.05666   0.05039  -0.0855  0.9538  0.0488  -5.1702   0.0000   0.1119
 -14.600  -0.7659   0.05506   0.04878  -0.0832  0.9534  0.0490  -5.1392   0.0000   0.1165
 -14.400  -0.7714   0.05358   0.04730  -0.0811  0.9523  0.0493  -5.1066   0.0000   0.1207
 -14.200  -0.7736   0.05243   0.04613  -0.0795  0.9507  0.0496  -5.0636   0.0000   0.1236
 -14.000  -0.7740   0.05153   0.04519  -0.0783  0.9491  0.0500  -5.0154   0.0000   0.1257
 -13.800  -0.7714   0.05097   0.04457  -0.0775  0.9480  0.0505  -4.9585   0.0000   0.1268
 -13.600  -0.7738   0.04974   0.04330  -0.0757  0.9470  0.0510  -4.9176   0.0000   0.1300
 -13.400  -0.7721   0.04843   0.04192  -0.0744  0.9444  0.0516  -4.8648   0.0000   0.1318
 -13.200  -0.7606   0.04759   0.04097  -0.0747  0.9425  0.0524  -4.7852   0.0000   0.1303
 -13.000  -0.7448   0.04708   0.04032  -0.0754  0.9414  0.0533  -4.6950   0.0000   0.1272
 -12.800  -0.7412   0.04583   0.03910  -0.0739  0.9384  0.0537  -4.6290   0.0000   0.1292
 -12.600  -0.7225   0.04534   0.03861  -0.0747  0.9359  0.0544  -4.5172   0.0000   0.1257
 -12.000  -0.6652   0.04317   0.03627  -0.0768  0.9231  0.0575  -4.2008   0.0000   0.1138
 -11.800  -0.6417   0.04243   0.03546  -0.0779  0.9178  0.0587  -4.0892   0.0000   0.1077
 -11.600  -0.6174   0.04196   0.03502  -0.0792  0.9148  0.0597  -3.9690   0.0000   0.1007
 -11.400  -0.5957   0.04128   0.03432  -0.0801  0.9101  0.0609  -3.8598   0.0000   0.0946
 -11.200  -0.5711   0.04083   0.03382  -0.0812  0.9075  0.0624  -3.7468   0.0000   0.0866
 -11.000  -0.5490   0.04026   0.03317  -0.0819  0.9038  0.0638  -3.6437   0.0000   0.0795
 -10.800  -0.5251   0.03977   0.03272  -0.0829  0.9007  0.0649  -3.5292   0.0000   0.0704
 -10.600  -0.4977   0.03946   0.03240  -0.0845  0.8990  0.0666  -3.4074   0.0000   0.0582
 -10.400  -0.4765   0.03887   0.03178  -0.0850  0.8943  0.0684  -3.3061   0.0000   0.0495
 -10.200  -0.4500   0.03850   0.03139  -0.0863  0.8920  0.0702  -3.1914   0.0000   0.0356
 -10.000  -0.4206   0.03822   0.03113  -0.0881  0.8906  0.0720  -3.0718   0.0000   0.0172
  -9.800  -0.3995   0.03766   0.03056  -0.0885  0.8854  0.0740  -2.9775   0.0000   0.0047
  -9.600  -0.3708   0.03734   0.03022  -0.0900  0.8834  0.0764  -2.8671   0.0000  -0.0174
  -9.400  -0.3450   0.03691   0.02982  -0.0912  0.8798  0.0785  -2.7615   0.0000  -0.0399
  -9.200  -0.3182   0.03654   0.02944  -0.0925  0.8764  0.0812  -2.6570   0.0000  -0.0671
  -9.000  -0.2874   0.03623   0.02915  -0.0944  0.8746  0.0840  -2.5438   0.0000  -0.1065
  -8.800  -0.2630   0.03580   0.02874  -0.0953  0.8695  0.0868  -2.4457   0.0000  -0.1418
  -8.600  -0.2332   0.03547   0.02840  -0.0969  0.8667  0.0903  -2.3438   0.0000  -0.1973
  -8.400  -0.2045   0.03509   0.02806  -0.0985  0.8627  0.0937  -2.2433   0.0000  -0.2663
  -8.200  -0.1771   0.03472   0.02768  -0.0997  0.8577  0.0978  -2.1483   0.0000  -0.3511
  -8.000  -0.1511   0.03431   0.02733  -0.1009  0.8505  0.1017  -2.0557   0.0000  -0.4607
  -7.800  -0.1249   0.03398   0.02699  -0.1019  0.8434  0.1065  -1.9649   0.0000  -0.6154
  -7.600  -0.0948   0.03368   0.02676  -0.1036  0.8365  0.1119  -1.8708   0.0000  -0.9056
  -7.400  -0.0687   0.03351   0.02662  -0.1047  0.8272  0.1176  -1.7867   0.0000  -1.3560
  -7.200  -0.0382   0.03338   0.02653  -0.1065  0.8201  0.1250  -1.6951   0.0000  -2.6751
  -7.000  -0.0032   0.03321   0.02643  -0.1090  0.8153  0.1341  -1.5965   0.0000  -35.7089
  -6.800   0.0307   0.03315   0.02642  -0.1113  0.8093  0.1453  -1.5016   0.0000   4.0315
  -6.600   0.0668   0.03309   0.02644  -0.1141  0.8035  0.1601  -1.4042   0.0000   2.0236
  -6.400   0.1074   0.03303   0.02648  -0.1176  0.7985  0.1819  -1.3047   0.0000   1.3832
  -6.200   0.1531   0.03315   0.02679  -0.1222  0.7908  0.2211  -1.2000   0.0000   1.0737
  -6.000   0.2374   0.03383   0.02809  -0.1344  0.7861  0.3612  -1.0439   0.0000   0.8311
  -5.800   0.2856   0.03405   0.02852  -0.1391  0.7767  0.4263  -0.9440   0.0000   0.7480
  -5.600   0.3282   0.03383   0.02836  -0.1423  0.7689  0.4619  -0.8586   0.0000   0.6922
  -5.400   0.3694   0.03348   0.02801  -0.1452  0.7574  0.4875  -0.8149   0.0000   0.6499
  -5.200   0.4129   0.03287   0.02734  -0.1483  0.7448  0.5082  -0.8541   0.0000   0.6146
  -5.000   0.4554   0.03192   0.02633  -0.1511  0.7302  0.5251  -0.8935   0.0000   0.5861
  -4.800   0.4979   0.03082   0.02512  -0.1539  0.7118  0.5396  -0.9344   0.0000   0.5624
  -4.600   0.5412   0.02978   0.02394  -0.1569  0.6889  0.5558  -0.9761   0.0000   0.5424
  -4.400   0.5806   0.02909   0.02309  -0.1594  0.6633  0.5727  -1.0150   0.0000   0.5263
  -4.200   0.6076   0.02873   0.02258  -0.1597  0.6390  0.5852  -1.0458   0.0000   0.5142
  -4.000   0.6293   0.02856   0.02226  -0.1593  0.6156  0.5933  -1.0730   0.0000   0.5039
  -3.800   0.6437   0.02849   0.02208  -0.1576  0.5941  0.5978  -1.0946   0.0000   0.4951
  -3.600   0.6645   0.02863   0.02208  -0.1572  0.5724  0.6026  -1.1210   0.0000   0.4864
  -3.400   0.6978   0.02905   0.02232  -0.1593  0.5494  0.6088  -1.1567   0.0000   0.4777
  -3.200   0.7100   0.02914   0.02232  -0.1573  0.5325  0.6117  -1.1768   0.0000   0.4706
  -3.000   0.7201   0.02922   0.02233  -0.1549  0.5168  0.6144  -1.1952   0.0000   0.4638
  -2.800   0.7331   0.02936   0.02239  -0.1531  0.5017  0.6176  -1.2159   0.0000   0.4572
  -2.600   0.7502   0.02959   0.02253  -0.1521  0.4869  0.6213  -1.2400   0.0000   0.4507
  -2.400   0.7756   0.02998   0.02280  -0.1528  0.4717  0.6262  -1.2718   0.0000   0.4445
  -2.200   0.8002   0.03036   0.02308  -0.1533  0.4577  0.6308  -1.3045   0.0000   0.4387
  -2.000   0.8090   0.03043   0.02313  -0.1507  0.4476  0.6330  -1.3241   0.0000   0.4331
  -1.800   0.8195   0.03057   0.02321  -0.1484  0.4371  0.6355  -1.3452   0.0000   0.4277
  -1.600   0.8331   0.03074   0.02334  -0.1468  0.4274  0.6384  -1.3690   0.0000   0.4224
  -1.400   0.8506   0.03101   0.02355  -0.1459  0.4174  0.6418  -1.3960   0.0000   0.4175
  -1.200   0.8793   0.03146   0.02392  -0.1472  0.4074  0.6471  -1.4326   0.0000   0.4130
  -1.000   0.9013   0.03182   0.02422  -0.1472  0.3984  0.6510  -1.4637   0.0000   0.4086
  -0.800   0.9100   0.03192   0.02429  -0.1447  0.3918  0.6528  -1.4836   0.0000   0.4040
  -0.600   0.9204   0.03204   0.02441  -0.1425  0.3848  0.6549  -1.5055   0.0000   0.3995
  -0.400   0.9326   0.03225   0.02458  -0.1406  0.3783  0.6573  -1.5304   0.0000   0.3951
  -0.200   0.9487   0.03248   0.02479  -0.1395  0.3722  0.6602  -1.5593   0.0000   0.3911
   0.000   0.9702   0.03282   0.02510  -0.1394  0.3657  0.6641  -1.5933   0.0000   0.3875
   0.200   1.0048   0.03348   0.02567  -0.1419  0.3585  0.6701  -1.6398   0.0000   0.3847
   0.400   1.0135   0.03358   0.02578  -0.1394  0.3538  0.6716  -1.6620   0.0000   0.3807
   0.600   1.0234   0.03371   0.02593  -0.1371  0.3489  0.6732  -1.6856   0.0000   0.3769
   0.800   1.0346   0.03392   0.02613  -0.1351  0.3440  0.6750  -1.7104   0.0000   0.3732
   1.000   1.0471   0.03419   0.02636  -0.1334  0.3395  0.6771  -1.7366   0.0000   0.3698
   1.200   1.0625   0.03444   0.02663  -0.1322  0.3351  0.6797  -1.7653   0.0000   0.3665
   1.400   1.0817   0.03480   0.02699  -0.1317  0.3301  0.6832  -1.7990   0.0000   0.3636
   1.600   1.1195   0.03558   0.02771  -0.1349  0.3242  0.6897  -1.8520   0.0000   0.3620
   1.800   1.1277   0.03578   0.02789  -0.1324  0.3209  0.6909  -1.8758   0.0000   0.3586
   2.000   1.1378   0.03595   0.02810  -0.1302  0.3176  0.6923  -1.9023   0.0000   0.3554
   2.200   1.1484   0.03616   0.02834  -0.1281  0.3139  0.6938  -1.9296   0.0000   0.3523
   2.400   1.1596   0.03643   0.02863  -0.1262  0.3101  0.6957  -1.9589   0.0000   0.3493
   2.600   1.1720   0.03676   0.02895  -0.1246  0.3065  0.6978  -1.9896   0.0000   0.3464
   2.800   1.1866   0.03716   0.02932  -0.1234  0.3031  0.7004  -2.0228   0.0000   0.3438
   3.000   1.2071   0.03759   0.02980  -0.1233  0.2992  0.7037  -2.0622   0.0000   0.3417
   3.200   1.2425   0.03841   0.03063  -0.1260  0.2941  0.7093  -2.1186   0.0000   0.3406
   3.400   1.2503   0.03868   0.03091  -0.1236  0.2910  0.7104  -2.1446   0.0000   0.3377
   3.600   1.2583   0.03899   0.03122  -0.1212  0.2882  0.7117  -2.1709   0.0000   0.3350
   3.800   1.2676   0.03932   0.03154  -0.1191  0.2856  0.7132  -2.1996   0.0000   0.3323
   4.000   1.2789   0.03964   0.03193  -0.1174  0.2827  0.7150  -2.2307   0.0000   0.3298
   4.200   1.2915   0.04002   0.03237  -0.1159  0.2794  0.7170  -2.2635   0.0000   0.3275
   4.400   1.3051   0.04049   0.03287  -0.1146  0.2761  0.7193  -2.2988   0.0000   0.3253
   4.600   1.3209   0.04106   0.03345  -0.1139  0.2728  0.7222  -2.3375   0.0000   0.3233
   4.800   1.3432   0.04184   0.03419  -0.1143  0.2694  0.7260  -2.3856   0.0000   0.3219
   5.000   1.3645   0.04252   0.03494  -0.1145  0.2660  0.7290  -2.4329   0.0000   0.3204
   5.200   1.3724   0.04290   0.03539  -0.1123  0.2630  0.7302  -2.4640   0.0000   0.3180
   5.400   1.3804   0.04335   0.03589  -0.1102  0.2601  0.7315  -2.4962   0.0000   0.3156
   5.600   1.3885   0.04386   0.03642  -0.1082  0.2574  0.7330  -2.5288   0.0000   0.3134
   5.800   1.3975   0.04441   0.03698  -0.1064  0.2548  0.7348  -2.5630   0.0000   0.3112
   6.000   1.4083   0.04498   0.03757  -0.1049  0.2522  0.7369  -2.6006   0.0000   0.3093
   6.200   1.4212   0.04562   0.03830  -0.1037  0.2492  0.7393  -2.6420   0.0000   0.3075
   6.400   1.4360   0.04638   0.03912  -0.1030  0.2460  0.7418  -2.6870   0.0000   0.3059
   6.600   1.4536   0.04730   0.04009  -0.1029  0.2428  0.7445  -2.7363   0.0000   0.3045
   6.800   1.4730   0.04836   0.04115  -0.1032  0.2397  0.7473  -2.7889   0.0000   0.3034
   7.000   1.4783   0.04895   0.04174  -0.1009  0.2375  0.7484  -2.8209   0.0000   0.3013
   7.200   1.4842   0.04957   0.04248  -0.0988  0.2348  0.7497  -2.8567   0.0000   0.2992
   7.400   1.4906   0.05027   0.04326  -0.0968  0.2320  0.7512  -2.8943   0.0000   0.2973
   7.600   1.4974   0.05104   0.04409  -0.0951  0.2293  0.7528  -2.9330   0.0000   0.2954
   7.800   1.5046   0.05193   0.04503  -0.0934  0.2266  0.7545  -2.9724   0.0000   0.2936
   8.000   1.5127   0.05289   0.04600  -0.0921  0.2241  0.7563  -3.0136   0.0000   0.2920
   8.200   1.5226   0.05388   0.04704  -0.0910  0.2214  0.7582  -3.0573   0.0000   0.2905
   8.400   1.5337   0.05500   0.04827  -0.0902  0.2183  0.7605  -3.1033   0.0000   0.2891
   8.600   1.5469   0.05631   0.04966  -0.0899  0.2151  0.7630  -3.1586   0.0000   0.2880
   8.800   1.5596   0.05774   0.05114  -0.0897  0.2120  0.7653  -3.2157   0.0000   0.2870
   9.000   1.5618   0.05876   0.05218  -0.0877  0.2098  0.7664  -3.2532   0.0000   0.2852
   9.200   1.5653   0.05981   0.05330  -0.0860  0.2075  0.7675  -3.2924   0.0000   0.2836
   9.400   1.5694   0.06097   0.05457  -0.0844  0.2048  0.7686  -3.3335   0.0000   0.2820
   9.600   1.5734   0.06222   0.05592  -0.0830  0.2020  0.7698  -3.3753   0.0000   0.2806
   9.800   1.5768   0.06359   0.05735  -0.0817  0.1994  0.7712  -3.4162   0.0000   0.2792
  10.000   1.5804   0.06502   0.05881  -0.0805  0.1970  0.7727  -3.4591   0.0000   0.2778
  10.200   1.5847   0.06649   0.06031  -0.0795  0.1947  0.7743  -3.5055   0.0000   0.2766
  10.400   1.5899   0.06812   0.06207  -0.0788  0.1918  0.7762  -3.5527   0.0000   0.2755
  10.600   1.5955   0.06989   0.06395  -0.0784  0.1887  0.7781  -3.6013   0.0000   0.2746
  10.800   1.6016   0.07188   0.06600  -0.0783  0.1858  0.7799  -3.6552   0.0000   0.2738
  11.000   1.6091   0.07403   0.06818  -0.0786  0.1830  0.7817  -3.7150   0.0000   0.2733
  11.200   1.6110   0.07583   0.07007  -0.0779  0.1804  0.7827  -3.7603   0.0000   0.2723
  11.400   1.6105   0.07762   0.07199  -0.0770  0.1777  0.7835  -3.7993   0.0000   0.2712
  11.600   1.6094   0.07949   0.07395  -0.0762  0.1751  0.7844  -3.8369   0.0000   0.2703
  11.800   1.6081   0.08142   0.07594  -0.0755  0.1727  0.7854  -3.8737   0.0000   0.2694
  12.000   1.6068   0.08338   0.07793  -0.0749  0.1705  0.7866  -3.9108   0.0000   0.2685
  12.200   1.6059   0.08546   0.08010  -0.0746  0.1680  0.7878  -3.9472   0.0000   0.2678
  12.400   1.6046   0.08771   0.08248  -0.0745  0.1651  0.7891  -3.9820   0.0000   0.2672
  12.600   1.6031   0.09011   0.08497  -0.0746  0.1623  0.7904  -4.0160   0.0000   0.2668
  12.800   1.6019   0.09257   0.08748  -0.0750  0.1597  0.7917  -4.0509   0.0000   0.2665
  13.000   1.6016   0.09505   0.09000  -0.0755  0.1571  0.7930  -4.0884   0.0000   0.2662
  13.200   1.6006   0.09782   0.09291  -0.0764  0.1541  0.7942  -4.1243   0.0000   0.2662
  13.400   1.5995   0.10068   0.09587  -0.0775  0.1511  0.7954  -4.1600   0.0000   0.2663
  13.600   1.5996   0.10353   0.09876  -0.0788  0.1484  0.7966  -4.1992   0.0000   0.2665
  13.800   1.6011   0.10643   0.10171  -0.0804  0.1458  0.7978  -4.2421   0.0000   0.2668
  14.000   1.5965   0.10931   0.10473  -0.0814  0.1431  0.7986  -4.2664   0.0000   0.2670
  14.200   1.5904   0.11207   0.10758  -0.0823  0.1405  0.7993  -4.2863   0.0000   0.2671
  14.400   1.5853   0.11471   0.11027  -0.0831  0.1381  0.8001  -4.3092   0.0000   0.2672
  14.600   1.5820   0.11710   0.11268  -0.0839  0.1360  0.8010  -4.3382   0.0000   0.2672
  14.800   1.5748   0.12029   0.11601  -0.0855  0.1333  0.8019  -4.3497   0.0000   0.2678
  15.000   1.5684   0.12342   0.11924  -0.0871  0.1306  0.8028  -4.3633   0.0000   0.2684
  15.200   1.5639   0.12630   0.12217  -0.0887  0.1281  0.8038  -4.3847   0.0000   0.2689
  15.400   1.5620   0.12887   0.12475  -0.0902  0.1258  0.8048  -4.4163   0.0000   0.2693
  15.600   1.5542   0.13252   0.12855  -0.0926  0.1229  0.8056  -4.4204   0.0000   0.2704
  15.800   1.5487   0.13587   0.13198  -0.0950  0.1201  0.8065  -4.4334   0.0000   0.2715
  16.000   1.5471   0.13866   0.13479  -0.0970  0.1176  0.8075  -4.4624   0.0000   0.2722
  16.200   1.5431   0.14190   0.13811  -0.0995  0.1151  0.8083  -4.4789   0.0000   0.2732
  16.400   1.5364   0.14564   0.14196  -0.1025  0.1122  0.8091  -4.4815   0.0000   0.2748
  16.600   1.5349   0.14866   0.14501  -0.1050  0.1096  0.8101  -4.5063   0.0000   0.2758
  16.800   1.5363   0.15134   0.14770  -0.1073  0.1072  0.8112  -4.5433   0.0000   0.2765
  17.000   1.5288   0.15551   0.15200  -0.1111  0.1042  0.8121  -4.5359   0.0000   0.2786
  17.200   1.5263   0.15872   0.15526  -0.1140  0.1015  0.8131  -4.5529   0.0000   0.2798
  17.400   1.5267   0.16048   0.15699  -0.1150  0.0995  0.8139  -4.5930   0.0000   0.2799
  17.600   1.5166   0.16427   0.16091  -0.1182  0.0969  0.8145  -4.5755   0.0000   0.2817
  17.800   1.5094   0.16759   0.16430  -0.1210  0.0943  0.8152  -4.5717   0.0000   0.2832
  18.000   1.5096   0.16963   0.16634  -0.1225  0.0922  0.8161  -4.6065   0.0000   0.2835
  18.200   1.5054   0.17258   0.16934  -0.1251  0.0899  0.8169  -4.6147   0.0000   0.2848
  18.400   1.4979   0.17623   0.17309  -0.1285  0.0873  0.8177  -4.6025   0.0000   0.2867
  18.600   1.4992   0.17837   0.17524  -0.1304  0.0851  0.8186  -4.6381   0.0000   0.2872
  18.800   1.5002   0.18065   0.17753  -0.1326  0.0831  0.8195  -4.6707   0.0000   0.2878
  19.000   1.4922   0.18458   0.18157  -0.1364  0.0806  0.8201  -4.6487   0.0000   0.2901
  19.200   1.4931   0.18700   0.18401  -0.1389  0.0785  0.8210  -4.6789   0.0000   0.2910
  19.400   1.5002   0.18836   0.18533  -0.1403  0.0768  0.8221  -4.7473   0.0000   0.2908
  19.600   1.4902   0.19279   0.18989  -0.1448  0.0742  0.8226  -4.7076   0.0000   0.2937
  19.800   1.4907   0.19544   0.19257  -0.1477  0.0722  0.8235  -4.7316   0.0000   0.2948
  20.000   1.5015   0.19640   0.19350  -0.1489  0.0706  0.8250  -4.8205   0.0000   0.2941
  20.200   1.4916   0.20107   0.19830  -0.1540  0.0681  0.8256  -4.7736   0.0000   0.2974
  20.400   1.4914   0.20377   0.20104  -0.1569  0.0662  0.8266  -4.7930   0.0000   0.2986
  20.600   1.4968   0.20454   0.20177  -0.1575  0.0648  0.8275  -4.8627   0.0000   0.2978
  20.800   1.4882   0.20837   0.20570  -0.1614  0.0628  0.8280  -4.8260   0.0000   0.3003
  21.000   1.4843   0.21129   0.20868  -0.1645  0.0608  0.8287  -4.8217   0.0000   0.3019
  21.200   1.4891   0.21248   0.20985  -0.1657  0.0595  0.8297  -4.8822   0.0000   0.3016
  21.400   1.4881   0.21499   0.21240  -0.1684  0.0580  0.8304  -4.8949   0.0000   0.3027
  21.600   1.4794   0.21915   0.21666  -0.1730  0.0558  0.8309  -4.8442   0.0000   0.3056
  21.800   1.4841   0.22062   0.21813  -0.1747  0.0545  0.8318  -4.8981   0.0000   0.3057
  22.000   1.4952   0.22084   0.21830  -0.1751  0.0536  0.8328  -5.0044   0.0000   0.3043
  22.200   1.4757   0.22735   0.22498  -0.1824  0.0511  0.8330  -4.8525   0.0000   0.3099
  22.400   1.4800   0.22899   0.22664  -0.1844  0.0498  0.8339  -4.8998   0.0000   0.3101
  22.600   1.4907   0.22942   0.22703  -0.1852  0.0490  0.8350  -5.0014   0.0000   0.3089
  22.800   1.4697   0.23639   0.23417  -0.1930  0.0464  0.8350  -4.8172   0.0000   0.3151
  23.000   1.4746   0.23807   0.23586  -0.1952  0.0453  0.8359  -4.8641   0.0000   0.3153
  23.200   1.4862   0.23841   0.23618  -0.1961  0.0446  0.8371  -4.9766   0.0000   0.3140
  23.600   1.4665   0.24829   0.24622  -0.2076  0.0407  0.8380  -4.7787   0.0000   0.3219
  23.800   1.4765   0.24820   0.24612  -0.2078  0.0403  0.8392  -4.8958   0.0000   0.3203
  24.000   1.4863   0.24774   0.24563  -0.2074  0.0400  0.8403  -5.0199   0.0000   0.3182
  24.400   1.4632   0.25800   0.25605  -0.2191  0.0361  0.8409  -4.7589   0.0000   0.3268
  24.800   1.4221   0.27525   0.27345  -0.2375  0.0292  0.8404  -4.0958   0.0000   0.3427
  25.000   1.4281   0.27566   0.27387  -0.2384  0.0290  0.8414  -4.1794   0.0000   0.3417


