xflr5 v6.47

 Calculated polar for: NACA24018_theta30_Ku4.5_Kl0.5_d0.07_delta1.57

 1 1 Reynolds number fixed          Mach number fixed         

 xtrf =   1.000 (top)        1.000 (bottom)
 Mach =   0.000     Re =     1.800 e 6     Ncrit =   5.000

  alpha     CL        CD       CDp       Cm    Top Xtr Bot Xtr   Cpmin    Chinge    XCp    
 ------- -------- --------- --------- -------- ------- ------- -------- --------- ---------
 -14.600  -1.0841   0.02279   0.01784  -0.0766  0.9796  0.0246  -6.8432   0.0000   0.1571
 -14.400  -1.0655   0.02230   0.01733  -0.0768  0.9783  0.0249  -6.7032   0.0000   0.1559
 -14.200  -1.0451   0.02188   0.01689  -0.0774  0.9775  0.0251  -6.5574   0.0000   0.1542
 -14.000  -1.0230   0.02153   0.01653  -0.0781  0.9771  0.0254  -6.4070   0.0000   0.1521
 -13.800  -1.0123   0.02083   0.01580  -0.0767  0.9736  0.0255  -6.2971   0.0000   0.1530
 -13.600  -0.9942   0.02033   0.01530  -0.0767  0.9725  0.0260  -6.1638   0.0000   0.1519
 -13.400  -0.9745   0.01990   0.01485  -0.0770  0.9718  0.0265  -6.0255   0.0000   0.1503
 -13.200  -0.9537   0.01950   0.01445  -0.0775  0.9713  0.0269  -5.8839   0.0000   0.1483
 -13.000  -0.9462   0.01889   0.01383  -0.0752  0.9680  0.0272  -5.7881   0.0000   0.1504
 -12.800  -0.9285   0.01845   0.01339  -0.0750  0.9666  0.0276  -5.6588   0.0000   0.1494
 -12.600  -0.9088   0.01806   0.01300  -0.0750  0.9658  0.0281  -5.5235   0.0000   0.1477
 -12.400  -0.8881   0.01770   0.01263  -0.0752  0.9652  0.0285  -5.3866   0.0000   0.1458
 -12.200  -0.8837   0.01716   0.01207  -0.0722  0.9608  0.0288  -5.3030   0.0000   0.1491
 -12.000  -0.8666   0.01678   0.01168  -0.0717  0.9590  0.0291  -5.1792   0.0000   0.1484
 -11.800  -0.8821   0.01629   0.01116  -0.0647  0.9443  0.0292  -5.1600   0.0000   0.1584
 -11.600  -0.8716   0.01596   0.01082  -0.0628  0.9382  0.0294  -5.0580   0.0000   0.1600
 -11.400  -0.8575   0.01558   0.01043  -0.0616  0.9346  0.0299  -4.9503   0.0000   0.1605
 -11.200  -0.8425   0.01521   0.01005  -0.0605  0.9314  0.0304  -4.8407   0.0000   0.1608
 -11.000  -0.8252   0.01485   0.00969  -0.0598  0.9269  0.0310  -4.7248   0.0000   0.1603
 -10.800  -0.8032   0.01448   0.00931  -0.0599  0.9237  0.0316  -4.5961   0.0000   0.1583
 -10.600  -0.7801   0.01412   0.00895  -0.0603  0.9199  0.0322  -4.4671   0.0000   0.1557
 -10.400  -0.7541   0.01375   0.00857  -0.0612  0.9149  0.0328  -4.3354   0.0000   0.1519
 -10.200  -0.7234   0.01335   0.00816  -0.0631  0.9109  0.0333  -4.1921   0.0000   0.1459
 -10.000  -0.6925   0.01298   0.00777  -0.0649  0.9039  0.0339  -4.0506   0.0000   0.1393
  -9.800  -0.6566   0.01254   0.00731  -0.0678  0.8955  0.0350  -3.8979   0.0000   0.1296
  -9.600  -0.6143   0.01209   0.00683  -0.0720  0.8810  0.0363  -3.7307   0.0000   0.1153
  -9.400  -0.5813   0.01180   0.00644  -0.0743  0.8542  0.0373  -3.5894   0.0000   0.1044
  -9.200  -0.5606   0.01165   0.00618  -0.0741  0.8238  0.0380  -3.4812   0.0000   0.1001
  -9.000  -0.5439   0.01154   0.00596  -0.0731  0.7962  0.0386  -3.3840   0.0000   0.0981
  -8.800  -0.5274   0.01140   0.00575  -0.0720  0.7735  0.0396  -3.2885   0.0000   0.0959
  -8.600  -0.5105   0.01128   0.00556  -0.0711  0.7546  0.0406  -3.1926   0.0000   0.0933
  -8.400  -0.4925   0.01115   0.00538  -0.0703  0.7359  0.0415  -3.0951   0.0000   0.0898
  -8.200  -0.4740   0.01105   0.00522  -0.0696  0.7161  0.0425  -2.9973   0.0000   0.0857
  -8.000  -0.4549   0.01096   0.00506  -0.0690  0.6972  0.0434  -2.8993   0.0000   0.0808
  -7.600  -0.4156   0.01075   0.00475  -0.0681  0.6648  0.0459  -2.7042   0.0000   0.0685
  -7.400  -0.3954   0.01065   0.00461  -0.0677  0.6509  0.0472  -2.6082   0.0000   0.0609
  -7.200  -0.3749   0.01056   0.00448  -0.0674  0.6365  0.0484  -2.5162   0.0000   0.0522
  -6.800  -0.3335   0.01041   0.00424  -0.0668  0.6053  0.0510  -2.3344   0.0000   0.0311
  -6.600  -0.3126   0.01033   0.00412  -0.0665  0.5903  0.0530  -2.2447   0.0000   0.0181
  -6.200  -0.2700   0.01021   0.00392  -0.0662  0.5619  0.0560  -2.0711   0.0000  -0.0152
  -6.000  -0.2485   0.01015   0.00382  -0.0660  0.5470  0.0580  -1.9880   0.0000  -0.0364
  -5.800  -0.2269   0.01008   0.00372  -0.0659  0.5329  0.0602  -1.9056   0.0000  -0.0620
  -5.600  -0.2051   0.01003   0.00364  -0.0658  0.5204  0.0623  -1.8238   0.0000  -0.0936
  -5.400  -0.1832   0.00999   0.00356  -0.0657  0.5074  0.0644  -1.7430   0.0000  -0.1329
  -5.200  -0.1612   0.00993   0.00348  -0.0656  0.4939  0.0678  -1.6661   0.0000  -0.1831
  -5.000  -0.1392   0.00990   0.00341  -0.0656  0.4805  0.0706  -1.5912   0.0000  -0.2496
  -4.800  -0.1170   0.00987   0.00334  -0.0655  0.4684  0.0732  -1.5172   0.0000  -0.3418
  -4.600  -0.0948   0.00982   0.00328  -0.0655  0.4576  0.0775  -1.4439   0.0000  -0.4785
  -4.400  -0.0724   0.00978   0.00323  -0.0655  0.4466  0.0811  -1.3715   0.0000  -0.7006
  -4.200  -0.0499   0.00974   0.00317  -0.0656  0.4352  0.0863  -1.3000   0.0000  -1.1244
  -4.000  -0.0275   0.00972   0.00313  -0.0656  0.4236  0.0910  -1.2301   0.0000  -2.2381
  -3.800  -0.0049   0.00969   0.00308  -0.0656  0.4122  0.0972  -1.1642   0.0000  -13.6022
  -3.600   0.0177   0.00968   0.00305  -0.0657  0.4017  0.1022  -1.0992   0.0000   4.1049
  -3.400   0.0405   0.00965   0.00301  -0.0658  0.3921  0.1093  -1.0348   0.0000   1.9276
  -3.200   0.0633   0.00963   0.00298  -0.0659  0.3821  0.1172  -0.9731   0.0000   1.3217
  -3.000   0.0863   0.00961   0.00296  -0.0660  0.3724  0.1273  -0.9138   0.0000   1.0353
  -2.800   0.1096   0.00956   0.00294  -0.0662  0.3651  0.1391  -0.8580   0.0000   0.8681
  -2.600   0.1330   0.00953   0.00292  -0.0665  0.3573  0.1531  -0.8031   0.0000   0.7594
  -2.400   0.1574   0.00944   0.00289  -0.0669  0.3512  0.1758  -0.8092   0.0000   0.6822
  -2.000   0.2100   0.00916   0.00283  -0.0689  0.3377  0.2600  -0.8624   0.0000   0.5810
  -1.800   0.2396   0.00896   0.00282  -0.0706  0.3302  0.3265  -0.8922   0.0000   0.5464
  -1.600   0.2675   0.00886   0.00283  -0.0719  0.3244  0.3694  -0.9212   0.0000   0.5193
  -1.400   0.2958   0.00877   0.00285  -0.0732  0.3192  0.4093  -0.9505   0.0000   0.4972
  -1.200   0.3234   0.00875   0.00289  -0.0744  0.3133  0.4420  -0.9796   0.0000   0.4790
  -1.000   0.3503   0.00873   0.00293  -0.0753  0.3089  0.4651  -1.0093   0.0000   0.4634
  -0.800   0.3765   0.00874   0.00298  -0.0761  0.3038  0.4854  -1.0395   0.0000   0.4500
  -0.400   0.4300   0.00878   0.00308  -0.0779  0.2952  0.5247  -1.1034   0.0000   0.4281
  -0.200   0.4571   0.00880   0.00314  -0.0789  0.2908  0.5453  -1.1359   0.0000   0.4191
   0.000   0.4846   0.00884   0.00322  -0.0800  0.2862  0.5651  -1.1690   0.0000   0.4111
   0.200   0.5119   0.00888   0.00328  -0.0810  0.2831  0.5830  -1.2020   0.0000   0.4039
   0.400   0.5385   0.00892   0.00335  -0.0818  0.2803  0.5968  -1.2348   0.0000   0.3973
   0.600   0.5632   0.00898   0.00342  -0.0822  0.2770  0.6053  -1.2663   0.0000   0.3911
   0.800   0.5880   0.00906   0.00349  -0.0827  0.2734  0.6127  -1.2980   0.0000   0.3855
   1.000   0.6121   0.00914   0.00356  -0.0830  0.2699  0.6195  -1.3300   0.0000   0.3802
   1.200   0.6374   0.00921   0.00364  -0.0836  0.2670  0.6276  -1.3640   0.0000   0.3754
   1.400   0.6616   0.00929   0.00372  -0.0839  0.2636  0.6347  -1.3974   0.0000   0.3708
   1.600   0.6865   0.00938   0.00380  -0.0844  0.2603  0.6423  -1.4315   0.0000   0.3667
   1.800   0.7103   0.00948   0.00389  -0.0847  0.2569  0.6491  -1.4649   0.0000   0.3627
   2.000   0.7357   0.00955   0.00398  -0.0852  0.2546  0.6569  -1.4999   0.0000   0.3591
   2.200   0.7599   0.00964   0.00407  -0.0856  0.2516  0.6641  -1.5357   0.0000   0.3556
   2.400   0.7848   0.00974   0.00417  -0.0861  0.2481  0.6718  -1.5723   0.0000   0.3524
   2.600   0.8085   0.00985   0.00428  -0.0864  0.2447  0.6789  -1.6081   0.0000   0.3493
   2.800   0.8336   0.00995   0.00439  -0.0869  0.2420  0.6866  -1.6453   0.0000   0.3465
   3.000   0.8578   0.01005   0.00449  -0.0872  0.2393  0.6940  -1.6838   0.0000   0.3437
   3.200   0.8825   0.01016   0.00461  -0.0877  0.2360  0.7018  -1.7230   0.0000   0.3411
   3.400   0.9059   0.01029   0.00473  -0.0879  0.2329  0.7085  -1.7615   0.0000   0.3385
   3.600   0.9302   0.01042   0.00486  -0.0883  0.2295  0.7154  -1.8026   0.0000   0.3362
   3.800   0.9535   0.01052   0.00498  -0.0885  0.2273  0.7219  -1.8431   0.0000   0.3338
   4.000   0.9781   0.01064   0.00511  -0.0889  0.2244  0.7287  -1.8851   0.0000   0.3317
   4.200   1.0012   0.01078   0.00525  -0.0891  0.2216  0.7354  -1.9258   0.0000   0.3295
   4.400   1.0248   0.01093   0.00540  -0.0894  0.2187  0.7418  -1.9673   0.0000   0.3275
   4.600   1.0479   0.01107   0.00554  -0.0895  0.2161  0.7484  -2.0084   0.0000   0.3254
   4.800   1.0713   0.01119   0.00568  -0.0897  0.2142  0.7544  -2.0501   0.0000   0.3235
   5.000   1.0947   0.01133   0.00583  -0.0900  0.2115  0.7613  -2.0925   0.0000   0.3216
   5.200   1.1168   0.01149   0.00599  -0.0899  0.2083  0.7673  -2.1355   0.0000   0.3197
   5.400   1.1392   0.01167   0.00617  -0.0900  0.2050  0.7733  -2.1789   0.0000   0.3179
   5.600   1.1611   0.01183   0.00633  -0.0899  0.2026  0.7788  -2.2221   0.0000   0.3161
   5.800   1.1829   0.01198   0.00649  -0.0898  0.2003  0.7837  -2.2656   0.0000   0.3144
   6.000   1.2043   0.01215   0.00668  -0.0897  0.1974  0.7892  -2.3110   0.0000   0.3126
   6.200   1.2248   0.01235   0.00687  -0.0894  0.1941  0.7946  -2.3566   0.0000   0.3108
   6.400   1.2447   0.01256   0.00708  -0.0890  0.1906  0.7992  -2.4030   0.0000   0.3091
   6.600   1.2655   0.01273   0.00726  -0.0887  0.1888  0.8041  -2.4507   0.0000   0.3074
   6.800   1.2860   0.01291   0.00745  -0.0884  0.1866  0.8089  -2.4984   0.0000   0.3057
   7.000   1.3055   0.01311   0.00766  -0.0879  0.1838  0.8132  -2.5451   0.0000   0.3041
   7.200   1.3241   0.01334   0.00789  -0.0873  0.1804  0.8177  -2.5926   0.0000   0.3023
   7.400   1.3433   0.01356   0.00811  -0.0868  0.1773  0.8219  -2.6442   0.0000   0.3007
   7.600   1.3632   0.01376   0.00832  -0.0864  0.1750  0.8254  -2.6973   0.0000   0.2992
   7.800   1.3807   0.01398   0.00855  -0.0856  0.1722  0.8292  -2.7473   0.0000   0.2975
   8.000   1.3983   0.01422   0.00879  -0.0848  0.1693  0.8334  -2.7977   0.0000   0.2958
   8.200   1.4161   0.01450   0.00906  -0.0840  0.1664  0.8373  -2.8486   0.0000   0.2942
   8.400   1.4347   0.01473   0.00931  -0.0835  0.1643  0.8405  -2.9016   0.0000   0.2927
   8.600   1.4497   0.01497   0.00957  -0.0822  0.1616  0.8437  -2.9542   0.0000   0.2909
   8.800   1.4648   0.01527   0.00986  -0.0810  0.1581  0.8469  -3.0073   0.0000   0.2892
   9.000   1.4807   0.01559   0.01018  -0.0800  0.1547  0.8499  -3.0616   0.0000   0.2876
   9.200   1.4987   0.01586   0.01046  -0.0793  0.1527  0.8527  -3.1218   0.0000   0.2862
   9.400   1.5158   0.01614   0.01075  -0.0785  0.1502  0.8553  -3.1844   0.0000   0.2848
   9.600   1.5272   0.01646   0.01109  -0.0767  0.1469  0.8582  -3.2377   0.0000   0.2829
   9.800   1.5388   0.01686   0.01148  -0.0750  0.1430  0.8610  -3.2917   0.0000   0.2810
  10.000   1.5539   0.01718   0.01181  -0.0739  0.1406  0.8637  -3.3518   0.0000   0.2795
  10.200   1.5702   0.01753   0.01217  -0.0731  0.1380  0.8662  -3.4145   0.0000   0.2782
  10.400   1.5860   0.01797   0.01260  -0.0723  0.1344  0.8683  -3.4836   0.0000   0.2768
  10.600   1.5947   0.01842   0.01305  -0.0702  0.1308  0.8705  -3.5409   0.0000   0.2749
  10.800   1.6046   0.01878   0.01344  -0.0682  0.1286  0.8727  -3.6008   0.0000   0.2731
  11.000   1.6150   0.01922   0.01389  -0.0664  0.1257  0.8747  -3.6621   0.0000   0.2713
  11.200   1.6253   0.01975   0.01441  -0.0648  0.1223  0.8768  -3.7257   0.0000   0.2697
  11.400   1.6375   0.02030   0.01497  -0.0636  0.1191  0.8788  -3.7965   0.0000   0.2683
  11.600   1.6522   0.02080   0.01549  -0.0627  0.1169  0.8806  -3.8734   0.0000   0.2671
  11.800   1.6664   0.02141   0.01609  -0.0620  0.1137  0.8823  -3.9498   0.0000   0.2659
  12.000   1.6707   0.02208   0.01677  -0.0595  0.1103  0.8841  -4.0070   0.0000   0.2640
  12.200   1.6751   0.02266   0.01737  -0.0570  0.1078  0.8858  -4.0644   0.0000   0.2620
  12.400   1.6815   0.02326   0.01800  -0.0550  0.1056  0.8875  -4.1268   0.0000   0.2603
  12.600   1.6890   0.02399   0.01874  -0.0533  0.1027  0.8891  -4.1916   0.0000   0.2587
  12.800   1.6958   0.02485   0.01961  -0.0517  0.0996  0.8908  -4.2550   0.0000   0.2573
  13.000   1.7054   0.02565   0.02042  -0.0505  0.0972  0.8923  -4.3252   0.0000   0.2560
  13.200   1.7152   0.02651   0.02130  -0.0495  0.0945  0.8936  -4.3981   0.0000   0.2548
  13.400   1.7234   0.02756   0.02235  -0.0485  0.0913  0.8948  -4.4709   0.0000   0.2537
  13.600   1.7324   0.02865   0.02345  -0.0477  0.0884  0.8958  -4.5457   0.0000   0.2527
  13.800   1.7376   0.02958   0.02441  -0.0462  0.0867  0.8969  -4.6119   0.0000   0.2512
  14.000   1.7370   0.03058   0.02545  -0.0438  0.0847  0.8981  -4.6645   0.0000   0.2495
  14.200   1.7361   0.03177   0.02667  -0.0416  0.0824  0.8993  -4.7158   0.0000   0.2478
  14.400   1.7353   0.03315   0.02806  -0.0398  0.0797  0.9004  -4.7670   0.0000   0.2463
  14.600   1.7381   0.03436   0.02931  -0.0384  0.0780  0.9014  -4.8287   0.0000   0.2450
  14.800   1.7398   0.03573   0.03071  -0.0371  0.0758  0.9024  -4.8871   0.0000   0.2438
  15.000   1.7401   0.03734   0.03235  -0.0360  0.0735  0.9034  -4.9409   0.0000   0.2427
  15.200   1.7397   0.03915   0.03418  -0.0351  0.0711  0.9044  -4.9920   0.0000   0.2417
  15.400   1.7431   0.04075   0.03582  -0.0345  0.0696  0.9053  -5.0548   0.0000   0.2408
  15.600   1.7460   0.04251   0.03762  -0.0341  0.0680  0.9061  -5.1155   0.0000   0.2401
  15.800   1.7470   0.04455   0.03970  -0.0339  0.0660  0.9069  -5.1703   0.0000   0.2394
  16.000   1.7458   0.04692   0.04210  -0.0339  0.0639  0.9076  -5.2176   0.0000   0.2389
  16.200   1.7464   0.04921   0.04443  -0.0340  0.0623  0.9082  -5.2702   0.0000   0.2384
  16.400   1.7476   0.05153   0.04679  -0.0343  0.0608  0.9087  -5.3245   0.0000   0.2381
  16.600   1.7452   0.05412   0.04943  -0.0345  0.0591  0.9091  -5.3674   0.0000   0.2377
  16.800   1.7363   0.05679   0.05216  -0.0340  0.0578  0.9097  -5.3909   0.0000   0.2369
  17.000   1.7262   0.05977   0.05519  -0.0337  0.0564  0.9101  -5.4114   0.0000   0.2363
  17.200   1.7172   0.06272   0.05821  -0.0337  0.0553  0.9105  -5.4349   0.0000   0.2359
  17.400   1.7098   0.06559   0.06114  -0.0337  0.0544  0.9109  -5.4630   0.0000   0.2354
  17.600   1.7014   0.06867   0.06429  -0.0340  0.0535  0.9112  -5.4869   0.0000   0.2351
  17.800   1.6910   0.07206   0.06775  -0.0345  0.0525  0.9115  -5.5029   0.0000   0.2350
  18.000   1.6786   0.07577   0.07153  -0.0352  0.0515  0.9118  -5.5101   0.0000   0.2349
  18.200   1.6650   0.07969   0.07553  -0.0361  0.0506  0.9121  -5.5115   0.0000   0.2351
  18.400   1.6502   0.08387   0.07978  -0.0372  0.0496  0.9123  -5.5070   0.0000   0.2353
  18.600   1.6357   0.08811   0.08409  -0.0385  0.0487  0.9125  -5.5020   0.0000   0.2357
  18.800   1.6238   0.09204   0.08809  -0.0397  0.0481  0.9127  -5.5057   0.0000   0.2361
  19.000   1.6113   0.09611   0.09224  -0.0412  0.0473  0.9129  -5.5053   0.0000   0.2366
  19.200   1.5980   0.10035   0.09655  -0.0428  0.0465  0.9131  -5.5006   0.0000   0.2372
  19.400   1.5842   0.10473   0.10101  -0.0447  0.0456  0.9132  -5.4917   0.0000   0.2380
  19.600   1.5694   0.10929   0.10563  -0.0467  0.0446  0.9134  -5.4773   0.0000   0.2390
  19.800   1.5545   0.11390   0.11031  -0.0489  0.0437  0.9135  -5.4611   0.0000   0.2400
  20.000   1.5404   0.11840   0.11487  -0.0512  0.0427  0.9137  -5.4478   0.0000   0.2412
  20.200   1.5305   0.12226   0.11880  -0.0531  0.0420  0.9139  -5.4520   0.0000   0.2420
  20.400   1.5223   0.12588   0.12247  -0.0550  0.0412  0.9142  -5.4623   0.0000   0.2428
  20.600   1.5118   0.12989   0.12654  -0.0572  0.0404  0.9145  -5.4602   0.0000   0.2439
  20.800   1.5018   0.13384   0.13054  -0.0595  0.0396  0.9148  -5.4591   0.0000   0.2451
  21.000   1.4935   0.13754   0.13428  -0.0617  0.0386  0.9151  -5.4646   0.0000   0.2462
  21.200   1.4831   0.14163   0.13842  -0.0642  0.0378  0.9154  -5.4577   0.0000   0.2476
  21.400   1.4785   0.14485   0.14169  -0.0663  0.0370  0.9157  -5.4776   0.0000   0.2485
  21.600   1.4726   0.14834   0.14523  -0.0687  0.0364  0.9160  -5.4899   0.0000   0.2496
  21.800   1.4700   0.15133   0.14826  -0.0708  0.0357  0.9163  -5.5180   0.0000   0.2505
  22.000   1.4638   0.15497   0.15195  -0.0734  0.0350  0.9166  -5.5252   0.0000   0.2519
  22.200   1.4608   0.15810   0.15510  -0.0758  0.0341  0.9169  -5.5484   0.0000   0.2530
  22.400   1.4538   0.16193   0.15898  -0.0787  0.0333  0.9172  -5.5485   0.0000   0.2546
  22.600   1.4510   0.16509   0.16217  -0.0812  0.0324  0.9175  -5.5702   0.0000   0.2558
  22.800   1.4488   0.16821   0.16533  -0.0838  0.0318  0.9179  -5.5937   0.0000   0.2570
  23.000   1.4471   0.17128   0.16843  -0.0864  0.0311  0.9182  -5.6186   0.0000   0.2582
  23.200   1.4466   0.17415   0.17133  -0.0889  0.0304  0.9186  -5.6501   0.0000   0.2593
  23.400   1.4426   0.17770   0.17492  -0.0920  0.0297  0.9190  -5.6586   0.0000   0.2609
  23.600   1.4412   0.18082   0.17806  -0.0948  0.0289  0.9193  -5.6818   0.0000   0.2623
  23.800   1.4405   0.18389   0.18116  -0.0977  0.0281  0.9197  -5.7093   0.0000   0.2636
  24.000   1.4393   0.18709   0.18441  -0.1007  0.0276  0.9200  -5.7324   0.0000   0.2651
  24.200   1.4414   0.18974   0.18709  -0.1034  0.0271  0.9203  -5.7753   0.0000   0.2662
  24.400   1.4432   0.19244   0.18981  -0.1061  0.0265  0.9206  -5.8162   0.0000   0.2672
  24.600   1.4407   0.19594   0.19335  -0.1095  0.0259  0.9208  -5.8273   0.0000   0.2690
  24.800   1.4414   0.19874   0.19617  -0.1123  0.0252  0.9210  -5.8600   0.0000   0.2703
  25.000   1.4393   0.20126   0.19872  -0.1144  0.0247  0.9213  -5.8824   0.0000   0.2712


