xflr5 v6.47

 Calculated polar for: NACA24018_theta30_Ku4.5_Kl0.5_d0.17_delta4.56

 1 1 Reynolds number fixed          Mach number fixed         

 xtrf =   1.000 (top)        1.000 (bottom)
 Mach =   0.000     Re =     0.400 e 6     Ncrit =   5.000

  alpha     CL        CD       CDp       Cm    Top Xtr Bot Xtr   Cpmin    Chinge    XCp    
 ------- -------- --------- --------- -------- ------- ------- -------- --------- ---------
 -15.000  -0.8423   0.04606   0.04042  -0.0860  0.9561  0.0384  -5.7831   0.0000   0.1225
 -14.800  -0.8387   0.04499   0.03931  -0.0851  0.9551  0.0388  -5.7145   0.0000   0.1235
 -14.600  -0.8327   0.04407   0.03835  -0.0846  0.9541  0.0392  -5.6379   0.0000   0.1237
 -14.400  -0.8250   0.04331   0.03753  -0.0843  0.9534  0.0396  -5.5560   0.0000   0.1235
 -14.000  -0.8256   0.04129   0.03541  -0.0806  0.9506  0.0403  -5.4448   0.0000   0.1292
 -13.800  -0.8191   0.04042   0.03450  -0.0798  0.9483  0.0407  -5.3658   0.0000   0.1297
 -13.200  -0.8056   0.03769   0.03171  -0.0762  0.9376  0.0418  -5.1433   0.0000   0.1338
 -13.000  -0.7931   0.03702   0.03099  -0.0761  0.9346  0.0424  -5.0427   0.0000   0.1328
 -12.800  -0.7825   0.03599   0.02993  -0.0755  0.9288  0.0430  -4.9517   0.0000   0.1327
 -12.600  -0.7691   0.03519   0.02909  -0.0752  0.9251  0.0437  -4.8543   0.0000   0.1316
 -12.400  -0.7540   0.03448   0.02832  -0.0751  0.9222  0.0444  -4.7532   0.0000   0.1300
 -12.200  -0.7347   0.03385   0.02767  -0.0758  0.9208  0.0451  -4.6388   0.0000   0.1265
 -12.000  -0.7214   0.03300   0.02683  -0.0753  0.9165  0.0457  -4.5422   0.0000   0.1255
 -11.800  -0.7009   0.03242   0.02622  -0.0760  0.9146  0.0464  -4.4245   0.0000   0.1215
 -11.600  -0.6778   0.03192   0.02570  -0.0770  0.9135  0.0473  -4.3008   0.0000   0.1164
 -11.400  -0.6614   0.03123   0.02498  -0.0768  0.9095  0.0481  -4.1985   0.0000   0.1140
 -11.200  -0.6384   0.03072   0.02443  -0.0777  0.9076  0.0491  -4.0782   0.0000   0.1084
 -11.000  -0.6134   0.03021   0.02394  -0.0789  0.9064  0.0501  -3.9511   0.0000   0.1013
 -10.800  -0.5906   0.02973   0.02346  -0.0797  0.9043  0.0511  -3.8313   0.0000   0.0950
 -10.600  -0.5697   0.02921   0.02292  -0.0801  0.9009  0.0523  -3.7204   0.0000   0.0893
 -10.200  -0.5155   0.02836   0.02207  -0.0829  0.8983  0.0548  -3.4771   0.0000   0.0685
 -10.000  -0.4945   0.02787   0.02157  -0.0833  0.8944  0.0560  -3.3724   0.0000   0.0609
  -9.800  -0.4687   0.02748   0.02116  -0.0843  0.8921  0.0576  -3.2573   0.0000   0.0491
  -9.600  -0.4405   0.02711   0.02079  -0.0858  0.8907  0.0592  -3.1371   0.0000   0.0336
  -9.400  -0.4157   0.02670   0.02041  -0.0867  0.8878  0.0608  -3.0261   0.0000   0.0194
  -9.200  -0.3924   0.02631   0.02001  -0.0873  0.8834  0.0625  -2.9208   0.0000   0.0051
  -8.800  -0.3445   0.02556   0.01929  -0.0887  0.8733  0.0662  -2.7148   0.0000  -0.0311
  -7.400  -0.1543   0.02379   0.01761  -0.0964  0.8290  0.0856  -2.0020   0.0000  -0.4140
  -7.200  -0.1233   0.02355   0.01738  -0.0981  0.8225  0.0898  -1.9027   0.0000  -0.5917
  -7.000  -0.0889   0.02321   0.01705  -0.1003  0.8171  0.0949  -1.7982   0.0000  -0.9389
  -6.800  -0.0524   0.02281   0.01668  -0.1029  0.8103  0.1010  -1.6915   0.0000  -1.8110
  -6.600  -0.0119   0.02227   0.01614  -0.1061  0.8026  0.1084  -1.5835   0.0000  -9.0967
  -6.400   0.0318   0.02164   0.01552  -0.1099  0.7933  0.1175  -1.4736   0.0000   3.8512
  -6.200   0.0808   0.02086   0.01473  -0.1147  0.7824  0.1297  -1.3612   0.0000   1.7218
  -6.000   0.1305   0.02011   0.01396  -0.1196  0.7672  0.1454  -1.2519   0.0000   1.1974
  -5.800   0.1822   0.01938   0.01320  -0.1251  0.7458  0.1691  -1.1421   0.0000   0.9570
  -5.600   0.2311   0.01893   0.01276  -0.1303  0.7170  0.2072  -1.0388   0.0000   0.8288
  -5.200   0.3497   0.01906   0.01323  -0.1457  0.6542  0.3959  -0.8193   0.0000   0.6749
  -5.000   0.3860   0.01934   0.01347  -0.1485  0.6268  0.4318  -0.8461   0.0000   0.6416
  -4.800   0.4167   0.01961   0.01366  -0.1502  0.6018  0.4554  -0.8769   0.0000   0.6161
  -4.600   0.4463   0.01989   0.01387  -0.1516  0.5788  0.4751  -0.9072   0.0000   0.5945
  -4.400   0.4752   0.02017   0.01408  -0.1529  0.5574  0.4922  -0.9373   0.0000   0.5757
  -4.200   0.5032   0.02046   0.01430  -0.1540  0.5367  0.5079  -0.9670   0.0000   0.5592
  -4.000   0.5311   0.02074   0.01452  -0.1551  0.5172  0.5239  -0.9967   0.0000   0.5445
  -3.800   0.5588   0.02103   0.01474  -0.1561  0.5000  0.5389  -1.0265   0.0000   0.5312
  -3.600   0.5866   0.02132   0.01496  -0.1572  0.4833  0.5534  -1.0566   0.0000   0.5191
  -3.400   0.6124   0.02159   0.01519  -0.1578  0.4672  0.5670  -1.0854   0.0000   0.5084
  -3.200   0.6394   0.02187   0.01542  -0.1586  0.4521  0.5805  -1.1152   0.0000   0.4983
  -3.000   0.6646   0.02212   0.01562  -0.1591  0.4388  0.5907  -1.1439   0.0000   0.4892
  -2.600   0.7099   0.02255   0.01592  -0.1592  0.4151  0.6010  -1.2015   0.0000   0.4732
  -2.400   0.7313   0.02276   0.01607  -0.1590  0.4045  0.6059  -1.2301   0.0000   0.4659
  -2.200   0.7554   0.02299   0.01625  -0.1593  0.3942  0.6115  -1.2610   0.0000   0.4590
  -2.000   0.7805   0.02326   0.01645  -0.1598  0.3853  0.6168  -1.2928   0.0000   0.4525
  -1.800   0.7994   0.02341   0.01659  -0.1590  0.3778  0.6212  -1.3199   0.0000   0.4464
  -1.600   0.8198   0.02361   0.01676  -0.1586  0.3703  0.6258  -1.3494   0.0000   0.4406
  -1.400   0.8429   0.02384   0.01696  -0.1587  0.3635  0.6308  -1.3814   0.0000   0.4351
  -1.200   0.8690   0.02414   0.01720  -0.1594  0.3559  0.6361  -1.4161   0.0000   0.4300
  -0.800   0.9052   0.02449   0.01753  -0.1577  0.3437  0.6447  -1.4745   0.0000   0.4201
  -0.600   0.9262   0.02472   0.01773  -0.1574  0.3376  0.6493  -1.5066   0.0000   0.4155
  -0.200   0.9721   0.02526   0.01822  -0.1576  0.3270  0.6582  -1.5749   0.0000   0.4071
   0.000   0.9879   0.02541   0.01838  -0.1563  0.3227  0.6620  -1.6027   0.0000   0.4029
   0.200   1.0056   0.02561   0.01858  -0.1554  0.3181  0.6662  -1.6325   0.0000   0.3989
   0.400   1.0258   0.02591   0.01883  -0.1550  0.3136  0.6707  -1.6647   0.0000   0.3952
   0.600   1.0517   0.02622   0.01914  -0.1556  0.3093  0.6754  -1.7030   0.0000   0.3918
   0.800   1.0697   0.02643   0.01936  -0.1548  0.3052  0.6791  -1.7353   0.0000   0.3883
   1.000   1.0833   0.02659   0.01953  -0.1531  0.3016  0.6824  -1.7642   0.0000   0.3846
   1.200   1.0989   0.02682   0.01975  -0.1518  0.2979  0.6860  -1.7951   0.0000   0.3812
   1.400   1.1181   0.02709   0.02002  -0.1512  0.2945  0.6898  -1.8297   0.0000   0.3780
   1.600   1.1421   0.02742   0.02035  -0.1515  0.2906  0.6940  -1.8693   0.0000   0.3751
   1.800   1.1649   0.02777   0.02069  -0.1516  0.2867  0.6979  -1.9080   0.0000   0.3723
   2.000   1.1752   0.02792   0.02086  -0.1494  0.2838  0.7005  -1.9345   0.0000   0.3690
   2.200   1.1869   0.02815   0.02109  -0.1474  0.2809  0.7034  -1.9635   0.0000   0.3658
   2.400   1.2019   0.02840   0.02136  -0.1461  0.2780  0.7065  -1.9972   0.0000   0.3629
   2.600   1.2215   0.02870   0.02168  -0.1456  0.2748  0.7101  -2.0360   0.0000   0.3602
   2.800   1.2455   0.02912   0.02210  -0.1459  0.2710  0.7142  -2.0799   0.0000   0.3579
   3.000   1.2671   0.02955   0.02251  -0.1459  0.2673  0.7176  -2.1215   0.0000   0.3556
   3.200   1.2751   0.02975   0.02273  -0.1433  0.2646  0.7195  -2.1481   0.0000   0.3525
   3.400   1.2849   0.02996   0.02297  -0.1410  0.2621  0.7216  -2.1768   0.0000   0.3496
   3.600   1.2976   0.03018   0.02323  -0.1393  0.2596  0.7240  -2.2087   0.0000   0.3469
   3.800   1.3127   0.03048   0.02355  -0.1380  0.2567  0.7268  -2.2447   0.0000   0.3445
   4.000   1.3304   0.03087   0.02395  -0.1373  0.2536  0.7299  -2.2855   0.0000   0.3422
   4.200   1.3517   0.03140   0.02447  -0.1373  0.2502  0.7332  -2.3310   0.0000   0.3402
   4.400   1.3763   0.03203   0.02508  -0.1379  0.2470  0.7365  -2.3806   0.0000   0.3385
   4.600   1.3833   0.03221   0.02532  -0.1352  0.2448  0.7380  -2.4090   0.0000   0.3358
   4.800   1.3915   0.03245   0.02560  -0.1327  0.2422  0.7396  -2.4395   0.0000   0.3331
   5.000   1.4011   0.03275   0.02594  -0.1305  0.2395  0.7413  -2.4740   0.0000   0.3306
   5.200   1.4116   0.03312   0.02633  -0.1286  0.2369  0.7432  -2.5097   0.0000   0.3282
   5.400   1.4231   0.03356   0.02678  -0.1268  0.2344  0.7452  -2.5467   0.0000   0.3260
   5.600   1.4367   0.03403   0.02727  -0.1255  0.2319  0.7476  -2.5872   0.0000   0.3239
   5.800   1.4550   0.03453   0.02781  -0.1250  0.2291  0.7504  -2.6352   0.0000   0.3221
   6.000   1.4801   0.03525   0.02854  -0.1258  0.2254  0.7538  -2.6931   0.0000   0.3209
   6.200   1.4952   0.03584   0.02914  -0.1248  0.2225  0.7558  -2.7390   0.0000   0.3190
   6.400   1.5009   0.03627   0.02960  -0.1222  0.2201  0.7569  -2.7716   0.0000   0.3166
   6.600   1.5073   0.03671   0.03007  -0.1197  0.2180  0.7580  -2.8053   0.0000   0.3143
   6.800   1.5154   0.03710   0.03052  -0.1174  0.2157  0.7593  -2.8414   0.0000   0.3120
   7.000   1.5239   0.03758   0.03104  -0.1153  0.2131  0.7606  -2.8783   0.0000   0.3099
   7.200   1.5333   0.03813   0.03163  -0.1135  0.2104  0.7621  -2.9201   0.0000   0.3079
   7.400   1.5430   0.03877   0.03229  -0.1118  0.2077  0.7636  -2.9636   0.0000   0.3060
   7.600   1.5523   0.03955   0.03307  -0.1101  0.2052  0.7654  -3.0065   0.0000   0.3041
   7.800   1.5665   0.04020   0.03378  -0.1091  0.2027  0.7675  -3.0579   0.0000   0.3025
   8.000   1.5848   0.04102   0.03465  -0.1090  0.1997  0.7703  -3.1191   0.0000   0.3012
   8.200   1.6089   0.04214   0.03579  -0.1100  0.1962  0.7734  -3.1916   0.0000   0.3004
   8.400   1.6124   0.04287   0.03655  -0.1075  0.1939  0.7742  -3.2302   0.0000   0.2983
   8.600   1.6162   0.04365   0.03736  -0.1050  0.1917  0.7749  -3.2701   0.0000   0.2963
   8.800   1.6221   0.04428   0.03806  -0.1029  0.1895  0.7758  -3.3161   0.0000   0.2943
   9.000   1.6274   0.04501   0.03884  -0.1007  0.1869  0.7767  -3.3611   0.0000   0.2924
   9.200   1.6321   0.04586   0.03974  -0.0986  0.1843  0.7777  -3.4052   0.0000   0.2906
   9.400   1.6362   0.04685   0.04076  -0.0966  0.1817  0.7788  -3.4497   0.0000   0.2888
   9.600   1.6407   0.04795   0.04189  -0.0948  0.1792  0.7800  -3.4950   0.0000   0.2871
   9.800   1.6489   0.04887   0.04288  -0.0934  0.1767  0.7813  -3.5520   0.0000   0.2856
  10.000   1.6564   0.04995   0.04402  -0.0920  0.1739  0.7827  -3.6095   0.0000   0.2841
  10.200   1.6634   0.05123   0.04534  -0.0909  0.1710  0.7844  -3.6662   0.0000   0.2828
  10.400   1.6707   0.05277   0.04690  -0.0900  0.1683  0.7863  -3.7235   0.0000   0.2816
  10.600   1.6857   0.05425   0.04845  -0.0903  0.1652  0.7888  -3.7985   0.0000   0.2808
  10.800   1.6993   0.05590   0.05015  -0.0905  0.1619  0.7908  -3.8705   0.0000   0.2800
  11.000   1.6995   0.05731   0.05160  -0.0887  0.1594  0.7914  -3.9121   0.0000   0.2785
  11.200   1.6982   0.05894   0.05327  -0.0869  0.1571  0.7919  -3.9501   0.0000   0.2770
  11.400   1.7002   0.06029   0.05470  -0.0854  0.1546  0.7925  -3.9957   0.0000   0.2756
  11.600   1.7015   0.06175   0.05623  -0.0840  0.1520  0.7932  -4.0417   0.0000   0.2743
  11.800   1.7007   0.06346   0.05799  -0.0826  0.1494  0.7940  -4.0856   0.0000   0.2730
  12.000   1.6984   0.06540   0.05997  -0.0813  0.1470  0.7949  -4.1253   0.0000   0.2719
  12.200   1.6983   0.06718   0.06182  -0.0802  0.1448  0.7958  -4.1705   0.0000   0.2708
  12.400   1.6993   0.06895   0.06367  -0.0793  0.1423  0.7968  -4.2182   0.0000   0.2697
  12.600   1.6987   0.07101   0.06580  -0.0786  0.1397  0.7978  -4.2616   0.0000   0.2688
  12.800   1.6964   0.07340   0.06824  -0.0782  0.1372  0.7988  -4.3016   0.0000   0.2681
  13.000   1.6958   0.07573   0.07063  -0.0779  0.1348  0.7998  -4.3458   0.0000   0.2674
  13.200   1.6968   0.07802   0.07299  -0.0779  0.1320  0.8009  -4.3942   0.0000   0.2668
  13.400   1.6955   0.08069   0.07572  -0.0781  0.1291  0.8019  -4.4357   0.0000   0.2664
  13.600   1.6919   0.08379   0.07888  -0.0786  0.1266  0.8030  -4.4693   0.0000   0.2663
  13.800   1.6949   0.08643   0.08160  -0.0794  0.1237  0.8045  -4.5219   0.0000   0.2661
  14.000   1.6974   0.08968   0.08491  -0.0809  0.1206  0.8062  -4.5720   0.0000   0.2663
  14.200   1.6927   0.09294   0.08823  -0.0817  0.1183  0.8071  -4.6018   0.0000   0.2663
  14.400   1.6858   0.09566   0.09103  -0.0818  0.1163  0.8075  -4.6254   0.0000   0.2660
  14.600   1.6805   0.09823   0.09368  -0.0820  0.1142  0.8080  -4.6534   0.0000   0.2657
  14.800   1.6738   0.10107   0.09659  -0.0824  0.1120  0.8085  -4.6760   0.0000   0.2656
  15.000   1.6655   0.10425   0.09983  -0.0832  0.1099  0.8089  -4.6914   0.0000   0.2657
  15.200   1.6584   0.10731   0.10296  -0.0840  0.1080  0.8094  -4.7102   0.0000   0.2658
  15.400   1.6533   0.11013   0.10585  -0.0848  0.1058  0.8099  -4.7361   0.0000   0.2659
  15.600   1.6466   0.11322   0.10901  -0.0860  0.1036  0.8105  -4.7556   0.0000   0.2662
  15.800   1.6378   0.11667   0.11251  -0.0874  0.1015  0.8110  -4.7661   0.0000   0.2667
  16.000   1.6318   0.11975   0.11566  -0.0888  0.0995  0.8116  -4.7860   0.0000   0.2671
  16.200   1.6264   0.12276   0.11874  -0.0902  0.0972  0.8122  -4.8080   0.0000   0.2675
  16.400   1.6189   0.12611   0.12215  -0.0919  0.0949  0.8129  -4.8215   0.0000   0.2682
  16.600   1.6109   0.12959   0.12567  -0.0939  0.0929  0.8137  -4.8315   0.0000   0.2691
  16.800   1.6072   0.13250   0.12865  -0.0955  0.0907  0.8146  -4.8577   0.0000   0.2696
  17.000   1.6014   0.13581   0.13201  -0.0976  0.0884  0.8155  -4.8741   0.0000   0.2705
  17.200   1.5943   0.13942   0.13566  -0.1001  0.0864  0.8164  -4.8830   0.0000   0.2716
  17.400   1.5926   0.14233   0.13864  -0.1021  0.0843  0.8173  -4.9137   0.0000   0.2723
  17.600   1.5888   0.14568   0.14204  -0.1047  0.0820  0.8183  -4.9339   0.0000   0.2734
  17.800   1.5848   0.14917   0.14557  -0.1075  0.0800  0.8191  -4.9513   0.0000   0.2746
  18.000   1.5839   0.15240   0.14885  -0.1102  0.0779  0.8201  -4.9808   0.0000   0.2757
  18.200   1.5843   0.15573   0.15223  -0.1133  0.0756  0.8212  -5.0133   0.0000   0.2769
  18.400   1.5813   0.15939   0.15592  -0.1167  0.0737  0.8220  -5.0305   0.0000   0.2785
  18.600   1.5780   0.16188   0.15846  -0.1183  0.0719  0.8224  -5.0533   0.0000   0.2790
  18.800   1.5731   0.16462   0.16125  -0.1203  0.0701  0.8228  -5.0672   0.0000   0.2798
  19.000   1.5681   0.16733   0.16399  -0.1222  0.0684  0.8233  -5.0803   0.0000   0.2806
  19.200   1.5632   0.17005   0.16675  -0.1242  0.0668  0.8238  -5.0926   0.0000   0.2814
  19.400   1.5601   0.17250   0.16925  -0.1260  0.0651  0.8244  -5.1129   0.0000   0.2821
  19.600   1.5565   0.17507   0.17185  -0.1279  0.0634  0.8250  -5.1306   0.0000   0.2828
  20.000   1.5505   0.18026   0.17712  -0.1322  0.0603  0.8264  -5.1701   0.0000   0.2845
  20.200   1.5484   0.18285   0.17974  -0.1344  0.0587  0.8270  -5.1925   0.0000   0.2854
  20.400   1.5455   0.18566   0.18258  -0.1370  0.0572  0.8276  -5.2086   0.0000   0.2865
  20.600   1.5451   0.18807   0.18502  -0.1392  0.0557  0.8283  -5.2380   0.0000   0.2872
  20.800   1.5439   0.19066   0.18766  -0.1417  0.0542  0.8290  -5.2618   0.0000   0.2881
  21.000   1.5425   0.19337   0.19039  -0.1443  0.0528  0.8297  -5.2827   0.0000   0.2892
  21.200   1.5425   0.19586   0.19290  -0.1468  0.0514  0.8305  -5.3114   0.0000   0.2901
  21.400   1.5426   0.19843   0.19553  -0.1495  0.0500  0.8312  -5.3387   0.0000   0.2910
  21.600   1.5428   0.20106   0.19818  -0.1523  0.0486  0.8320  -5.3673   0.0000   0.2921
  22.000   1.5453   0.20625   0.20344  -0.1580  0.0461  0.8337  -5.4357   0.0000   0.2941
  22.200   1.5475   0.20897   0.20619  -0.1612  0.0447  0.8347  -5.4730   0.0000   0.2952
  22.400   1.5511   0.21176   0.20899  -0.1647  0.0435  0.8359  -5.5159   0.0000   0.2964
  22.600   1.5492   0.21384   0.21111  -0.1667  0.0425  0.8363  -5.5396   0.0000   0.2970
  22.800   1.5475   0.21592   0.21324  -0.1686  0.0415  0.8368  -5.5627   0.0000   0.2977
  23.000   1.5462   0.21797   0.21532  -0.1706  0.0404  0.8373  -5.5885   0.0000   0.2983
  23.200   1.5450   0.22008   0.21744  -0.1727  0.0395  0.8378  -5.6140   0.0000   0.2990
  23.400   1.5441   0.22220   0.21959  -0.1749  0.0386  0.8383  -5.6394   0.0000   0.2997
  23.600   1.5439   0.22432   0.22176  -0.1772  0.0376  0.8389  -5.6665   0.0000   0.3004
  23.800   1.5437   0.22643   0.22390  -0.1795  0.0367  0.8394  -5.6945   0.0000   0.3011
  24.000   1.5434   0.22860   0.22608  -0.1819  0.0359  0.8399  -5.7206   0.0000   0.3018
  24.200   1.5441   0.23064   0.22814  -0.1842  0.0351  0.8405  -5.7522   0.0000   0.3025
  24.400   1.5446   0.23274   0.23030  -0.1866  0.0342  0.8411  -5.7803   0.0000   0.3032
  24.600   1.5448   0.23493   0.23253  -0.1891  0.0334  0.8417  -5.8058   0.0000   0.3040
  24.800   1.5455   0.23706   0.23468  -0.1917  0.0326  0.8423  -5.8347   0.0000   0.3047
  25.000   1.5478   0.23890   0.23650  -0.1940  0.0320  0.8430  -5.8770   0.0000   0.3052


