xflr5 v6.47

 Calculated polar for: NACA24018_theta30_Ku4.5_Kl0.5_d0.31_delta11.03

 1 1 Reynolds number fixed          Mach number fixed         

 xtrf =   1.000 (top)        1.000 (bottom)
 Mach =   0.000     Re =     2.400 e 6     Ncrit =   5.000

  alpha     CL        CD       CDp       Cm    Top Xtr Bot Xtr   Cpmin    Chinge    XCp    
 ------- -------- --------- --------- -------- ------- ------- -------- --------- ---------
 -15.000  -0.1446   0.04644   0.04297  -0.1695  0.7910  0.0424  -3.5387   0.0000  -1.0226
 -14.800  -0.1178   0.04683   0.04337  -0.1708  0.7910  0.0432  -3.4070   0.0000  -1.3194
 -14.600  -0.0914   0.04723   0.04378  -0.1719  0.7909  0.0438  -3.2781   0.0000  -1.7810
 -14.400  -0.0648   0.04764   0.04420  -0.1731  0.7909  0.0445  -3.1507   0.0000  -2.6235
 -14.200  -0.0369   0.04810   0.04467  -0.1745  0.7908  0.0456  -3.0304   0.0000  -4.8290
 -14.000  -0.0089   0.04854   0.04513  -0.1759  0.7908  0.0467  -2.9131   0.0000  -20.9666
 -13.800   0.0210   0.04885   0.04545  -0.1775  0.7907  0.0479  -2.7928   0.0000   9.2850
 -13.600   0.0543   0.04891   0.04551  -0.1795  0.7905  0.0489  -2.6659   0.0000   3.7658
 -13.400   0.1040   0.04819   0.04480  -0.1838  0.7901  0.0510  -2.5036   0.0000   2.1253
 -10.000   0.6003   0.05450   0.05070  -0.2064  0.6137  0.0961  -1.1129   0.0000   0.6020
  -9.600   0.6320   0.05686   0.05280  -0.2051  0.5480  0.1033  -1.0849   0.0000   0.5811
  -9.400   0.6552   0.05784   0.05369  -0.2056  0.5217  0.1095  -1.0827   0.0000   0.5695
  -9.200   0.6789   0.05870   0.05445  -0.2061  0.4975  0.1155  -1.0827   0.0000   0.5585
  -9.000   0.7034   0.05951   0.05519  -0.2067  0.4746  0.1222  -1.0844   0.0000   0.5481
  -8.800   0.7293   0.06033   0.05594  -0.2075  0.4534  0.1310  -1.0879   0.0000   0.5380
  -8.600   0.7554   0.06111   0.05666  -0.2083  0.4365  0.1399  -1.0922   0.0000   0.5287
  -8.400   0.7817   0.06188   0.05739  -0.2091  0.4210  0.1504  -1.0970   0.0000   0.5198
  -8.200   0.8096   0.06272   0.05820  -0.2102  0.4063  0.1631  -1.1032   0.0000   0.5114
  -8.000   0.8401   0.06370   0.05916  -0.2117  0.3913  0.1810  -1.1116   0.0000   0.5032
  -7.800   0.8730   0.06483   0.06026  -0.2136  0.3758  0.2035  -1.1217   0.0000   0.4953
  -7.600   0.9057   0.06596   0.06136  -0.2155  0.3618  0.2267  -1.1471   0.0000   0.4880
  -7.400   0.9440   0.06740   0.06282  -0.2182  0.3491  0.2623  -1.1895   0.0000   0.4808
  -7.200   0.9837   0.06895   0.06440  -0.2212  0.3399  0.3015  -1.2336   0.0000   0.4740
  -7.000   1.0289   0.07088   0.06636  -0.2250  0.3299  0.3485  -1.2828   0.0000   0.4674
  -6.800   1.0605   0.07201   0.06749  -0.2266  0.3237  0.3688  -1.3209   0.0000   0.4619
  -6.600   1.0884   0.07292   0.06840  -0.2275  0.3184  0.3840  -1.3563   0.0000   0.4569
  -6.400   1.1123   0.07359   0.06904  -0.2278  0.3122  0.3949  -1.3883   0.0000   0.4523
  -6.200   1.1390   0.07444   0.06988  -0.2285  0.3067  0.4069  -1.4229   0.0000   0.4478
  -6.000   1.1609   0.07500   0.07042  -0.2285  0.3018  0.4141  -1.4537   0.0000   0.4436
  -5.800   1.1872   0.07585   0.07125  -0.2291  0.2946  0.4253  -1.4885   0.0000   0.4394
  -5.600   1.2084   0.07637   0.07173  -0.2290  0.2895  0.4316  -1.5188   0.0000   0.4356
  -5.400   1.2347   0.07722   0.07259  -0.2296  0.2858  0.4403  -1.5570   0.0000   0.4317
  -5.200   1.2576   0.07787   0.07322  -0.2297  0.2820  0.4499  -1.5924   0.0000   0.4281
  -5.000   1.2823   0.07865   0.07398  -0.2301  0.2774  0.4590  -1.6298   0.0000   0.4245
  -4.800   1.3034   0.07917   0.07449  -0.2299  0.2730  0.4645  -1.6637   0.0000   0.4211
  -4.600   1.3229   0.07960   0.07490  -0.2294  0.2705  0.4682  -1.6966   0.0000   0.4179
  -4.400   1.3418   0.07998   0.07527  -0.2289  0.2671  0.4706  -1.7303   0.0000   0.4147
  -4.200   1.3628   0.08053   0.07580  -0.2287  0.2634  0.4746  -1.7663   0.0000   0.4116
  -4.000   1.3830   0.08101   0.07626  -0.2283  0.2595  0.4779  -1.8016   0.0000   0.4086
  -3.800   1.4026   0.08146   0.07670  -0.2279  0.2561  0.4810  -1.8365   0.0000   0.4056
  -3.600   1.4220   0.08189   0.07712  -0.2274  0.2540  0.4843  -1.8714   0.0000   0.4028
  -3.400   1.4407   0.08228   0.07750  -0.2268  0.2509  0.4870  -1.9058   0.0000   0.4000
  -3.200   1.4589   0.08265   0.07784  -0.2262  0.2467  0.4890  -1.9397   0.0000   0.3973
  -3.000   1.4783   0.08312   0.07828  -0.2257  0.2416  0.4920  -1.9751   0.0000   0.3946
  -2.800   1.4989   0.08365   0.07881  -0.2254  0.2389  0.4958  -2.0143   0.0000   0.3920
  -2.600   1.5183   0.08411   0.07926  -0.2250  0.2366  0.4994  -2.0533   0.0000   0.3895
  -2.400   1.5369   0.08451   0.07966  -0.2244  0.2340  0.5025  -2.0916   0.0000   0.3870
  -2.200   1.5548   0.08488   0.08001  -0.2237  0.2311  0.5050  -2.1293   0.0000   0.3845
  -2.000   1.5722   0.08522   0.08033  -0.2229  0.2275  0.5070  -2.1666   0.0000   0.3821
  -1.800   1.5895   0.08555   0.08064  -0.2221  0.2241  0.5087  -2.2038   0.0000   0.3798
  -1.600   1.6083   0.08599   0.08108  -0.2215  0.2221  0.5119  -2.2432   0.0000   0.3775
  -1.400   1.6270   0.08643   0.08152  -0.2210  0.2194  0.5152  -2.2841   0.0000   0.3752
  -1.200   1.6452   0.08685   0.08193  -0.2203  0.2165  0.5186  -2.3248   0.0000   0.3730
  -1.000   1.6627   0.08725   0.08230  -0.2196  0.2131  0.5218  -2.3649   0.0000   0.3708
  -0.800   1.6798   0.08761   0.08265  -0.2187  0.2091  0.5244  -2.4045   0.0000   0.3687
  -0.600   1.6968   0.08795   0.08299  -0.2179  0.2070  0.5265  -2.4443   0.0000   0.3666
  -0.400   1.7134   0.08829   0.08332  -0.2170  0.2040  0.5280  -2.4838   0.0000   0.3645
  -0.200   1.7311   0.08872   0.08374  -0.2163  0.2010  0.5312  -2.5273   0.0000   0.3624
   0.000   1.7485   0.08916   0.08416  -0.2156  0.1978  0.5342  -2.5718   0.0000   0.3604
   0.200   1.7657   0.08958   0.08458  -0.2148  0.1945  0.5372  -2.6163   0.0000   0.3585
   0.400   1.7829   0.08998   0.08498  -0.2140  0.1925  0.5403  -2.6609   0.0000   0.3565
   0.600   1.7995   0.09037   0.08536  -0.2131  0.1895  0.5431  -2.7049   0.0000   0.3546
   0.800   1.8152   0.09074   0.08571  -0.2121  0.1859  0.5453  -2.7489   0.0000   0.3527
   1.000   1.8306   0.09110   0.08605  -0.2111  0.1822  0.5469  -2.7953   0.0000   0.3508
   1.200   1.8465   0.09147   0.08642  -0.2101  0.1800  0.5492  -2.8427   0.0000   0.3490
   1.400   1.8626   0.09191   0.08687  -0.2092  0.1781  0.5520  -2.8907   0.0000   0.3471
   1.600   1.8779   0.09237   0.08733  -0.2082  0.1751  0.5549  -2.9377   0.0000   0.3453
   1.800   1.8923   0.09286   0.08779  -0.2070  0.1709  0.5577  -2.9838   0.0000   0.3435
   2.000   1.9067   0.09333   0.08825  -0.2059  0.1670  0.5604  -3.0306   0.0000   0.3417
   2.200   1.9213   0.09376   0.08868  -0.2048  0.1649  0.5628  -3.0831   0.0000   0.3400
   2.400   1.9356   0.09418   0.08910  -0.2036  0.1623  0.5647  -3.1354   0.0000   0.3382
   2.600   1.9494   0.09461   0.08952  -0.2024  0.1587  0.5661  -3.1871   0.0000   0.3365
   2.800   1.9629   0.09505   0.08994  -0.2012  0.1546  0.5680  -3.2384   0.0000   0.3348
   3.000   1.9773   0.09548   0.09037  -0.2001  0.1520  0.5707  -3.2918   0.0000   0.3331
   3.200   1.9912   0.09594   0.09083  -0.1989  0.1483  0.5735  -3.3472   0.0000   0.3315
   3.400   2.0043   0.09643   0.09129  -0.1977  0.1440  0.5762  -3.4069   0.0000   0.3298
   3.600   2.0181   0.09687   0.09173  -0.1965  0.1414  0.5788  -3.4683   0.0000   0.3282
   3.800   2.0319   0.09731   0.09217  -0.1953  0.1392  0.5810  -3.5301   0.0000   0.3265
   4.000   2.0448   0.09779   0.09264  -0.1941  0.1357  0.5829  -3.5946   0.0000   0.3249
   4.200   2.0567   0.09832   0.09314  -0.1927  0.1309  0.5844  -3.6598   0.0000   0.3233
   4.400   2.0693   0.09879   0.09361  -0.1914  0.1277  0.5857  -3.7271   0.0000   0.3217
   4.600   2.0803   0.09934   0.09414  -0.1900  0.1232  0.5877  -3.7913   0.0000   0.3201
   4.800   2.0905   0.10001   0.09479  -0.1885  0.1193  0.5903  -3.8543   0.0000   0.3186
   5.000   2.1010   0.10065   0.09544  -0.1870  0.1163  0.5928  -3.9234   0.0000   0.3170
   5.200   2.1109   0.10131   0.09609  -0.1854  0.1128  0.5950  -3.9931   0.0000   0.3154
   5.400   2.1210   0.10193   0.09670  -0.1839  0.1097  0.5970  -4.0638   0.0000   0.3139
   5.600   2.1323   0.10246   0.09725  -0.1826  0.1077  0.5990  -4.1374   0.0000   0.3123
   5.800   2.1425   0.10308   0.09786  -0.1811  0.1042  0.6010  -4.2092   0.0000   0.3108
   6.000   2.1515   0.10379   0.09855  -0.1796  0.1000  0.6028  -4.2786   0.0000   0.3093
   6.200   2.1618   0.10442   0.09918  -0.1782  0.0970  0.6044  -4.3530   0.0000   0.3078
   6.400   2.1701   0.10523   0.09997  -0.1766  0.0933  0.6055  -4.4287   0.0000   0.3063
   6.600   2.1766   0.10608   0.10082  -0.1748  0.0905  0.6073  -4.5001   0.0000   0.3048
   6.800   2.1845   0.10683   0.10159  -0.1732  0.0881  0.6092  -4.5753   0.0000   0.3033
   7.000   2.1912   0.10765   0.10240  -0.1716  0.0848  0.6110  -4.6481   0.0000   0.3018
   7.200   2.1986   0.10841   0.10317  -0.1700  0.0819  0.6127  -4.7226   0.0000   0.3004
   7.400   2.2062   0.10916   0.10392  -0.1684  0.0792  0.6144  -4.7984   0.0000   0.2989
   7.600   2.2107   0.11023   0.10498  -0.1666  0.0758  0.6160  -4.8697   0.0000   0.2975
   7.800   2.2162   0.11123   0.10601  -0.1650  0.0734  0.6178  -4.9481   0.0000   0.2960
   8.000   2.2219   0.11223   0.10700  -0.1634  0.0705  0.6196  -5.0272   0.0000   0.2946
   8.200   2.2272   0.11327   0.10804  -0.1619  0.0676  0.6213  -5.1056   0.0000   0.2932
   8.400   2.2332   0.11427   0.10905  -0.1604  0.0652  0.6227  -5.1865   0.0000   0.2919
   8.600   2.2357   0.11562   0.11041  -0.1588  0.0624  0.6238  -5.2572   0.0000   0.2905
   8.800   2.2404   0.11673   0.11153  -0.1573  0.0602  0.6247  -5.3346   0.0000   0.2891
   9.000   2.2442   0.11776   0.11257  -0.1557  0.0579  0.6261  -5.4094   0.0000   0.2878
   9.200   2.2443   0.11919   0.11402  -0.1541  0.0556  0.6276  -5.4731   0.0000   0.2865
   9.400   2.2477   0.12030   0.11515  -0.1526  0.0539  0.6290  -5.5467   0.0000   0.2852
   9.600   2.2498   0.12154   0.11642  -0.1512  0.0520  0.6305  -5.6166   0.0000   0.2839
   9.800   2.2500   0.12299   0.11788  -0.1497  0.0501  0.6319  -5.6807   0.0000   0.2826
  10.000   2.2517   0.12430   0.11922  -0.1484  0.0488  0.6335  -5.7497   0.0000   0.2814
  10.200   2.2536   0.12561   0.12056  -0.1472  0.0474  0.6351  -5.8190   0.0000   0.2802
  10.400   2.2533   0.12717   0.12216  -0.1460  0.0458  0.6366  -5.8815   0.0000   0.2791
  10.600   2.2533   0.12869   0.12370  -0.1449  0.0443  0.6379  -5.9451   0.0000   0.2780
  10.800   2.2539   0.13019   0.12524  -0.1440  0.0432  0.6392  -6.0118   0.0000   0.2769
  11.000   2.2543   0.13172   0.12680  -0.1431  0.0419  0.6404  -6.0801   0.0000   0.2759
  11.200   2.2531   0.13343   0.12854  -0.1423  0.0406  0.6414  -6.1433   0.0000   0.2749
  11.400   2.2518   0.13519   0.13033  -0.1416  0.0394  0.6424  -6.2062   0.0000   0.2740
  11.600   2.2527   0.13671   0.13189  -0.1410  0.0384  0.6435  -6.2771   0.0000   0.2730
  11.800   2.2506   0.13854   0.13376  -0.1406  0.0372  0.6444  -6.3395   0.0000   0.2722
  12.000   2.2467   0.14036   0.13562  -0.1401  0.0361  0.6457  -6.3955   0.0000   0.2714
  12.200   2.2441   0.14207   0.13737  -0.1397  0.0351  0.6470  -6.4558   0.0000   0.2706
  12.400   2.2410   0.14386   0.13921  -0.1395  0.0342  0.6481  -6.5142   0.0000   0.2699
  12.600   2.2380   0.14563   0.14103  -0.1393  0.0332  0.6492  -6.5726   0.0000   0.2692
  12.800   2.2336   0.14757   0.14301  -0.1394  0.0323  0.6502  -6.6248   0.0000   0.2686
  13.000   2.2281   0.14967   0.14516  -0.1396  0.0314  0.6511  -6.6717   0.0000   0.2681
  13.200   2.2251   0.15146   0.14700  -0.1398  0.0307  0.6521  -6.7288   0.0000   0.2675
  13.400   2.2214   0.15335   0.14894  -0.1401  0.0298  0.6531  -6.7822   0.0000   0.2671
  13.600   2.2154   0.15553   0.15117  -0.1408  0.0290  0.6541  -6.8252   0.0000   0.2667
  13.800   2.2088   0.15780   0.15350  -0.1416  0.0281  0.6550  -6.8643   0.0000   0.2665
  14.000   2.2046   0.15979   0.15553  -0.1423  0.0274  0.6561  -6.9137   0.0000   0.2662
  14.200   2.1993   0.16194   0.15773  -0.1433  0.0268  0.6572  -6.9577   0.0000   0.2659
  14.400   2.1934   0.16420   0.16005  -0.1445  0.0261  0.6583  -6.9977   0.0000   0.2658
  14.600   2.1875   0.16647   0.16238  -0.1457  0.0254  0.6594  -7.0369   0.0000   0.2657
  14.800   2.1805   0.16888   0.16483  -0.1472  0.0248  0.6603  -7.0700   0.0000   0.2658
  15.000   2.1737   0.17127   0.16728  -0.1487  0.0243  0.6612  -7.1033   0.0000   0.2658
  15.200   2.1681   0.17351   0.16957  -0.1502  0.0238  0.6619  -7.1416   0.0000   0.2658
  15.400   2.1626   0.17572   0.17184  -0.1517  0.0232  0.6626  -7.1800   0.0000   0.2659
  15.600   2.1547   0.17826   0.17444  -0.1536  0.0227  0.6631  -7.2049   0.0000   0.2661
  15.800   2.1463   0.18070   0.17693  -0.1555  0.0222  0.6639  -7.2267   0.0000   0.2664
  16.000   2.1384   0.18308   0.17936  -0.1573  0.0217  0.6647  -7.2501   0.0000   0.2666
  16.200   2.1297   0.18559   0.18194  -0.1594  0.0214  0.6655  -7.2681   0.0000   0.2670
  16.400   2.1244   0.18763   0.18404  -0.1610  0.0210  0.6664  -7.3034   0.0000   0.2670
  16.600   2.1162   0.19009   0.18655  -0.1632  0.0206  0.6671  -7.3225   0.0000   0.2674
  16.800   2.1090   0.19241   0.18893  -0.1652  0.0201  0.6679  -7.3458   0.0000   0.2677
  17.000   2.1014   0.19479   0.19136  -0.1674  0.0197  0.6686  -7.3659   0.0000   0.2681
  17.200   2.0930   0.19730   0.19393  -0.1697  0.0193  0.6693  -7.3801   0.0000   0.2686
  17.400   2.0857   0.19965   0.19633  -0.1720  0.0188  0.6701  -7.3998   0.0000   0.2690
  17.600   2.0787   0.20197   0.19870  -0.1742  0.0185  0.6708  -7.4202   0.0000   0.2694
  17.800   2.0728   0.20411   0.20089  -0.1763  0.0182  0.6717  -7.4468   0.0000   0.2697
  18.000   2.0682   0.20607   0.20289  -0.1782  0.0179  0.6727  -7.4805   0.0000   0.2699
  18.200   2.0601   0.20858   0.20546  -0.1809  0.0175  0.6736  -7.4909   0.0000   0.2705
  18.400   2.0555   0.21055   0.20747  -0.1829  0.0172  0.6746  -7.5230   0.0000   0.2707
  18.600   2.0475   0.21308   0.21005  -0.1856  0.0169  0.6756  -7.5317   0.0000   0.2714
  18.800   2.0424   0.21516   0.21217  -0.1879  0.0165  0.6766  -7.5587   0.0000   0.2717
  19.000   2.0385   0.21706   0.21410  -0.1899  0.0162  0.6776  -7.5927   0.0000   0.2719
  19.200   2.0318   0.21941   0.21651  -0.1926  0.0160  0.6784  -7.6065   0.0000   0.2726
  19.400   2.0290   0.22116   0.21830  -0.1946  0.0157  0.6793  -7.6461   0.0000   0.2727
  19.600   2.0255   0.22301   0.22018  -0.1967  0.0154  0.6800  -7.6808   0.0000   0.2729
  19.800   2.0189   0.22534   0.22256  -0.1995  0.0151  0.6807  -7.6928   0.0000   0.2735
  20.000   2.0156   0.22713   0.22439  -0.2015  0.0148  0.6813  -7.7275   0.0000   0.2738
  20.200   2.0112   0.22905   0.22634  -0.2038  0.0145  0.6819  -7.7541   0.0000   0.2741
  20.400   2.0037   0.23133   0.22867  -0.2067  0.0142  0.6826  -7.7580   0.0000   0.2748
  20.600   1.9997   0.23301   0.23038  -0.2087  0.0140  0.6835  -7.7873   0.0000   0.2750
  20.800   1.9970   0.23447   0.23188  -0.2104  0.0138  0.6844  -7.8255   0.0000   0.2750
  21.000   1.9903   0.23661   0.23408  -0.2132  0.0135  0.6852  -7.8322   0.0000   0.2757
  21.200   1.9871   0.23814   0.23564  -0.2151  0.0133  0.6860  -7.8657   0.0000   0.2758
  21.400   1.9842   0.23961   0.23714  -0.2169  0.0130  0.6869  -7.9011   0.0000   0.2759
  21.600   1.9774   0.24176   0.23934  -0.2198  0.0127  0.6876  -7.9044   0.0000   0.2766
  21.800   1.9733   0.24346   0.24107  -0.2220  0.0125  0.6883  -7.9290   0.0000   0.2769


