xflr5 v6.47

 Calculated polar for: NACA24018_theta30_Ku4.5_Kl0.5_d0.24_delta7.31

 1 1 Reynolds number fixed          Mach number fixed         

 xtrf =   1.000 (top)        1.000 (bottom)
 Mach =   0.000     Re =     1.600 e 6     Ncrit =   5.000

  alpha     CL        CD       CDp       Cm    Top Xtr Bot Xtr   Cpmin    Chinge    XCp    
 ------- -------- --------- --------- -------- ------- ------- -------- --------- ---------
 -15.000  -0.6826   0.03413   0.02977  -0.1182  0.8568  0.0333  -5.3896   0.0000   0.0492
 -14.800  -0.6581   0.03403   0.02967  -0.1194  0.8568  0.0339  -5.2422   0.0000   0.0407
 -14.600  -0.6328   0.03394   0.02958  -0.1207  0.8568  0.0344  -5.0932   0.0000   0.0311
 -14.400  -0.6061   0.03384   0.02949  -0.1221  0.8567  0.0351  -4.9413   0.0000   0.0200
 -14.200  -0.5804   0.03381   0.02946  -0.1234  0.8567  0.0357  -4.7996   0.0000   0.0085
 -14.000  -0.5551   0.03383   0.02947  -0.1245  0.8567  0.0362  -4.6609   0.0000  -0.0037
 -13.800  -0.5292   0.03386   0.02950  -0.1258  0.8567  0.0368  -4.5219   0.0000  -0.0176
 -13.600  -0.5028   0.03390   0.02957  -0.1271  0.8567  0.0376  -4.3829   0.0000  -0.0334
 -13.400  -0.4760   0.03397   0.02964  -0.1284  0.8567  0.0383  -4.2442   0.0000  -0.0511
 -13.200  -0.4454   0.03391   0.02958  -0.1303  0.8564  0.0391  -4.0952   0.0000  -0.0749
 -13.000  -0.4103   0.03370   0.02938  -0.1327  0.8560  0.0399  -3.9352   0.0000  -0.1074
 -12.800  -0.3735   0.03346   0.02914  -0.1354  0.8556  0.0408  -3.7728   0.0000  -0.1486
 -12.600  -0.3331   0.03313   0.02882  -0.1388  0.8552  0.0421  -3.6027   0.0000  -0.2056
 -12.400  -0.2923   0.03277   0.02847  -0.1421  0.8549  0.0433  -3.4371   0.0000  -0.2789
 -12.200  -0.2811   0.03303   0.02874  -0.1409  0.8504  0.0440  -3.3558   0.0000  -0.2944
 -12.000  -0.2490   0.03288   0.02859  -0.1428  0.8492  0.0448  -3.2209   0.0000  -0.3705
 -11.800  -0.2133   0.03268   0.02841  -0.1453  0.8484  0.0462  -3.0792   0.0000  -0.4842
 -11.600  -0.1751   0.03235   0.02809  -0.1481  0.8476  0.0476  -2.9331   0.0000  -0.6584
 -11.400  -0.1316   0.03174   0.02748  -0.1518  0.8466  0.0493  -2.7791   0.0000  -0.9826
 -11.200  -0.0851   0.03102   0.02677  -0.1559  0.8458  0.0513  -2.6257   0.0000  -1.7008
  -9.200   0.1305   0.03578   0.03176  -0.1583  0.7908  0.0683  -1.7403   0.0000   1.5172
  -9.000   0.1901   0.03440   0.03036  -0.1641  0.7837  0.0727  -1.5930   0.0000   1.1484
  -8.800   0.2730   0.03196   0.02786  -0.1738  0.7731  0.0798  -1.4151   0.0000   0.9099
  -8.600   0.3276   0.03056   0.02606  -0.1791  0.7031  0.0853  -1.2900   0.0000   0.8151
  -8.400   0.3396   0.03143   0.02674  -0.1777  0.6567  0.0884  -1.2353   0.0000   0.7899
  -8.200   0.3594   0.03201   0.02719  -0.1775  0.6231  0.0927  -1.1689   0.0000   0.7589
  -8.000   0.3822   0.03249   0.02757  -0.1778  0.5932  0.0973  -1.0988   0.0000   0.7286
  -7.800   0.4060   0.03289   0.02786  -0.1783  0.5658  0.1020  -1.0310   0.0000   0.7010
  -7.600   0.4320   0.03327   0.02815  -0.1791  0.5406  0.1082  -0.9650   0.0000   0.6751
  -7.400   0.4589   0.03360   0.02841  -0.1801  0.5181  0.1153  -0.8990   0.0000   0.6517
  -7.200   0.4862   0.03391   0.02865  -0.1811  0.4972  0.1230  -0.8333   0.0000   0.6306
  -7.000   0.5155   0.03424   0.02893  -0.1825  0.4782  0.1334  -0.8592   0.0000   0.6111
  -6.800   0.5453   0.03459   0.02924  -0.1840  0.4616  0.1453  -0.8888   0.0000   0.5935
  -6.400   0.6098   0.03549   0.03010  -0.1879  0.4266  0.1836  -0.9532   0.0000   0.5625
  -6.200   0.6444   0.03602   0.03063  -0.1902  0.4111  0.2094  -0.9873   0.0000   0.5489
  -6.000   0.6863   0.03677   0.03143  -0.1939  0.3974  0.2513  -1.0270   0.0000   0.5355
  -5.800   0.7437   0.03802   0.03280  -0.2004  0.3823  0.3315  -1.0782   0.0000   0.5218
  -5.400   0.8163   0.03937   0.03417  -0.2056  0.3588  0.3917  -1.1537   0.0000   0.5031
  -5.200   0.8471   0.03989   0.03466  -0.2071  0.3487  0.4096  -1.1897   0.0000   0.4953
  -5.000   0.8768   0.04038   0.03514  -0.2084  0.3408  0.4254  -1.2250   0.0000   0.4881
  -4.800   0.9061   0.04086   0.03560  -0.2097  0.3319  0.4384  -1.2603   0.0000   0.4813
  -4.600   0.9322   0.04125   0.03597  -0.2103  0.3263  0.4469  -1.2932   0.0000   0.4752
  -4.400   0.9603   0.04171   0.03642  -0.2113  0.3204  0.4606  -1.3280   0.0000   0.4692
  -4.200   0.9917   0.04230   0.03700  -0.2129  0.3142  0.4781  -1.3657   0.0000   0.4635
  -4.000   1.0231   0.04290   0.03762  -0.2145  0.3101  0.4945  -1.4037   0.0000   0.4581
  -3.800   1.0486   0.04330   0.03800  -0.2150  0.3052  0.5028  -1.4380   0.0000   0.4531
  -3.600   1.0735   0.04368   0.03835  -0.2154  0.2994  0.5082  -1.4724   0.0000   0.4484
  -3.400   1.0969   0.04401   0.03866  -0.2156  0.2952  0.5128  -1.5058   0.0000   0.4439
  -3.200   1.1193   0.04431   0.03894  -0.2155  0.2916  0.5166  -1.5384   0.0000   0.4396
  -3.000   1.1411   0.04459   0.03920  -0.2154  0.2878  0.5197  -1.5707   0.0000   0.4355
  -2.800   1.1651   0.04496   0.03955  -0.2156  0.2830  0.5242  -1.6051   0.0000   0.4315
  -2.600   1.1884   0.04531   0.03988  -0.2157  0.2790  0.5288  -1.6405   0.0000   0.4276
  -2.400   1.2106   0.04563   0.04019  -0.2156  0.2757  0.5329  -1.6767   0.0000   0.4239
  -2.200   1.2319   0.04591   0.04046  -0.2154  0.2719  0.5361  -1.7123   0.0000   0.4203
  -2.000   1.2531   0.04620   0.04071  -0.2151  0.2677  0.5390  -1.7479   0.0000   0.4169
  -1.800   1.2759   0.04655   0.04105  -0.2152  0.2634  0.5429  -1.7852   0.0000   0.4135
  -1.600   1.2982   0.04689   0.04139  -0.2151  0.2613  0.5467  -1.8223   0.0000   0.4102
  -1.400   1.3199   0.04721   0.04171  -0.2149  0.2587  0.5504  -1.8589   0.0000   0.4071
  -1.200   1.3410   0.04752   0.04201  -0.2146  0.2555  0.5541  -1.8959   0.0000   0.4040
  -1.000   1.3615   0.04781   0.04227  -0.2143  0.2517  0.5572  -1.9333   0.0000   0.4010
  -0.800   1.3835   0.04818   0.04262  -0.2141  0.2475  0.5612  -1.9725   0.0000   0.3981
  -0.600   1.4054   0.04854   0.04299  -0.2140  0.2453  0.5651  -2.0119   0.0000   0.3953
  -0.400   1.4266   0.04888   0.04333  -0.2137  0.2428  0.5687  -2.0510   0.0000   0.3926
  -0.200   1.4473   0.04921   0.04365  -0.2134  0.2396  0.5723  -2.0911   0.0000   0.3899
   0.000   1.4674   0.04953   0.04395  -0.2129  0.2360  0.5755  -2.1308   0.0000   0.3872
   0.200   1.4879   0.04988   0.04428  -0.2125  0.2321  0.5788  -2.1710   0.0000   0.3847
   0.400   1.5090   0.05025   0.04466  -0.2123  0.2302  0.5824  -2.2122   0.0000   0.3822
   0.600   1.5293   0.05059   0.04501  -0.2118  0.2274  0.5858  -2.2561   0.0000   0.3797
   0.800   1.5490   0.05094   0.04534  -0.2113  0.2237  0.5890  -2.2996   0.0000   0.3773
   1.000   1.5682   0.05128   0.04566  -0.2107  0.2195  0.5921  -2.3427   0.0000   0.3750
   1.200   1.5874   0.05162   0.04599  -0.2101  0.2164  0.5949  -2.3861   0.0000   0.3727
   1.400   1.6071   0.05198   0.04635  -0.2096  0.2144  0.5981  -2.4303   0.0000   0.3704
   1.600   1.6268   0.05235   0.04673  -0.2091  0.2120  0.6017  -2.4748   0.0000   0.3682
   1.800   1.6459   0.05271   0.04710  -0.2085  0.2094  0.6049  -2.5187   0.0000   0.3660
   2.000   1.6645   0.05308   0.04746  -0.2078  0.2065  0.6080  -2.5623   0.0000   0.3639
   2.200   1.6830   0.05347   0.04783  -0.2071  0.2033  0.6111  -2.6058   0.0000   0.3618
   2.400   1.7017   0.05384   0.04821  -0.2064  0.2014  0.6139  -2.6499   0.0000   0.3597
   2.600   1.7200   0.05423   0.04860  -0.2057  0.1987  0.6165  -2.6945   0.0000   0.3577
   2.800   1.7377   0.05464   0.04902  -0.2049  0.1951  0.6195  -2.7420   0.0000   0.3557
   3.000   1.7545   0.05510   0.04946  -0.2039  0.1913  0.6223  -2.7899   0.0000   0.3536
   3.200   1.7716   0.05555   0.04992  -0.2030  0.1884  0.6254  -2.8384   0.0000   0.3517
   3.400   1.7890   0.05601   0.05039  -0.2021  0.1862  0.6285  -2.8896   0.0000   0.3497
   3.600   1.8060   0.05649   0.05087  -0.2012  0.1831  0.6312  -2.9424   0.0000   0.3478
   3.800   1.8223   0.05699   0.05135  -0.2002  0.1793  0.6334  -2.9946   0.0000   0.3459
   4.000   1.8382   0.05748   0.05183  -0.1991  0.1758  0.6354  -3.0462   0.0000   0.3441
   4.200   1.8543   0.05792   0.05228  -0.1981  0.1737  0.6382  -3.0985   0.0000   0.3422
   4.400   1.8701   0.05837   0.05275  -0.1970  0.1709  0.6410  -3.1535   0.0000   0.3404
   4.600   1.8854   0.05887   0.05325  -0.1959  0.1675  0.6437  -3.2091   0.0000   0.3385
   4.800   1.9002   0.05940   0.05377  -0.1946  0.1639  0.6463  -3.2643   0.0000   0.3367
   5.000   1.9161   0.05989   0.05427  -0.1936  0.1617  0.6486  -3.3213   0.0000   0.3350
   5.200   1.9316   0.06042   0.05480  -0.1925  0.1589  0.6507  -3.3793   0.0000   0.3332
   5.400   1.9463   0.06101   0.05539  -0.1913  0.1551  0.6526  -3.4385   0.0000   0.3315
   5.600   1.9598   0.06166   0.05602  -0.1899  0.1512  0.6545  -3.4998   0.0000   0.3298
   5.800   1.9727   0.06224   0.05663  -0.1885  0.1486  0.6570  -3.5637   0.0000   0.3280
   6.000   1.9849   0.06289   0.05729  -0.1869  0.1453  0.6593  -3.6289   0.0000   0.3263
   6.200   1.9961   0.06363   0.05801  -0.1853  0.1413  0.6614  -3.6948   0.0000   0.3245
   6.400   2.0086   0.06429   0.05868  -0.1838  0.1382  0.6634  -3.7637   0.0000   0.3228
   6.600   2.0212   0.06497   0.05936  -0.1824  0.1349  0.6654  -3.8334   0.0000   0.3212
   6.800   2.0330   0.06574   0.06013  -0.1809  0.1313  0.6676  -3.9019   0.0000   0.3195
   7.000   2.0454   0.06651   0.06090  -0.1795  0.1283  0.6697  -3.9721   0.0000   0.3179
   7.200   2.0581   0.06730   0.06171  -0.1781  0.1256  0.6715  -4.0485   0.0000   0.3162
   7.400   2.0685   0.06827   0.06268  -0.1765  0.1223  0.6730  -4.1229   0.0000   0.3146
   7.600   2.0760   0.06918   0.06360  -0.1745  0.1190  0.6747  -4.1905   0.0000   0.3129
   7.800   2.0856   0.06995   0.06439  -0.1727  0.1163  0.6766  -4.2632   0.0000   0.3113
   8.000   2.0939   0.07084   0.06529  -0.1709  0.1125  0.6784  -4.3333   0.0000   0.3096
   8.200   2.1011   0.07186   0.06630  -0.1689  0.1086  0.6803  -4.4068   0.0000   0.3080
   8.400   2.1085   0.07292   0.06738  -0.1671  0.1054  0.6821  -4.4832   0.0000   0.3064
   8.600   2.1153   0.07408   0.06855  -0.1652  0.1022  0.6838  -4.5584   0.0000   0.3048
   8.800   2.1228   0.07519   0.06967  -0.1634  0.0995  0.6854  -4.6360   0.0000   0.3032
   9.000   2.1314   0.07627   0.07077  -0.1618  0.0969  0.6870  -4.7167   0.0000   0.3017
   9.200   2.1367   0.07770   0.07221  -0.1599  0.0937  0.6885  -4.7898   0.0000   0.3002
   9.400   2.1428   0.07909   0.07361  -0.1582  0.0907  0.6900  -4.8649   0.0000   0.2986
   9.600   2.1499   0.08043   0.07496  -0.1566  0.0873  0.6914  -4.9434   0.0000   0.2972
   9.800   2.1509   0.08208   0.07662  -0.1544  0.0839  0.6927  -5.0049   0.0000   0.2956
  10.000   2.1545   0.08336   0.07794  -0.1525  0.0814  0.6941  -5.0731   0.0000   0.2942
  10.200   2.1561   0.08490   0.07950  -0.1505  0.0786  0.6954  -5.1360   0.0000   0.2927
  10.400   2.1570   0.08654   0.08116  -0.1486  0.0761  0.6966  -5.1970   0.0000   0.2912
  10.600   2.1593   0.08809   0.08275  -0.1468  0.0741  0.6978  -5.2621   0.0000   0.2898
  10.800   2.1606   0.08977   0.08446  -0.1451  0.0719  0.6990  -5.3277   0.0000   0.2885
  11.000   2.1605   0.09164   0.08636  -0.1435  0.0698  0.7002  -5.3926   0.0000   0.2872
  11.200   2.1620   0.09341   0.08818  -0.1420  0.0681  0.7017  -5.4623   0.0000   0.2859
  11.400   2.1632   0.09527   0.09007  -0.1407  0.0661  0.7032  -5.5313   0.0000   0.2847
  11.600   2.1631   0.09733   0.09217  -0.1395  0.0641  0.7046  -5.5962   0.0000   0.2836
  11.800   2.1630   0.09946   0.09433  -0.1384  0.0624  0.7059  -5.6609   0.0000   0.2825
  12.000   2.1637   0.10154   0.09647  -0.1375  0.0607  0.7072  -5.7280   0.0000   0.2815
  12.200   2.1630   0.10381   0.09877  -0.1367  0.0588  0.7083  -5.7903   0.0000   0.2805
  12.400   2.1609   0.10626   0.10126  -0.1360  0.0570  0.7093  -5.8476   0.0000   0.2797
  12.600   2.1607   0.10857   0.10361  -0.1355  0.0553  0.7102  -5.9108   0.0000   0.2789
  12.800   2.1567   0.11094   0.10603  -0.1349  0.0535  0.7111  -5.9602   0.0000   0.2781
  13.000   2.1507   0.11349   0.10863  -0.1344  0.0518  0.7119  -6.0015   0.0000   0.2774
  13.200   2.1470   0.11576   0.11095  -0.1339  0.0505  0.7129  -6.0505   0.0000   0.2766
  13.400   2.1425   0.11814   0.11339  -0.1337  0.0491  0.7138  -6.0961   0.0000   0.2760
  13.600   2.1365   0.12075   0.11606  -0.1336  0.0478  0.7148  -6.1353   0.0000   0.2755
  13.800   2.1296   0.12350   0.11886  -0.1338  0.0466  0.7157  -6.1705   0.0000   0.2751
  14.000   2.1253   0.12595   0.12138  -0.1340  0.0456  0.7167  -6.2145   0.0000   0.2747
  14.200   2.1204   0.12852   0.12400  -0.1344  0.0445  0.7177  -6.2555   0.0000   0.2744
  14.400   2.1142   0.13129   0.12684  -0.1351  0.0433  0.7186  -6.2905   0.0000   0.2742
  14.600   2.1065   0.13431   0.12991  -0.1360  0.0421  0.7195  -6.3185   0.0000   0.2741
  14.800   2.1006   0.13716   0.13283  -0.1370  0.0412  0.7204  -6.3525   0.0000   0.2741
  15.000   2.0944   0.14009   0.13583  -0.1382  0.0402  0.7213  -6.3846   0.0000   0.2741
  15.200   2.0875   0.14317   0.13896  -0.1396  0.0392  0.7223  -6.4123   0.0000   0.2743
  15.400   2.0798   0.14638   0.14224  -0.1413  0.0383  0.7232  -6.4357   0.0000   0.2745
  15.600   2.0726   0.14958   0.14549  -0.1430  0.0375  0.7243  -6.4598   0.0000   0.2749
  15.800   2.0676   0.15253   0.14851  -0.1447  0.0368  0.7254  -6.4924   0.0000   0.2751
  16.000   2.0609   0.15576   0.15180  -0.1468  0.0360  0.7265  -6.5200   0.0000   0.2755
  16.200   2.0538   0.15908   0.15519  -0.1490  0.0353  0.7274  -6.5445   0.0000   0.2761
  16.400   2.0466   0.16244   0.15861  -0.1514  0.0345  0.7282  -6.5686   0.0000   0.2767
  16.600   2.0385   0.16565   0.16188  -0.1536  0.0339  0.7289  -6.5881   0.0000   0.2773
  16.800   2.0297   0.16874   0.16503  -0.1557  0.0333  0.7296  -6.6036   0.0000   0.2778
  17.000   2.0218   0.17168   0.16804  -0.1577  0.0328  0.7303  -6.6229   0.0000   0.2784
  17.200   2.0148   0.17448   0.17090  -0.1597  0.0321  0.7309  -6.6459   0.0000   0.2788
  17.400   2.0054   0.17769   0.17418  -0.1621  0.0315  0.7316  -6.6545   0.0000   0.2796
  17.600   1.9974   0.18068   0.17722  -0.1644  0.0308  0.7322  -6.6695   0.0000   0.2803
  17.800   1.9882   0.18389   0.18048  -0.1670  0.0302  0.7328  -6.6765   0.0000   0.2811
  18.000   1.9810   0.18677   0.18343  -0.1694  0.0296  0.7334  -6.6932   0.0000   0.2818
  18.200   1.9750   0.18947   0.18618  -0.1716  0.0290  0.7341  -6.7161   0.0000   0.2824
  18.400   1.9684   0.19228   0.18904  -0.1740  0.0284  0.7348  -6.7341   0.0000   0.2831
  18.600   1.9615   0.19514   0.19195  -0.1765  0.0278  0.7356  -6.7497   0.0000   0.2838
  18.800   1.9551   0.19795   0.19481  -0.1790  0.0271  0.7364  -6.7664   0.0000   0.2846
  19.000   1.9480   0.20095   0.19785  -0.1818  0.0266  0.7373  -6.7776   0.0000   0.2855
  19.200   1.9454   0.20324   0.20019  -0.1839  0.0261  0.7383  -6.8149   0.0000   0.2859
  19.400   1.9394   0.20613   0.20313  -0.1867  0.0255  0.7393  -6.8301   0.0000   0.2867
  19.600   1.9362   0.20857   0.20561  -0.1891  0.0249  0.7403  -6.8620   0.0000   0.2873
  19.800   1.9317   0.21127   0.20835  -0.1918  0.0244  0.7413  -6.8843   0.0000   0.2880
  20.000   1.9264   0.21416   0.21129  -0.1948  0.0238  0.7422  -6.8993   0.0000   0.2890
  20.200   1.9245   0.21649   0.21365  -0.1972  0.0234  0.7432  -6.9361   0.0000   0.2895
  20.400   1.9207   0.21915   0.21636  -0.2000  0.0229  0.7441  -6.9596   0.0000   0.2902
  20.600   1.9188   0.22150   0.21874  -0.2025  0.0224  0.7450  -6.9945   0.0000   0.2908
  20.800   1.9172   0.22376   0.22104  -0.2050  0.0219  0.7457  -7.0315   0.0000   0.2913
  21.000   1.9122   0.22654   0.22385  -0.2080  0.0215  0.7464  -7.0443   0.0000   0.2922
  21.200   1.9080   0.22881   0.22616  -0.2104  0.0210  0.7470  -7.0649   0.0000   0.2928
  21.400   1.9049   0.23083   0.22821  -0.2126  0.0206  0.7478  -7.0940   0.0000   0.2933
  21.600   1.9003   0.23313   0.23056  -0.2151  0.0202  0.7484  -7.1099   0.0000   0.2939
  21.800   1.8971   0.23513   0.23260  -0.2172  0.0198  0.7491  -7.1371   0.0000   0.2944
  22.000   1.8945   0.23701   0.23452  -0.2192  0.0194  0.7498  -7.1679   0.0000   0.2947
  22.200   1.8895   0.23936   0.23691  -0.2219  0.0189  0.7504  -7.1789   0.0000   0.2955
  22.400   1.8851   0.24163   0.23921  -0.2245  0.0185  0.7510  -7.1928   0.0000   0.2963
  22.600   1.8823   0.24358   0.24119  -0.2268  0.0181  0.7516  -7.2193   0.0000   0.2967
  22.800   1.8800   0.24549   0.24313  -0.2290  0.0177  0.7522  -7.2479   0.0000   0.2971
  23.000   1.8763   0.24769   0.24538  -0.2316  0.0174  0.7528  -7.2679   0.0000   0.2978
  23.200   1.8747   0.24950   0.24722  -0.2338  0.0170  0.7535  -7.3057   0.0000   0.2981
  23.400   1.8729   0.25134   0.24909  -0.2360  0.0167  0.7542  -7.3416   0.0000   0.2985
  23.600   1.8681   0.25381   0.25159  -0.2391  0.0163  0.7549  -7.3491   0.0000   0.2995
  23.800   1.8656   0.25583   0.25364  -0.2417  0.0160  0.7557  -7.3760   0.0000   0.3001
  24.000   1.8640   0.25768   0.25552  -0.2440  0.0157  0.7565  -7.4103   0.0000   0.3005
  24.200   1.8616   0.25971   0.25759  -0.2466  0.0154  0.7573  -7.4359   0.0000   0.3011
  24.400   1.8599   0.26163   0.25955  -0.2492  0.0151  0.7583  -7.4665   0.0000   0.3016
  24.600   1.8592   0.26334   0.26128  -0.2514  0.0148  0.7593  -7.5072   0.0000   0.3018
  24.800   1.8583   0.26515   0.26312  -0.2539  0.0145  0.7604  -7.5438   0.0000   0.3022
  25.000   1.8545   0.26756   0.26556  -0.2571  0.0142  0.7613  -7.5507   0.0000   0.3032


