xflr5 v6.47

 Calculated polar for: NACA24018_theta30_Ku4.5_Kl0.5_d0.07_delta1.57

 1 1 Reynolds number fixed          Mach number fixed         

 xtrf =   1.000 (top)        1.000 (bottom)
 Mach =   0.000     Re =     0.800 e 6     Ncrit =   5.000

  alpha     CL        CD       CDp       Cm    Top Xtr Bot Xtr   Cpmin    Chinge    XCp    
 ------- -------- --------- --------- -------- ------- ------- -------- --------- ---------
 -15.000  -1.0807   0.03102   0.02560  -0.0712  0.9956  0.0284  -6.8621   0.0000   0.1608
 -14.800  -1.0685   0.03039   0.02493  -0.0711  0.9950  0.0286  -6.7494   0.0000   0.1604
 -14.400  -1.0515   0.02893   0.02339  -0.0692  0.9937  0.0291  -6.5533   0.0000   0.1619
 -13.800  -1.0072   0.02687   0.02125  -0.0695  0.9881  0.0301  -6.1965   0.0000   0.1596
 -13.600  -0.9876   0.02640   0.02076  -0.0703  0.9869  0.0306  -6.0606   0.0000   0.1576
 -13.400  -0.9704   0.02565   0.02000  -0.0705  0.9835  0.0310  -5.9337   0.0000   0.1564
 -13.200  -0.9507   0.02518   0.01951  -0.0711  0.9824  0.0315  -5.7991   0.0000   0.1545
 -13.000  -0.9357   0.02450   0.01881  -0.0708  0.9793  0.0320  -5.6814   0.0000   0.1539
 -12.800  -0.9171   0.02399   0.01828  -0.0710  0.9777  0.0324  -5.5530   0.0000   0.1523
 -12.600  -0.8969   0.02357   0.01782  -0.0715  0.9769  0.0329  -5.4204   0.0000   0.1502
 -12.400  -0.8848   0.02289   0.01712  -0.0704  0.9733  0.0332  -5.3149   0.0000   0.1507
 -12.200  -0.8655   0.02243   0.01663  -0.0706  0.9719  0.0336  -5.1871   0.0000   0.1489
 -12.000  -0.8514   0.02181   0.01599  -0.0699  0.9693  0.0341  -5.0772   0.0000   0.1486
 -11.800  -0.8364   0.02123   0.01540  -0.0693  0.9666  0.0346  -4.9646   0.0000   0.1482
 -11.600  -0.8172   0.02075   0.01493  -0.0694  0.9652  0.0352  -4.8438   0.0000   0.1463
 -11.400  -0.8088   0.02012   0.01428  -0.0673  0.9601  0.0357  -4.7565   0.0000   0.1483
 -11.200  -0.8019   0.01953   0.01367  -0.0649  0.9539  0.0361  -4.6740   0.0000   0.1509
 -11.000  -0.7955   0.01902   0.01314  -0.0624  0.9464  0.0366  -4.5933   0.0000   0.1538
 -10.800  -0.7803   0.01858   0.01269  -0.0615  0.9425  0.0372  -4.4875   0.0000   0.1537
 -10.600  -0.7690   0.01818   0.01227  -0.0598  0.9369  0.0377  -4.3936   0.0000   0.1550
 -10.400  -0.7522   0.01778   0.01184  -0.0590  0.9339  0.0383  -4.2855   0.0000   0.1544
 -10.200  -0.7410   0.01737   0.01143  -0.0572  0.9285  0.0389  -4.1980   0.0000   0.1559
 -10.000  -0.7252   0.01695   0.01100  -0.0563  0.9245  0.0397  -4.0979   0.0000   0.1557
  -9.800  -0.7055   0.01653   0.01058  -0.0561  0.9215  0.0406  -3.9879   0.0000   0.1540
  -9.600  -0.6889   0.01618   0.01023  -0.0552  0.9154  0.0414  -3.8875   0.0000   0.1535
  -9.400  -0.6665   0.01579   0.00982  -0.0554  0.9118  0.0423  -3.7730   0.0000   0.1506
  -9.200  -0.6449   0.01543   0.00944  -0.0555  0.9064  0.0431  -3.6617   0.0000   0.1478
  -9.000  -0.6197   0.01505   0.00904  -0.0562  0.9016  0.0440  -3.5428   0.0000   0.1432
  -8.800  -0.5917   0.01460   0.00860  -0.0575  0.8972  0.0453  -3.4179   0.0000   0.1366
  -8.600  -0.5640   0.01421   0.00820  -0.0587  0.8893  0.0467  -3.2949   0.0000   0.1296
  -8.400  -0.5292   0.01379   0.00776  -0.0613  0.8806  0.0483  -3.1567   0.0000   0.1175
  -8.200  -0.4881   0.01337   0.00728  -0.0651  0.8685  0.0497  -3.0061   0.0000   0.0994
  -8.000  -0.4509   0.01297   0.00684  -0.0683  0.8519  0.0515  -2.8673   0.0000   0.0809
  -7.800  -0.4186   0.01268   0.00650  -0.0704  0.8349  0.0535  -2.7414   0.0000   0.0636
  -7.600  -0.3902   0.01247   0.00621  -0.0718  0.8169  0.0553  -2.6280   0.0000   0.0474
  -7.400  -0.3671   0.01232   0.00597  -0.0720  0.7983  0.0567  -2.5311   0.0000   0.0348
  -7.200  -0.3478   0.01215   0.00576  -0.0715  0.7781  0.0586  -2.4432   0.0000   0.0251
  -7.000  -0.3294   0.01203   0.00556  -0.0708  0.7583  0.0604  -2.3583   0.0000   0.0156
  -6.600  -0.2938   0.01186   0.00524  -0.0691  0.7219  0.0637  -2.1933   0.0000  -0.0052
  -6.400  -0.2762   0.01174   0.00508  -0.0682  0.7057  0.0662  -2.1141   0.0000  -0.0174
  -6.200  -0.2583   0.01164   0.00493  -0.0674  0.6895  0.0688  -2.0377   0.0000  -0.0316
  -6.000  -0.2402   0.01158   0.00481  -0.0665  0.6729  0.0712  -1.9617   0.0000  -0.0484
  -5.800  -0.2221   0.01150   0.00468  -0.0657  0.6561  0.0738  -1.8867   0.0000  -0.0681
  -5.600  -0.2037   0.01142   0.00455  -0.0650  0.6398  0.0769  -1.8121   0.0000  -0.0918
  -5.400  -0.1848   0.01136   0.00445  -0.0643  0.6244  0.0802  -1.7373   0.0000  -0.1219
  -5.200  -0.1658   0.01130   0.00434  -0.0637  0.6092  0.0840  -1.6656   0.0000  -0.1594
  -5.000  -0.1466   0.01123   0.00424  -0.0631  0.5936  0.0884  -1.5959   0.0000  -0.2074
  -4.800  -0.1271   0.01119   0.00415  -0.0626  0.5783  0.0926  -1.5265   0.0000  -0.2717
  -4.600  -0.1072   0.01112   0.00406  -0.0621  0.5639  0.0984  -1.4575   0.0000  -0.3618
  -4.400  -0.0870   0.01108   0.00398  -0.0617  0.5502  0.1037  -1.3888   0.0000  -0.4967
  -4.200  -0.0668   0.01102   0.00390  -0.0613  0.5361  0.1104  -1.3209   0.0000  -0.7142
  -4.000  -0.0463   0.01098   0.00383  -0.0610  0.5218  0.1176  -1.2538   0.0000  -1.1272
  -3.600  -0.0047   0.01086   0.00369  -0.0605  0.4952  0.1387  -1.1280   0.0000  -13.1029
  -3.400   0.0165   0.01080   0.00363  -0.0603  0.4834  0.1521  -1.0657   0.0000   4.0306
  -3.200   0.0380   0.01070   0.00357  -0.0603  0.4710  0.1715  -1.0046   0.0000   1.8864
  -2.600   0.1099   0.01000   0.00333  -0.0621  0.4338  0.3340  -0.8306   0.0000   0.8280
  -2.400   0.1356   0.00985   0.00330  -0.0630  0.4228  0.3848  -0.7944   0.0000   0.7235
  -2.200   0.1607   0.00978   0.00330  -0.0637  0.4116  0.4186  -0.8196   0.0000   0.6524
  -2.000   0.1863   0.00974   0.00332  -0.0645  0.4006  0.4507  -0.8460   0.0000   0.6001
  -1.800   0.2125   0.00971   0.00334  -0.0654  0.3907  0.4802  -0.8734   0.0000   0.5599
  -1.600   0.2382   0.00971   0.00337  -0.0661  0.3823  0.5034  -0.9007   0.0000   0.5286
  -1.400   0.2637   0.00973   0.00341  -0.0668  0.3740  0.5226  -0.9280   0.0000   0.5033
  -1.200   0.2896   0.00975   0.00346  -0.0676  0.3665  0.5433  -0.9557   0.0000   0.4824
  -1.000   0.3155   0.00979   0.00351  -0.0683  0.3583  0.5614  -0.9841   0.0000   0.4649
  -0.800   0.3415   0.00984   0.00357  -0.0690  0.3510  0.5783  -1.0135   0.0000   0.4500
  -0.600   0.3681   0.00989   0.00364  -0.0699  0.3438  0.5976  -1.0440   0.0000   0.4373
  -0.400   0.3948   0.00994   0.00371  -0.0708  0.3382  0.6164  -1.0758   0.0000   0.4262
  -0.200   0.4210   0.01000   0.00379  -0.0716  0.3322  0.6324  -1.1073   0.0000   0.4165
   0.000   0.4458   0.01009   0.00387  -0.0721  0.3265  0.6429  -1.1380   0.0000   0.4077
   0.200   0.4699   0.01017   0.00394  -0.0724  0.3213  0.6506  -1.1684   0.0000   0.3997
   0.400   0.4940   0.01026   0.00403  -0.0727  0.3161  0.6588  -1.1989   0.0000   0.3925
   0.600   0.5178   0.01036   0.00411  -0.0730  0.3117  0.6663  -1.2293   0.0000   0.3860
   0.800   0.5419   0.01044   0.00420  -0.0733  0.3072  0.6742  -1.2601   0.0000   0.3800
   1.000   0.5656   0.01055   0.00429  -0.0736  0.3026  0.6817  -1.2908   0.0000   0.3745
   1.200   0.5891   0.01066   0.00440  -0.0738  0.2984  0.6898  -1.3228   0.0000   0.3694
   1.400   0.6130   0.01075   0.00450  -0.0741  0.2952  0.6972  -1.3555   0.0000   0.3647
   1.600   0.6367   0.01085   0.00460  -0.0743  0.2917  0.7051  -1.3882   0.0000   0.3603
   1.800   0.6599   0.01096   0.00471  -0.0745  0.2881  0.7124  -1.4207   0.0000   0.3562
   2.000   0.6828   0.01109   0.00483  -0.0746  0.2845  0.7202  -1.4531   0.0000   0.3523
   2.200   0.7061   0.01119   0.00495  -0.0747  0.2814  0.7275  -1.4867   0.0000   0.3487
   2.400   0.7291   0.01130   0.00507  -0.0749  0.2777  0.7349  -1.5212   0.0000   0.3452
   2.600   0.7512   0.01143   0.00520  -0.0748  0.2741  0.7415  -1.5551   0.0000   0.3419
   2.800   0.7732   0.01158   0.00534  -0.0747  0.2710  0.7486  -1.5890   0.0000   0.3387
   3.000   0.7952   0.01169   0.00547  -0.0747  0.2683  0.7551  -1.6236   0.0000   0.3357
   3.200   0.8171   0.01181   0.00561  -0.0745  0.2652  0.7620  -1.6595   0.0000   0.3328
   3.400   0.8384   0.01196   0.00575  -0.0743  0.2617  0.7684  -1.6951   0.0000   0.3300
   3.600   0.8584   0.01211   0.00591  -0.0739  0.2585  0.7748  -1.7297   0.0000   0.3271
   3.800   0.8800   0.01227   0.00607  -0.0738  0.2558  0.7812  -1.7674   0.0000   0.3246
   4.000   0.8991   0.01239   0.00623  -0.0731  0.2532  0.7872  -1.8033   0.0000   0.3218
   4.200   0.9198   0.01254   0.00639  -0.0728  0.2500  0.7935  -1.8409   0.0000   0.3194
   4.400   0.9385   0.01271   0.00655  -0.0721  0.2469  0.7991  -1.8768   0.0000   0.3169
   4.600   0.9566   0.01289   0.00674  -0.0713  0.2440  0.8047  -1.9121   0.0000   0.3143
   4.800   0.9778   0.01305   0.00691  -0.0711  0.2416  0.8100  -1.9508   0.0000   0.3122
   5.000   0.9944   0.01319   0.00708  -0.0699  0.2390  0.8148  -1.9849   0.0000   0.3096
   5.200   1.0120   0.01336   0.00726  -0.0690  0.2360  0.8200  -2.0202   0.0000   0.3073
   5.400   1.0326   0.01356   0.00745  -0.0688  0.2330  0.8249  -2.0603   0.0000   0.3054
   5.600   1.0462   0.01375   0.00765  -0.0671  0.2305  0.8292  -2.0935   0.0000   0.3026
   5.800   1.0621   0.01392   0.00785  -0.0659  0.2285  0.8338  -2.1293   0.0000   0.3003
   6.000   1.0821   0.01411   0.00805  -0.0655  0.2262  0.8383  -2.1698   0.0000   0.2985
   6.200   1.0968   0.01429   0.00826  -0.0641  0.2237  0.8423  -2.2049   0.0000   0.2961
   6.400   1.1087   0.01449   0.00848  -0.0621  0.2210  0.8463  -2.2388   0.0000   0.2934
   6.600   1.1247   0.01473   0.00871  -0.0610  0.2181  0.8502  -2.2773   0.0000   0.2914
   6.800   1.1459   0.01498   0.00896  -0.0610  0.2156  0.8538  -2.3241   0.0000   0.2901
   7.000   1.1556   0.01515   0.00917  -0.0586  0.2136  0.8572  -2.3576   0.0000   0.2873
   7.200   1.1657   0.01535   0.00940  -0.0563  0.2113  0.8608  -2.3915   0.0000   0.2846
   7.400   1.1814   0.01561   0.00966  -0.0553  0.2084  0.8642  -2.4325   0.0000   0.2828
   7.600   1.2010   0.01591   0.00996  -0.0550  0.2053  0.8674  -2.4784   0.0000   0.2815
   7.800   1.2132   0.01618   0.01023  -0.0533  0.2029  0.8701  -2.5174   0.0000   0.2793
   8.000   1.2201   0.01639   0.01048  -0.0505  0.2010  0.8726  -2.5505   0.0000   0.2764
   8.200   1.2313   0.01664   0.01076  -0.0485  0.1986  0.8753  -2.5906   0.0000   0.2742
   8.400   1.2458   0.01694   0.01108  -0.0473  0.1961  0.8781  -2.6353   0.0000   0.2725
   8.600   1.2641   0.01729   0.01142  -0.0470  0.1932  0.8808  -2.6853   0.0000   0.2713
   8.800   1.2807   0.01766   0.01179  -0.0463  0.1904  0.8832  -2.7332   0.0000   0.2700
   9.000   1.2843   0.01792   0.01209  -0.0430  0.1887  0.8852  -2.7634   0.0000   0.2670
   9.200   1.2909   0.01822   0.01242  -0.0403  0.1865  0.8874  -2.7978   0.0000   0.2645
   9.400   1.3006   0.01856   0.01279  -0.0384  0.1840  0.8896  -2.8409   0.0000   0.2624
   9.600   1.3134   0.01897   0.01320  -0.0371  0.1811  0.8917  -2.8888   0.0000   0.2608
   9.800   1.3288   0.01944   0.01367  -0.0365  0.1783  0.8937  -2.9408   0.0000   0.2597
  10.000   1.3497   0.01984   0.01409  -0.0368  0.1761  0.8956  -3.0016   0.0000   0.2591
  10.200   1.3573   0.02023   0.01451  -0.0346  0.1740  0.8972  -3.0458   0.0000   0.2570
  10.400   1.3583   0.02063   0.01495  -0.0311  0.1717  0.8989  -3.0798   0.0000   0.2542
  10.600   1.3614   0.02111   0.01544  -0.0283  0.1691  0.9006  -3.1174   0.0000   0.2517
  10.800   1.3671   0.02166   0.01601  -0.0260  0.1664  0.9024  -3.1591   0.0000   0.2496
  11.000   1.3776   0.02215   0.01652  -0.0246  0.1642  0.9041  -3.2094   0.0000   0.2481
  11.200   1.3910   0.02267   0.01708  -0.0238  0.1618  0.9058  -3.2646   0.0000   0.2470
  11.400   1.4065   0.02328   0.01770  -0.0236  0.1590  0.9074  -3.3268   0.0000   0.2462
  11.600   1.4238   0.02403   0.01844  -0.0239  0.1555  0.9089  -3.3980   0.0000   0.2458
  11.800   1.4242   0.02466   0.01910  -0.0209  0.1533  0.9100  -3.4367   0.0000   0.2434
  12.000   1.4254   0.02522   0.01971  -0.0181  0.1513  0.9113  -3.4773   0.0000   0.2410
  12.200   1.4285   0.02585   0.02038  -0.0157  0.1490  0.9127  -3.5214   0.0000   0.2390
  12.400   1.4331   0.02658   0.02113  -0.0139  0.1466  0.9141  -3.5685   0.0000   0.2373
  12.600   1.4385   0.02742   0.02199  -0.0123  0.1440  0.9156  -3.6214   0.0000   0.2358
  12.800   1.4459   0.02833   0.02292  -0.0113  0.1414  0.9169  -3.6787   0.0000   0.2346
  13.000   1.4567   0.02916   0.02379  -0.0107  0.1386  0.9182  -3.7438   0.0000   0.2337
  13.200   1.4672   0.03016   0.02481  -0.0104  0.1353  0.9193  -3.8083   0.0000   0.2331
  13.400   1.4770   0.03136   0.02602  -0.0103  0.1320  0.9203  -3.8732   0.0000   0.2325
  13.600   1.4866   0.03249   0.02717  -0.0101  0.1294  0.9212  -3.9385   0.0000   0.2319
  13.800   1.4843   0.03343   0.02816  -0.0076  0.1276  0.9222  -3.9769   0.0000   0.2298
  14.000   1.4831   0.03450   0.02927  -0.0056  0.1254  0.9233  -4.0174   0.0000   0.2280
  14.200   1.4827   0.03575   0.03056  -0.0040  0.1229  0.9244  -4.0592   0.0000   0.2265
  14.400   1.4828   0.03720   0.03203  -0.0029  0.1205  0.9253  -4.1015   0.0000   0.2253
  14.600   1.4854   0.03857   0.03345  -0.0021  0.1183  0.9263  -4.1498   0.0000   0.2243
  14.800   1.4890   0.03998   0.03490  -0.0015  0.1159  0.9273  -4.2027   0.0000   0.2235
  15.000   1.4914   0.04162   0.03658  -0.0012  0.1132  0.9282  -4.2543   0.0000   0.2228
  15.200   1.4920   0.04354   0.03853  -0.0010  0.1105  0.9289  -4.3004   0.0000   0.2222
  15.400   1.4936   0.04548   0.04051  -0.0011  0.1082  0.9295  -4.3488   0.0000   0.2217
  15.600   1.4975   0.04730   0.04238  -0.0013  0.1060  0.9302  -4.4035   0.0000   0.2214
  15.800   1.4994   0.04938   0.04451  -0.0017  0.1035  0.9308  -4.4539   0.0000   0.2211
  16.000   1.4987   0.05181   0.04698  -0.0023  0.1010  0.9313  -4.4964   0.0000   0.2210
  16.400   1.4960   0.05684   0.05212  -0.0035  0.0966  0.9321  -4.5762   0.0000   0.2208
  16.600   1.4897   0.05923   0.05457  -0.0033  0.0947  0.9325  -4.6025   0.0000   0.2201
  16.800   1.4823   0.06191   0.05730  -0.0033  0.0927  0.9329  -4.6238   0.0000   0.2196
  17.000   1.4722   0.06491   0.06036  -0.0035  0.0908  0.9333  -4.6358   0.0000   0.2192
  17.200   1.4606   0.06817   0.06367  -0.0039  0.0891  0.9338  -4.6414   0.0000   0.2189
  17.400   1.4529   0.07105   0.06663  -0.0043  0.0876  0.9343  -4.6594   0.0000   0.2187
  17.600   1.4451   0.07409   0.06973  -0.0050  0.0860  0.9347  -4.6757   0.0000   0.2186
  17.800   1.4359   0.07744   0.07315  -0.0059  0.0842  0.9350  -4.6856   0.0000   0.2187
  18.000   1.4248   0.08111   0.07689  -0.0071  0.0825  0.9353  -4.6878   0.0000   0.2190
  18.200   1.4119   0.08511   0.08094  -0.0086  0.0807  0.9355  -4.6821   0.0000   0.2195
  18.400   1.4002   0.08903   0.08492  -0.0102  0.0792  0.9356  -4.6793   0.0000   0.2201
  18.600   1.3925   0.09245   0.08842  -0.0115  0.0776  0.9358  -4.6901   0.0000   0.2205
  18.800   1.3831   0.09614   0.09217  -0.0131  0.0760  0.9360  -4.6935   0.0000   0.2212
  19.000   1.3721   0.10007   0.09616  -0.0149  0.0742  0.9362  -4.6893   0.0000   0.2220
  19.200   1.3597   0.10425   0.10040  -0.0169  0.0725  0.9363  -4.6783   0.0000   0.2230
  19.600   1.3416   0.11174   0.10801  -0.0207  0.0696  0.9367  -4.6816   0.0000   0.2248
  19.800   1.3351   0.11512   0.11143  -0.0225  0.0680  0.9370  -4.6937   0.0000   0.2256
  20.000   1.3268   0.11877   0.11514  -0.0245  0.0664  0.9373  -4.6969   0.0000   0.2266
  20.200   1.3186   0.12246   0.11887  -0.0266  0.0648  0.9375  -4.6988   0.0000   0.2277
  20.400   1.3090   0.12639   0.12283  -0.0289  0.0632  0.9378  -4.6933   0.0000   0.2291
  20.600   1.3049   0.12957   0.12606  -0.0309  0.0620  0.9381  -4.7102   0.0000   0.2301
  20.800   1.3022   0.13259   0.12913  -0.0328  0.0605  0.9384  -4.7322   0.0000   0.2310
  21.000   1.2983   0.13581   0.13238  -0.0350  0.0589  0.9386  -4.7482   0.0000   0.2322
  21.200   1.2928   0.13930   0.13591  -0.0374  0.0574  0.9388  -4.7549   0.0000   0.2336
  21.400   1.2861   0.14298   0.13962  -0.0400  0.0558  0.9390  -4.7549   0.0000   0.2351
  21.600   1.2845   0.14591   0.14259  -0.0422  0.0546  0.9392  -4.7778   0.0000   0.2362
  21.800   1.2844   0.14863   0.14535  -0.0443  0.0532  0.9394  -4.8072   0.0000   0.2373
  22.000   1.2812   0.15186   0.14862  -0.0467  0.0518  0.9396  -4.8227   0.0000   0.2387
  22.200   1.2789   0.15495   0.15174  -0.0492  0.0504  0.9398  -4.8434   0.0000   0.2400
  22.400   1.2743   0.15845   0.15527  -0.0520  0.0491  0.9400  -4.8500   0.0000   0.2417
  22.600   1.2748   0.16116   0.15801  -0.0542  0.0481  0.9403  -4.8829   0.0000   0.2429
  22.800   1.2765   0.16369   0.16058  -0.0564  0.0469  0.9406  -4.9216   0.0000   0.2439
  23.000   1.2756   0.16667   0.16359  -0.0590  0.0456  0.9409  -4.9453   0.0000   0.2453
  23.200   1.2745   0.16971   0.16665  -0.0617  0.0443  0.9411  -4.9668   0.0000   0.2468
  23.400   1.2730   0.17282   0.16978  -0.0645  0.0431  0.9413  -4.9847   0.0000   0.2484
  23.600   1.2728   0.17573   0.17273  -0.0672  0.0421  0.9415  -5.0089   0.0000   0.2499
  23.800   1.2748   0.17829   0.17532  -0.0696  0.0410  0.9417  -5.0453   0.0000   0.2511
  24.000   1.2765   0.18090   0.17796  -0.0722  0.0399  0.9418  -5.0792   0.0000   0.2524
  24.200   1.2747   0.18380   0.18088  -0.0747  0.0388  0.9420  -5.0945   0.0000   0.2538
  24.400   1.2716   0.18662   0.18372  -0.0770  0.0378  0.9422  -5.1043   0.0000   0.2551
  24.600   1.2713   0.18892   0.18605  -0.0789  0.0369  0.9424  -5.1311   0.0000   0.2560
  24.800   1.2723   0.19108   0.18824  -0.0808  0.0361  0.9427  -5.1649   0.0000   0.2567
  25.000   1.2713   0.19360   0.19079  -0.0830  0.0353  0.9429  -5.1846   0.0000   0.2578


