xflr5 v6.47

 Calculated polar for: NACA24018_theta30_Ku4.5_Kl0.5_d0.17_delta4.56

 1 1 Reynolds number fixed          Mach number fixed         

 xtrf =   1.000 (top)        1.000 (bottom)
 Mach =   0.000     Re =     2.600 e 6     Ncrit =   5.000

  alpha     CL        CD       CDp       Cm    Top Xtr Bot Xtr   Cpmin    Chinge    XCp    
 ------- -------- --------- --------- -------- ------- ------- -------- --------- ---------
 -15.000  -0.9172   0.02484   0.02041  -0.1011  0.9063  0.0263  -6.3462   0.0000   0.1162
 -14.800  -0.8993   0.02447   0.02003  -0.1012  0.9062  0.0266  -6.2117   0.0000   0.1141
 -14.600  -0.8806   0.02412   0.01968  -0.1013  0.9061  0.0271  -6.0757   0.0000   0.1117
 -14.400  -0.8609   0.02381   0.01937  -0.1016  0.9061  0.0275  -5.9366   0.0000   0.1088
 -14.200  -0.8398   0.02352   0.01908  -0.1021  0.9060  0.0279  -5.7939   0.0000   0.1054
 -14.000  -0.8401   0.02329   0.01885  -0.0989  0.9027  0.0281  -5.7261   0.0000   0.1097
 -13.800  -0.8150   0.02291   0.01847  -0.0999  0.9016  0.0285  -5.5712   0.0000   0.1049
 -13.600  -0.7867   0.02253   0.01809  -0.1014  0.9008  0.0289  -5.4073   0.0000   0.0985
 -13.400  -0.7561   0.02214   0.01770  -0.1033  0.9002  0.0293  -5.2373   0.0000   0.0908
 -13.200  -0.7249   0.02175   0.01731  -0.1052  0.8997  0.0297  -5.0735   0.0000   0.0820
 -13.000  -0.6933   0.02136   0.01692  -0.1073  0.8994  0.0304  -4.9114   0.0000   0.0722
 -12.800  -0.6617   0.02099   0.01657  -0.1094  0.8991  0.0311  -4.7511   0.0000   0.0615
 -12.600  -0.6300   0.02066   0.01624  -0.1114  0.8988  0.0319  -4.5923   0.0000   0.0496
 -12.400  -0.5974   0.02031   0.01590  -0.1135  0.8986  0.0325  -4.4331   0.0000   0.0360
 -10.800  -0.3892   0.01887   0.01455  -0.1212  0.8866  0.0384  -3.3964   0.0000  -0.0894
 -10.600  -0.3688   0.01895   0.01465  -0.1211  0.8827  0.0393  -3.2906   0.0000  -0.1070
 -10.200  -0.3414   0.01966   0.01537  -0.1186  0.8496  0.0404  -3.1155   0.0000  -0.1266
 -10.000  -0.2936   0.01891   0.01462  -0.1232  0.8452  0.0419  -2.9458   0.0000  -0.2021
  -9.800  -0.2171   0.01716   0.01280  -0.1328  0.8325  0.0440  -2.7192   0.0000  -0.4033
  -9.600  -0.1899   0.01672   0.01199  -0.1338  0.7500  0.0451  -2.6109   0.0000  -0.5003
  -9.400  -0.1722   0.01689   0.01204  -0.1332  0.7132  0.0464  -2.5243   0.0000  -0.5722
  -9.200  -0.1504   0.01699   0.01205  -0.1333  0.6869  0.0478  -2.4300   0.0000  -0.6896
  -9.000  -0.1269   0.01704   0.01203  -0.1337  0.6663  0.0489  -2.3331   0.0000  -0.8648
  -8.800  -0.1018   0.01707   0.01201  -0.1343  0.6467  0.0505  -2.2344   0.0000  -1.1428
  -8.600  -0.0765   0.01711   0.01198  -0.1350  0.6256  0.0522  -2.1365   0.0000  -1.6093
  -8.400  -0.0511   0.01714   0.01194  -0.1358  0.6041  0.0539  -2.0398   0.0000  -2.5432
  -8.200  -0.0245   0.01716   0.01190  -0.1367  0.5830  0.0562  -1.9433   0.0000  -5.5947
  -8.000   0.0019   0.01718   0.01186  -0.1376  0.5648  0.0581  -1.8519   0.0000  78.0226
  -7.800   0.0293   0.01719   0.01184  -0.1386  0.5491  0.0606  -1.7599   0.0000   5.1825
  -7.600   0.0566   0.01721   0.01181  -0.1397  0.5335  0.0629  -1.6696   0.0000   2.8202
  -7.400   0.0841   0.01722   0.01176  -0.1407  0.5162  0.0651  -1.5834   0.0000   1.9893
  -7.200   0.1115   0.01724   0.01173  -0.1418  0.4991  0.0678  -1.4997   0.0000   1.5688
  -7.000   0.1384   0.01728   0.01172  -0.1427  0.4826  0.0704  -1.4212   0.0000   1.3180
  -6.800   0.1656   0.01733   0.01173  -0.1437  0.4670  0.0738  -1.3441   0.0000   1.1469
  -6.600   0.1930   0.01739   0.01175  -0.1447  0.4523  0.0777  -1.2680   0.0000   1.0237
  -6.400   0.2199   0.01744   0.01177  -0.1456  0.4379  0.0815  -1.1938   0.0000   0.9322
  -6.200   0.2475   0.01751   0.01180  -0.1467  0.4245  0.0865  -1.1196   0.0000   0.8593
  -6.000   0.2752   0.01758   0.01185  -0.1478  0.4130  0.0918  -1.0467   0.0000   0.8011
  -5.800   0.3025   0.01765   0.01190  -0.1488  0.4011  0.0975  -0.9753   0.0000   0.7537
  -5.600   0.3299   0.01773   0.01194  -0.1498  0.3877  0.1035  -0.9052   0.0000   0.7142
  -5.400   0.3579   0.01782   0.01202  -0.1509  0.3782  0.1105  -0.8390   0.0000   0.6804
  -5.200   0.3860   0.01792   0.01209  -0.1521  0.3673  0.1191  -0.8389   0.0000   0.6514
  -5.000   0.4145   0.01802   0.01220  -0.1533  0.3584  0.1289  -0.8684   0.0000   0.6261
  -4.800   0.4430   0.01813   0.01229  -0.1545  0.3483  0.1393  -0.8981   0.0000   0.6041
  -4.600   0.4730   0.01825   0.01244  -0.1560  0.3418  0.1551  -0.9290   0.0000   0.5843
  -4.400   0.5057   0.01840   0.01262  -0.1581  0.3339  0.1788  -0.9619   0.0000   0.5662
  -4.200   0.5384   0.01855   0.01282  -0.1601  0.3285  0.2036  -0.9952   0.0000   0.5503
  -4.000   0.5825   0.01882   0.01322  -0.1645  0.3223  0.2623  -1.0367   0.0000   0.5346
  -3.800   0.6264   0.01909   0.01360  -0.1687  0.3145  0.3190  -1.0784   0.0000   0.5210
  -3.600   0.6640   0.01933   0.01392  -0.1717  0.3098  0.3576  -1.1162   0.0000   0.5097
  -3.400   0.6987   0.01955   0.01417  -0.1741  0.3034  0.3861  -1.1521   0.0000   0.4998
  -3.200   0.7316   0.01976   0.01440  -0.1761  0.2960  0.4112  -1.1868   0.0000   0.4909
  -3.000   0.7631   0.01998   0.01466  -0.1779  0.2929  0.4327  -1.2217   0.0000   0.4828
  -2.800   0.7938   0.02020   0.01490  -0.1794  0.2893  0.4514  -1.2581   0.0000   0.4754
  -2.600   0.8248   0.02043   0.01515  -0.1811  0.2847  0.4713  -1.2950   0.0000   0.4685
  -2.400   0.8561   0.02068   0.01541  -0.1828  0.2792  0.4914  -1.3325   0.0000   0.4621
  -2.200   0.8872   0.02093   0.01569  -0.1844  0.2764  0.5097  -1.3701   0.0000   0.4561
  -2.000   0.9152   0.02114   0.01590  -0.1854  0.2730  0.5212  -1.4065   0.0000   0.4505
  -1.800   0.9410   0.02132   0.01607  -0.1860  0.2690  0.5280  -1.4416   0.0000   0.4452
  -1.600   0.9650   0.02147   0.01619  -0.1862  0.2641  0.5327  -1.4762   0.0000   0.4402
  -1.400   0.9890   0.02163   0.01634  -0.1865  0.2616  0.5367  -1.5115   0.0000   0.4355
  -1.200   1.0149   0.02182   0.01653  -0.1871  0.2590  0.5422  -1.5487   0.0000   0.4310
  -1.000   1.0396   0.02200   0.01670  -0.1874  0.2562  0.5471  -1.5850   0.0000   0.4266
  -0.800   1.0632   0.02217   0.01685  -0.1876  0.2530  0.5513  -1.6205   0.0000   0.4225
  -0.600   1.0860   0.02232   0.01698  -0.1876  0.2493  0.5547  -1.6555   0.0000   0.4185
  -0.400   1.1115   0.02252   0.01718  -0.1881  0.2467  0.5603  -1.6931   0.0000   0.4147
  -0.200   1.1368   0.02273   0.01739  -0.1886  0.2441  0.5663  -1.7309   0.0000   0.4111
   0.000   1.1605   0.02291   0.01756  -0.1888  0.2406  0.5712  -1.7672   0.0000   0.4076
   0.200   1.1830   0.02309   0.01772  -0.1887  0.2368  0.5748  -1.8039   0.0000   0.4041
   0.400   1.2072   0.02330   0.01791  -0.1890  0.2329  0.5794  -1.8441   0.0000   0.4009
   0.600   1.2321   0.02352   0.01814  -0.1894  0.2313  0.5848  -1.8854   0.0000   0.3978
   0.800   1.2558   0.02372   0.01834  -0.1896  0.2290  0.5901  -1.9256   0.0000   0.3947
   1.000   1.2781   0.02391   0.01852  -0.1895  0.2258  0.5942  -1.9647   0.0000   0.3917
   1.200   1.3010   0.02413   0.01871  -0.1895  0.2217  0.5984  -2.0045   0.0000   0.3888
   1.400   1.3253   0.02437   0.01895  -0.1898  0.2181  0.6034  -2.0472   0.0000   0.3861
   1.600   1.3485   0.02459   0.01917  -0.1899  0.2160  0.6078  -2.0910   0.0000   0.3834
   1.800   1.3707   0.02480   0.01938  -0.1898  0.2136  0.6118  -2.1339   0.0000   0.3808
   2.000   1.3921   0.02501   0.01958  -0.1895  0.2109  0.6154  -2.1762   0.0000   0.3782
   2.200   1.4154   0.02527   0.01982  -0.1896  0.2077  0.6203  -2.2208   0.0000   0.3757
   2.400   1.4389   0.02554   0.02009  -0.1898  0.2045  0.6255  -2.2658   0.0000   0.3733
   2.600   1.4612   0.02579   0.02034  -0.1897  0.2022  0.6304  -2.3098   0.0000   0.3710
   2.800   1.4821   0.02603   0.02058  -0.1893  0.1992  0.6343  -2.3525   0.0000   0.3686
   3.000   1.5028   0.02629   0.02083  -0.1889  0.1961  0.6375  -2.3971   0.0000   0.3663
   3.200   1.5254   0.02661   0.02113  -0.1889  0.1925  0.6421  -2.4456   0.0000   0.3641
   3.400   1.5473   0.02689   0.02142  -0.1888  0.1904  0.6461  -2.4934   0.0000   0.3620
   3.600   1.5683   0.02717   0.02170  -0.1884  0.1876  0.6501  -2.5404   0.0000   0.3598
   3.800   1.5883   0.02746   0.02198  -0.1879  0.1844  0.6538  -2.5871   0.0000   0.3577
   4.000   1.6075   0.02775   0.02225  -0.1873  0.1811  0.6567  -2.6357   0.0000   0.3556
   4.200   1.6294   0.02808   0.02258  -0.1872  0.1787  0.6610  -2.6881   0.0000   0.3536
   4.400   1.6508   0.02839   0.02291  -0.1869  0.1764  0.6654  -2.7411   0.0000   0.3516
   4.600   1.6709   0.02872   0.02323  -0.1865  0.1734  0.6694  -2.7936   0.0000   0.3497
   4.800   1.6898   0.02905   0.02355  -0.1858  0.1697  0.6729  -2.8457   0.0000   0.3477
   5.000   1.7085   0.02936   0.02385  -0.1851  0.1668  0.6755  -2.8986   0.0000   0.3458
   5.200   1.7273   0.02968   0.02417  -0.1844  0.1641  0.6779  -2.9519   0.0000   0.3439
   5.400   1.7471   0.03008   0.02456  -0.1839  0.1602  0.6817  -3.0070   0.0000   0.3420
   5.600   1.7662   0.03049   0.02495  -0.1833  0.1563  0.6855  -3.0614   0.0000   0.3402
   5.800   1.7853   0.03084   0.02532  -0.1826  0.1541  0.6890  -3.1194   0.0000   0.3384
   6.000   1.8032   0.03122   0.02569  -0.1818  0.1510  0.6920  -3.1784   0.0000   0.3366
   6.200   1.8198   0.03165   0.02610  -0.1808  0.1470  0.6943  -3.2356   0.0000   0.3348
   6.400   1.8366   0.03205   0.02650  -0.1798  0.1441  0.6964  -3.2968   0.0000   0.3330
   6.600   1.8533   0.03254   0.02698  -0.1788  0.1404  0.6994  -3.3595   0.0000   0.3312
   6.800   1.8694   0.03310   0.02753  -0.1777  0.1360  0.7027  -3.4230   0.0000   0.3294
   7.000   1.8863   0.03356   0.02800  -0.1767  0.1336  0.7059  -3.4922   0.0000   0.3277
   7.200   1.9023   0.03405   0.02849  -0.1756  0.1305  0.7089  -3.5607   0.0000   0.3260
   7.400   1.9169   0.03462   0.02904  -0.1743  0.1264  0.7116  -3.6278   0.0000   0.3242
   7.600   1.9322   0.03512   0.02954  -0.1731  0.1231  0.7139  -3.7002   0.0000   0.3225
   7.800   1.9455   0.03575   0.03014  -0.1716  0.1184  0.7157  -3.7739   0.0000   0.3208
   8.000   1.9599   0.03630   0.03069  -0.1703  0.1151  0.7173  -3.8506   0.0000   0.3191
   8.200   1.9734   0.03698   0.03137  -0.1689  0.1117  0.7201  -3.9261   0.0000   0.3174
   8.400   1.9860   0.03770   0.03209  -0.1673  0.1085  0.7228  -4.0003   0.0000   0.3157
   8.600   1.9998   0.03833   0.03273  -0.1659  0.1060  0.7254  -4.0772   0.0000   0.3140
   8.800   2.0123   0.03903   0.03343  -0.1644  0.1030  0.7277  -4.1521   0.0000   0.3124
   9.000   2.0246   0.03973   0.03413  -0.1629  0.1004  0.7297  -4.2268   0.0000   0.3107
   9.200   2.0371   0.04041   0.03483  -0.1613  0.0978  0.7316  -4.3023   0.0000   0.3091
   9.400   2.0458   0.04136   0.03576  -0.1593  0.0940  0.7333  -4.3740   0.0000   0.3073
   9.600   2.0561   0.04221   0.03662  -0.1576  0.0907  0.7349  -4.4533   0.0000   0.3057
   9.800   2.0645   0.04321   0.03760  -0.1556  0.0866  0.7361  -4.5287   0.0000   0.3040
  10.000   2.0744   0.04410   0.03850  -0.1538  0.0838  0.7383  -4.6107   0.0000   0.3024
  10.200   2.0821   0.04517   0.03958  -0.1518  0.0809  0.7403  -4.6875   0.0000   0.3007
  10.400   2.0907   0.04617   0.04059  -0.1499  0.0785  0.7421  -4.7672   0.0000   0.2991
  10.600   2.0991   0.04718   0.04162  -0.1481  0.0759  0.7440  -4.8468   0.0000   0.2975
  10.800   2.1043   0.04847   0.04292  -0.1459  0.0732  0.7459  -4.9183   0.0000   0.2958
  11.000   2.1123   0.04955   0.04402  -0.1441  0.0710  0.7478  -4.9975   0.0000   0.2943
  11.200   2.1172   0.05088   0.04536  -0.1420  0.0685  0.7495  -5.0698   0.0000   0.2927
  11.400   2.1230   0.05216   0.04667  -0.1401  0.0665  0.7510  -5.1467   0.0000   0.2911
  11.600   2.1282   0.05353   0.04806  -0.1382  0.0643  0.7524  -5.2220   0.0000   0.2896
  11.800   2.1310   0.05514   0.04968  -0.1361  0.0619  0.7536  -5.2909   0.0000   0.2881
  12.000   2.1356   0.05664   0.05120  -0.1343  0.0600  0.7547  -5.3685   0.0000   0.2866
  12.200   2.1371   0.05841   0.05300  -0.1323  0.0577  0.7560  -5.4390   0.0000   0.2852
  12.400   2.1387   0.06019   0.05482  -0.1304  0.0559  0.7576  -5.5096   0.0000   0.2837
  12.600   2.1403   0.06201   0.05667  -0.1287  0.0541  0.7591  -5.5806   0.0000   0.2824
  12.800   2.1396   0.06409   0.05878  -0.1269  0.0522  0.7604  -5.6444   0.0000   0.2810
  13.000   2.1409   0.06600   0.06073  -0.1253  0.0508  0.7617  -5.7140   0.0000   0.2798
  13.200   2.1404   0.06812   0.06289  -0.1238  0.0492  0.7629  -5.7783   0.0000   0.2785
  13.400   2.1376   0.07055   0.06536  -0.1223  0.0476  0.7640  -5.8346   0.0000   0.2774
  13.600   2.1367   0.07281   0.06767  -0.1210  0.0464  0.7653  -5.8972   0.0000   0.2763
  13.800   2.1349   0.07523   0.07013  -0.1199  0.0451  0.7666  -5.9564   0.0000   0.2753
  14.000   2.1308   0.07793   0.07288  -0.1189  0.0437  0.7678  -6.0080   0.0000   0.2743
  14.200   2.1280   0.08055   0.07555  -0.1180  0.0426  0.7689  -6.0629   0.0000   0.2734
  14.400   2.1248   0.08324   0.07829  -0.1173  0.0415  0.7699  -6.1163   0.0000   0.2726
  14.600   2.1197   0.08620   0.08131  -0.1168  0.0404  0.7708  -6.1626   0.0000   0.2719
  14.800   2.1131   0.08936   0.08452  -0.1165  0.0394  0.7715  -6.2031   0.0000   0.2713
  15.000   2.1085   0.09233   0.08755  -0.1163  0.0386  0.7722  -6.2495   0.0000   0.2707
  15.200   2.1034   0.09538   0.09066  -0.1163  0.0378  0.7727  -6.2936   0.0000   0.2703
  15.400   2.0973   0.09861   0.09395  -0.1165  0.0369  0.7733  -6.3328   0.0000   0.2699
  15.600   2.0891   0.10200   0.09740  -0.1168  0.0361  0.7743  -6.3637   0.0000   0.2696
  15.800   2.0808   0.10544   0.10091  -0.1173  0.0354  0.7754  -6.3928   0.0000   0.2694
  16.000   2.0749   0.10859   0.10413  -0.1178  0.0348  0.7765  -6.4313   0.0000   0.2692
  16.200   2.0673   0.11196   0.10757  -0.1186  0.0341  0.7774  -6.4632   0.0000   0.2692
  16.400   2.0583   0.11556   0.11123  -0.1196  0.0335  0.7783  -6.4878   0.0000   0.2692
  16.600   2.0483   0.11931   0.11506  -0.1208  0.0328  0.7791  -6.5070   0.0000   0.2695
  16.800   2.0374   0.12320   0.11901  -0.1223  0.0322  0.7799  -6.5211   0.0000   0.2698
  17.000   2.0283   0.12687   0.12275  -0.1238  0.0317  0.7807  -6.5409   0.0000   0.2701
  17.200   2.0198   0.13046   0.12641  -0.1254  0.0311  0.7815  -6.5620   0.0000   0.2705
  17.400   2.0115   0.13399   0.13001  -0.1271  0.0306  0.7823  -6.5833   0.0000   0.2709
  17.600   2.0017   0.13779   0.13387  -0.1290  0.0300  0.7830  -6.5960   0.0000   0.2714
  17.800   1.9905   0.14181   0.13796  -0.1313  0.0294  0.7838  -6.6036   0.0000   0.2722
  18.000   1.9791   0.14587   0.14209  -0.1337  0.0289  0.7845  -6.6087   0.0000   0.2731
  18.200   1.9711   0.14941   0.14569  -0.1358  0.0284  0.7854  -6.6290   0.0000   0.2737
  18.400   1.9640   0.15281   0.14915  -0.1380  0.0280  0.7863  -6.6526   0.0000   0.2743
  18.600   1.9545   0.15661   0.15301  -0.1405  0.0275  0.7871  -6.6627   0.0000   0.2752
  18.800   1.9470   0.16010   0.15656  -0.1429  0.0270  0.7879  -6.6816   0.0000   0.2760
  19.000   1.9384   0.16377   0.16029  -0.1455  0.0265  0.7885  -6.6934   0.0000   0.2769
  19.200   1.9284   0.16769   0.16426  -0.1484  0.0260  0.7891  -6.6958   0.0000   0.2781
  19.400   1.9234   0.17078   0.16740  -0.1507  0.0255  0.7897  -6.7244   0.0000   0.2787
  19.600   1.9154   0.17438   0.17106  -0.1535  0.0251  0.7902  -6.7350   0.0000   0.2798
  19.800   1.9113   0.17728   0.17400  -0.1558  0.0246  0.7908  -6.7666   0.0000   0.2804
  20.000   1.9025   0.18086   0.17764  -0.1587  0.0241  0.7916  -6.7711   0.0000   0.2815
  20.200   1.8972   0.18384   0.18065  -0.1610  0.0235  0.7926  -6.7947   0.0000   0.2822
  20.400   1.8882   0.18747   0.18434  -0.1641  0.0230  0.7934  -6.7946   0.0000   0.2835
  20.600   1.8846   0.19014   0.18705  -0.1663  0.0226  0.7944  -6.8264   0.0000   0.2841
  20.800   1.8791   0.19317   0.19013  -0.1689  0.0222  0.7953  -6.8449   0.0000   0.2849
  21.000   1.8745   0.19602   0.19303  -0.1714  0.0218  0.7962  -6.8685   0.0000   0.2857
  21.200   1.8715   0.19860   0.19565  -0.1736  0.0213  0.7971  -6.9010   0.0000   0.2863
  21.400   1.8641   0.20197   0.19907  -0.1767  0.0209  0.7979  -6.9044   0.0000   0.2875
  21.600   1.8606   0.20464   0.20177  -0.1792  0.0204  0.7987  -6.9323   0.0000   0.2882
  21.800   1.8559   0.20755   0.20472  -0.1819  0.0201  0.7995  -6.9505   0.0000   0.2892
  22.000   1.8531   0.21014   0.20735  -0.1844  0.0198  0.8003  -6.9800   0.0000   0.2899
  22.200   1.8517   0.21244   0.20969  -0.1866  0.0194  0.8011  -7.0192   0.0000   0.2903
  22.400   1.8472   0.21534   0.21262  -0.1895  0.0191  0.8018  -7.0355   0.0000   0.2913
  22.600   1.8446   0.21788   0.21520  -0.1920  0.0188  0.8025  -7.0640   0.0000   0.2920
  22.800   1.8428   0.22027   0.21761  -0.1944  0.0184  0.8032  -7.0979   0.0000   0.2926
  23.000   1.8372   0.22335   0.22074  -0.1977  0.0181  0.8039  -7.1034   0.0000   0.2939
  23.200   1.8353   0.22574   0.22316  -0.2001  0.0177  0.8045  -7.1352   0.0000   0.2945
  23.400   1.8353   0.22779   0.22524  -0.2023  0.0175  0.8051  -7.1799   0.0000   0.2949
  23.600   1.8315   0.23055   0.22805  -0.2053  0.0172  0.8057  -7.1949   0.0000   0.2959
  23.800   1.8302   0.23283   0.23036  -0.2077  0.0169  0.8063  -7.2290   0.0000   0.2965
  24.000   1.8297   0.23497   0.23251  -0.2100  0.0165  0.8068  -7.2679   0.0000   0.2969
  24.200   1.8247   0.23775   0.23534  -0.2131  0.0162  0.8077  -7.2733   0.0000   0.2980
  24.400   1.8222   0.24007   0.23769  -0.2156  0.0159  0.8086  -7.2978   0.0000   0.2987
  24.600   1.8204   0.24223   0.23987  -0.2180  0.0155  0.8094  -7.3271   0.0000   0.2993
  24.800   1.8165   0.24479   0.24249  -0.2209  0.0153  0.8101  -7.3377   0.0000   0.3003
  25.000   1.8152   0.24686   0.24458  -0.2232  0.0151  0.8109  -7.3700   0.0000   0.3008


