xflr5 v6.47

 Calculated polar for: NACA24018_theta30_Ku4.5_Kl0.5_d0.17_delta4.56

 1 1 Reynolds number fixed          Mach number fixed         

 xtrf =   1.000 (top)        1.000 (bottom)
 Mach =   0.000     Re =     0.600 e 6     Ncrit =   5.000

  alpha     CL        CD       CDp       Cm    Top Xtr Bot Xtr   Cpmin    Chinge    XCp    
 ------- -------- --------- --------- -------- ------- ------- -------- --------- ---------
 -15.000  -0.8828   0.04050   0.03520  -0.0872  0.9440  0.0348  -6.0312   0.0000   0.1264
 -14.800  -0.8764   0.03962   0.03427  -0.0865  0.9426  0.0351  -5.9473   0.0000   0.1270
 -14.600  -0.8678   0.03887   0.03348  -0.0861  0.9416  0.0356  -5.8560   0.0000   0.1268
 -14.200  -0.8651   0.03710   0.03164  -0.0825  0.9378  0.0362  -5.7237   0.0000   0.1317
 -14.000  -0.8547   0.03635   0.03083  -0.0820  0.9354  0.0366  -5.6267   0.0000   0.1314
 -13.800  -0.8520   0.03528   0.02973  -0.0804  0.9305  0.0369  -5.5565   0.0000   0.1334
 -13.400  -0.8341   0.03343   0.02783  -0.0790  0.9229  0.0377  -5.3714   0.0000   0.1339
 -13.200  -0.8172   0.03276   0.02714  -0.0793  0.9214  0.0382  -5.2522   0.0000   0.1318
 -13.000  -0.8029   0.03200   0.02635  -0.0790  0.9182  0.0387  -5.1425   0.0000   0.1306
 -12.800  -0.7867   0.03133   0.02566  -0.0790  0.9158  0.0393  -5.0316   0.0000   0.1288
 -12.600  -0.7661   0.03079   0.02508  -0.0796  0.9145  0.0399  -4.9090   0.0000   0.1254
 -12.400  -0.7435   0.03033   0.02458  -0.0805  0.9137  0.0406  -4.7809   0.0000   0.1211
 -12.200  -0.7276   0.02961   0.02387  -0.0804  0.9104  0.0412  -4.6738   0.0000   0.1191
 -12.000  -0.7061   0.02907   0.02333  -0.0811  0.9084  0.0419  -4.5494   0.0000   0.1148
 -11.800  -0.6817   0.02863   0.02288  -0.0821  0.9073  0.0428  -4.4179   0.0000   0.1091
 -11.600  -0.6559   0.02823   0.02246  -0.0834  0.9064  0.0437  -4.2840   0.0000   0.1024
 -11.400  -0.6292   0.02787   0.02208  -0.0847  0.9059  0.0445  -4.1497   0.0000   0.0948
 -11.200  -0.6112   0.02731   0.02152  -0.0847  0.9021  0.0452  -4.0414   0.0000   0.0909
 -11.000  -0.5857   0.02691   0.02113  -0.0858  0.9006  0.0462  -3.9119   0.0000   0.0828
 -10.800  -0.5584   0.02656   0.02077  -0.0872  0.8995  0.0472  -3.7804   0.0000   0.0729
 -10.600  -0.5299   0.02624   0.02043  -0.0887  0.8987  0.0484  -3.6521   0.0000   0.0614
 -10.400  -0.5008   0.02592   0.02012  -0.0903  0.8981  0.0496  -3.5235   0.0000   0.0480
 -10.200  -0.4809   0.02550   0.01972  -0.0904  0.8940  0.0507  -3.4196   0.0000   0.0402
 -10.000  -0.4539   0.02519   0.01941  -0.0916  0.8923  0.0521  -3.2988   0.0000   0.0259
  -9.800  -0.4253   0.02492   0.01912  -0.0931  0.8912  0.0535  -3.1761   0.0000   0.0084
  -9.600  -0.3949   0.02461   0.01883  -0.0949  0.8903  0.0549  -3.0498   0.0000  -0.0139
  -9.400  -0.3639   0.02431   0.01854  -0.0967  0.8894  0.0567  -2.9236   0.0000  -0.0404
  -8.800  -0.3165   0.02375   0.01803  -0.0945  0.8565  0.0610  -2.6715   0.0000  -0.0740
  -8.600  -0.2896   0.02359   0.01787  -0.0955  0.8494  0.0630  -2.5655   0.0000  -0.1065
  -8.400  -0.2598   0.02336   0.01766  -0.0970  0.8440  0.0652  -2.4545   0.0000  -0.1518
  -8.200  -0.2285   0.02311   0.01742  -0.0987  0.8406  0.0678  -2.3416   0.0000  -0.2130
  -8.000  -0.1983   0.02291   0.01723  -0.1003  0.8346  0.0702  -2.2329   0.0000  -0.2899
  -7.800  -0.1648   0.02260   0.01694  -0.1023  0.8300  0.0732  -2.1190   0.0000  -0.4101
  -7.600  -0.1299   0.02225   0.01659  -0.1046  0.8243  0.0765  -2.0052   0.0000  -0.6025
  -7.400  -0.0909   0.02175   0.01609  -0.1076  0.8173  0.0808  -1.8896   0.0000  -0.9969
  -7.200  -0.0471   0.02109   0.01542  -0.1114  0.8088  0.0858  -1.7670   0.0000  -2.2346
  -7.000   0.0016   0.02027   0.01457  -0.1160  0.7980  0.0919  -1.6395   0.0000  77.7843
  -6.800   0.0514   0.01942   0.01368  -0.1210  0.7827  0.0992  -1.5178   0.0000   2.6995
  -6.600   0.0980   0.01871   0.01288  -0.1254  0.7603  0.1076  -1.4062   0.0000   1.5770
  -6.400   0.1343   0.01835   0.01240  -0.1280  0.7306  0.1159  -1.3162   0.0000   1.2357
  -6.200   0.1629   0.01828   0.01223  -0.1293  0.7002  0.1245  -1.2393   0.0000   1.0690
  -6.000   0.1892   0.01833   0.01218  -0.1302  0.6729  0.1346  -1.1670   0.0000   0.9587
  -5.600   0.2438   0.01853   0.01228  -0.1324  0.6267  0.1631  -1.0228   0.0000   0.8073
  -5.400   0.2737   0.01866   0.01240  -0.1341  0.6036  0.1873  -0.9498   0.0000   0.7516
  -5.200   0.3096   0.01883   0.01261  -0.1371  0.5796  0.2306  -0.8724   0.0000   0.7022
  -5.000   0.3654   0.01914   0.01316  -0.1442  0.5536  0.3323  -0.8329   0.0000   0.6519
  -4.800   0.4108   0.01949   0.01359  -0.1489  0.5300  0.3955  -0.8737   0.0000   0.6184
  -4.600   0.4463   0.01978   0.01386  -0.1516  0.5092  0.4258  -0.9081   0.0000   0.5944
  -4.400   0.4787   0.02004   0.01408  -0.1536  0.4914  0.4480  -0.9407   0.0000   0.5748
  -4.200   0.5101   0.02030   0.01430  -0.1554  0.4752  0.4669  -0.9728   0.0000   0.5577
  -4.000   0.5408   0.02055   0.01451  -0.1570  0.4591  0.4837  -1.0046   0.0000   0.5428
  -3.800   0.5720   0.02083   0.01474  -0.1588  0.4431  0.5018  -1.0370   0.0000   0.5293
  -3.600   0.6018   0.02109   0.01495  -0.1602  0.4285  0.5177  -1.0686   0.0000   0.5174
  -3.400   0.6321   0.02135   0.01518  -0.1617  0.4160  0.5329  -1.1007   0.0000   0.5065
  -3.200   0.6622   0.02163   0.01543  -0.1632  0.4036  0.5480  -1.1331   0.0000   0.4966
  -3.000   0.6919   0.02190   0.01568  -0.1645  0.3917  0.5626  -1.1652   0.0000   0.4875
  -2.800   0.7203   0.02216   0.01588  -0.1657  0.3821  0.5741  -1.1987   0.0000   0.4793
  -2.600   0.7447   0.02235   0.01605  -0.1660  0.3734  0.5800  -1.2298   0.0000   0.4718
  -2.400   0.7686   0.02255   0.01621  -0.1663  0.3660  0.5850  -1.2607   0.0000   0.4648
  -2.200   0.7933   0.02275   0.01638  -0.1666  0.3588  0.5902  -1.2924   0.0000   0.4582
  -2.000   0.8180   0.02298   0.01655  -0.1670  0.3514  0.5951  -1.3242   0.0000   0.4520
  -1.800   0.8410   0.02317   0.01673  -0.1671  0.3452  0.6001  -1.3556   0.0000   0.4462
  -1.600   0.8644   0.02338   0.01691  -0.1672  0.3384  0.6054  -1.3880   0.0000   0.4406
  -1.200   0.9127   0.02385   0.01731  -0.1678  0.3265  0.6152  -1.4554   0.0000   0.4304
  -1.000   0.9347   0.02405   0.01750  -0.1677  0.3211  0.6195  -1.4886   0.0000   0.4256
  -0.800   0.9565   0.02427   0.01770  -0.1676  0.3161  0.6244  -1.5217   0.0000   0.4211
  -0.600   0.9797   0.02450   0.01792  -0.1677  0.3119  0.6296  -1.5561   0.0000   0.4167
  -0.400   1.0039   0.02475   0.01816  -0.1680  0.3077  0.6345  -1.5918   0.0000   0.4126
  -0.200   1.0260   0.02498   0.01837  -0.1679  0.3031  0.6385  -1.6257   0.0000   0.4086
   0.000   1.0459   0.02519   0.01857  -0.1674  0.2988  0.6425  -1.6578   0.0000   0.4047
   0.200   1.0672   0.02543   0.01880  -0.1671  0.2952  0.6470  -1.6912   0.0000   0.4010
   0.400   1.0901   0.02567   0.01905  -0.1672  0.2917  0.6519  -1.7268   0.0000   0.3975
   0.600   1.1144   0.02597   0.01933  -0.1675  0.2877  0.6564  -1.7656   0.0000   0.3942
   0.800   1.1330   0.02618   0.01954  -0.1667  0.2839  0.6601  -1.7998   0.0000   0.3907
   1.000   1.1517   0.02642   0.01977  -0.1660  0.2803  0.6642  -1.8342   0.0000   0.3874
   1.200   1.1726   0.02666   0.02003  -0.1657  0.2775  0.6686  -1.8710   0.0000   0.3843
   1.400   1.1953   0.02695   0.02031  -0.1657  0.2744  0.6731  -1.9097   0.0000   0.3814
   1.600   1.2194   0.02728   0.02064  -0.1660  0.2707  0.6769  -1.9502   0.0000   0.3786
   1.800   1.2356   0.02749   0.02086  -0.1648  0.2674  0.6801  -1.9835   0.0000   0.3756
   2.000   1.2522   0.02774   0.02110  -0.1638  0.2640  0.6835  -2.0191   0.0000   0.3727
   2.200   1.2711   0.02799   0.02137  -0.1631  0.2612  0.6873  -2.0576   0.0000   0.3699
   2.400   1.2919   0.02828   0.02167  -0.1628  0.2581  0.6913  -2.0983   0.0000   0.3673
   2.600   1.3144   0.02864   0.02203  -0.1628  0.2547  0.6951  -2.1412   0.0000   0.3649
   2.800   1.3339   0.02898   0.02236  -0.1623  0.2516  0.6982  -2.1810   0.0000   0.3624
   3.000   1.3473   0.02923   0.02262  -0.1606  0.2488  0.7012  -2.2141   0.0000   0.3596
   3.200   1.3627   0.02948   0.02290  -0.1593  0.2464  0.7043  -2.2496   0.0000   0.3571
   3.400   1.3801   0.02976   0.02321  -0.1584  0.2436  0.7077  -2.2881   0.0000   0.3546
   3.600   1.3993   0.03012   0.02357  -0.1578  0.2404  0.7109  -2.3313   0.0000   0.3524
   3.800   1.4207   0.03056   0.02401  -0.1577  0.2371  0.7143  -2.3775   0.0000   0.3503
   4.000   1.4412   0.03104   0.02446  -0.1575  0.2339  0.7174  -2.4229   0.0000   0.3482
   4.200   1.4525   0.03125   0.02472  -0.1555  0.2318  0.7197  -2.4570   0.0000   0.3457
   4.400   1.4653   0.03149   0.02499  -0.1537  0.2295  0.7221  -2.4937   0.0000   0.3433
   4.600   1.4795   0.03178   0.02532  -0.1523  0.2269  0.7246  -2.5347   0.0000   0.3410
   4.800   1.4950   0.03215   0.02570  -0.1511  0.2239  0.7273  -2.5776   0.0000   0.3388
   5.000   1.5122   0.03263   0.02617  -0.1503  0.2206  0.7303  -2.6231   0.0000   0.3368
   5.200   1.5321   0.03317   0.02672  -0.1500  0.2178  0.7333  -2.6737   0.0000   0.3350
   5.400   1.5560   0.03375   0.02731  -0.1504  0.2149  0.7362  -2.7305   0.0000   0.3334
   5.600   1.5644   0.03402   0.02762  -0.1480  0.2125  0.7380  -2.7669   0.0000   0.3310
   5.800   1.5731   0.03434   0.02797  -0.1457  0.2099  0.7398  -2.8044   0.0000   0.3287
   6.000   1.5824   0.03473   0.02838  -0.1435  0.2072  0.7417  -2.8430   0.0000   0.3265
   6.200   1.5935   0.03518   0.02884  -0.1417  0.2046  0.7437  -2.8842   0.0000   0.3244
   6.400   1.6076   0.03560   0.02930  -0.1404  0.2022  0.7458  -2.9300   0.0000   0.3225
   6.600   1.6224   0.03612   0.02985  -0.1392  0.1995  0.7481  -2.9790   0.0000   0.3206
   6.800   1.6387   0.03676   0.03050  -0.1384  0.1966  0.7507  -3.0340   0.0000   0.3189
   7.000   1.6575   0.03755   0.03129  -0.1381  0.1934  0.7533  -3.0931   0.0000   0.3174
   7.200   1.6754   0.03826   0.03202  -0.1376  0.1907  0.7555  -3.1523   0.0000   0.3159
   7.400   1.6826   0.03864   0.03244  -0.1352  0.1886  0.7567  -3.1964   0.0000   0.3137
   7.600   1.6896   0.03910   0.03295  -0.1328  0.1861  0.7578  -3.2402   0.0000   0.3116
   7.800   1.6962   0.03967   0.03355  -0.1305  0.1834  0.7591  -3.2851   0.0000   0.3096
   8.000   1.7030   0.04033   0.03422  -0.1282  0.1807  0.7605  -3.3313   0.0000   0.3076
   8.200   1.7119   0.04093   0.03486  -0.1263  0.1782  0.7620  -3.3841   0.0000   0.3057
   8.400   1.7216   0.04156   0.03554  -0.1246  0.1754  0.7636  -3.4389   0.0000   0.3039
   8.600   1.7315   0.04232   0.03633  -0.1229  0.1725  0.7652  -3.4946   0.0000   0.3022
   8.800   1.7416   0.04321   0.03723  -0.1215  0.1696  0.7668  -3.5528   0.0000   0.3006
   9.000   1.7538   0.04417   0.03821  -0.1204  0.1668  0.7688  -3.6188   0.0000   0.2991
   9.200   1.7708   0.04521   0.03929  -0.1201  0.1636  0.7713  -3.6993   0.0000   0.2978
   9.400   1.7877   0.04644   0.04053  -0.1200  0.1601  0.7735  -3.7801   0.0000   0.2967
   9.600   1.7893   0.04738   0.04150  -0.1174  0.1575  0.7743  -3.8270   0.0000   0.2948
   9.800   1.7932   0.04824   0.04241  -0.1151  0.1551  0.7750  -3.8789   0.0000   0.2929
  10.000   1.7972   0.04914   0.04337  -0.1129  0.1525  0.7758  -3.9313   0.0000   0.2912
  10.200   1.7999   0.05019   0.04445  -0.1107  0.1497  0.7767  -3.9810   0.0000   0.2894
  10.400   1.8015   0.05139   0.04568  -0.1085  0.1471  0.7776  -4.0280   0.0000   0.2877
  10.600   1.8044   0.05255   0.04689  -0.1065  0.1448  0.7785  -4.0779   0.0000   0.2861
  10.800   1.8084   0.05371   0.04811  -0.1047  0.1424  0.7795  -4.1310   0.0000   0.2846
  11.000   1.8119   0.05505   0.04949  -0.1030  0.1396  0.7806  -4.1888   0.0000   0.2831
  11.200   1.8139   0.05666   0.05113  -0.1014  0.1369  0.7816  -4.2428   0.0000   0.2817
  11.400   1.8177   0.05820   0.05272  -0.1001  0.1342  0.7826  -4.3014   0.0000   0.2804
  11.600   1.8222   0.05980   0.05438  -0.0990  0.1311  0.7838  -4.3619   0.0000   0.2792
  11.800   1.8249   0.06174   0.05635  -0.0980  0.1279  0.7851  -4.4195   0.0000   0.2781
  12.000   1.8293   0.06381   0.05847  -0.0974  0.1251  0.7868  -4.4819   0.0000   0.2771
  12.200   1.8390   0.06605   0.06075  -0.0978  0.1218  0.7890  -4.5595   0.0000   0.2765
  12.400   1.8456   0.06860   0.06334  -0.0980  0.1187  0.7908  -4.6286   0.0000   0.2759
  12.600   1.8414   0.07067   0.06547  -0.0966  0.1168  0.7912  -4.6667   0.0000   0.2747
  12.800   1.8388   0.07260   0.06747  -0.0953  0.1148  0.7917  -4.7094   0.0000   0.2736
  13.000   1.8352   0.07473   0.06967  -0.0942  0.1126  0.7921  -4.7488   0.0000   0.2726
  13.200   1.8301   0.07715   0.07214  -0.0933  0.1104  0.7925  -4.7848   0.0000   0.2717
  13.400   1.8242   0.07972   0.07478  -0.0926  0.1084  0.7929  -4.8182   0.0000   0.2710
  13.600   1.8201   0.08211   0.07723  -0.0920  0.1062  0.7934  -4.8562   0.0000   0.2702
  13.800   1.8139   0.08477   0.07996  -0.0915  0.1039  0.7939  -4.8873   0.0000   0.2696
  14.000   1.8057   0.08774   0.08300  -0.0913  0.1018  0.7944  -4.9112   0.0000   0.2691
  14.200   1.7987   0.09061   0.08594  -0.0912  0.0997  0.7949  -4.9377   0.0000   0.2687
  14.400   1.7924   0.09343   0.08883  -0.0912  0.0975  0.7955  -4.9676   0.0000   0.2683
  14.600   1.7842   0.09659   0.09205  -0.0915  0.0952  0.7960  -4.9901   0.0000   0.2681
  14.800   1.7743   0.10006   0.09559  -0.0922  0.0933  0.7966  -5.0054   0.0000   0.2682
  15.000   1.7684   0.10306   0.09866  -0.0928  0.0913  0.7972  -5.0345   0.0000   0.2681
  15.200   1.7606   0.10640   0.10207  -0.0937  0.0892  0.7978  -5.0564   0.0000   0.2683
  15.400   1.7513   0.11003   0.10577  -0.0950  0.0873  0.7984  -5.0711   0.0000   0.2686
  15.600   1.7429   0.11359   0.10940  -0.0963  0.0856  0.7990  -5.0879   0.0000   0.2690
  15.800   1.7371   0.11685   0.11273  -0.0977  0.0837  0.7997  -5.1131   0.0000   0.2694
  16.000   1.7296   0.12041   0.11636  -0.0994  0.0817  0.8004  -5.1307   0.0000   0.2699
  16.200   1.7203   0.12432   0.12032  -0.1014  0.0799  0.8012  -5.1396   0.0000   0.2708
  16.400   1.7147   0.12785   0.12392  -0.1034  0.0782  0.8021  -5.1611   0.0000   0.2715
  16.600   1.7098   0.13150   0.12764  -0.1058  0.0762  0.8032  -5.1839   0.0000   0.2724
  16.800   1.7050   0.13563   0.13183  -0.1089  0.0742  0.8047  -5.2036   0.0000   0.2736
  17.000   1.7078   0.14014   0.13639  -0.1132  0.0720  0.8069  -5.2480   0.0000   0.2753
  17.200   1.6993   0.14329   0.13960  -0.1148  0.0703  0.8072  -5.2561   0.0000   0.2760
  17.400   1.6906   0.14648   0.14284  -0.1166  0.0687  0.8075  -5.2626   0.0000   0.2767
  17.600   1.6805   0.14998   0.14639  -0.1187  0.0673  0.8078  -5.2604   0.0000   0.2777
  17.800   1.6750   0.15276   0.14923  -0.1203  0.0658  0.8081  -5.2782   0.0000   0.2782
  18.000   1.6684   0.15576   0.15228  -0.1222  0.0642  0.8084  -5.2901   0.0000   0.2790
  18.200   1.6606   0.15899   0.15555  -0.1244  0.0627  0.8088  -5.2949   0.0000   0.2800
  18.400   1.6543   0.16199   0.15860  -0.1265  0.0613  0.8091  -5.3055   0.0000   0.2808
  18.600   1.6501   0.16469   0.16135  -0.1283  0.0597  0.8095  -5.3250   0.0000   0.2814
  18.800   1.6441   0.16770   0.16440  -0.1305  0.0582  0.8099  -5.3349   0.0000   0.2824
  19.200   1.6339   0.17340   0.17018  -0.1347  0.0555  0.8109  -5.3630   0.0000   0.2841
  19.400   1.6303   0.17598   0.17281  -0.1367  0.0540  0.8115  -5.3845   0.0000   0.2848
  19.600   1.6249   0.17894   0.17580  -0.1390  0.0527  0.8121  -5.3949   0.0000   0.2858
  19.800   1.6211   0.18167   0.17856  -0.1413  0.0515  0.8128  -5.4125   0.0000   0.2867
  20.000   1.6199   0.18404   0.18097  -0.1432  0.0501  0.8135  -5.4432   0.0000   0.2872
  20.200   1.6162   0.18693   0.18390  -0.1458  0.0488  0.8142  -5.4584   0.0000   0.2883
  20.400   1.6134   0.18976   0.18675  -0.1484  0.0476  0.8149  -5.4768   0.0000   0.2893
  20.600   1.6131   0.19226   0.18929  -0.1507  0.0464  0.8157  -5.5079   0.0000   0.2901
  20.800   1.6122   0.19495   0.19203  -0.1533  0.0451  0.8165  -5.5339   0.0000   0.2910
  21.000   1.6117   0.19769   0.19479  -0.1561  0.0439  0.8173  -5.5624   0.0000   0.2920
  21.200   1.6112   0.20060   0.19773  -0.1591  0.0428  0.8183  -5.5911   0.0000   0.2932
  21.400   1.6138   0.20325   0.20042  -0.1621  0.0416  0.8194  -5.6361   0.0000   0.2940
  21.600   1.6177   0.20631   0.20351  -0.1658  0.0403  0.8208  -5.6830   0.0000   0.2953
  21.800   1.6199   0.20981   0.20703  -0.1701  0.0392  0.8220  -5.7160   0.0000   0.2970
  22.000   1.6190   0.21175   0.20901  -0.1718  0.0383  0.8223  -5.7502   0.0000   0.2973
  22.200   1.6175   0.21376   0.21106  -0.1736  0.0373  0.8226  -5.7803   0.0000   0.2978
  22.400   1.6146   0.21602   0.21335  -0.1758  0.0364  0.8230  -5.7999   0.0000   0.2986
  22.600   1.6113   0.21832   0.21566  -0.1779  0.0356  0.8233  -5.8164   0.0000   0.2994
  22.800   1.6103   0.22020   0.21758  -0.1797  0.0349  0.8238  -5.8484   0.0000   0.2998
  23.000   1.6093   0.22210   0.21952  -0.1815  0.0341  0.8242  -5.8794   0.0000   0.3002
  23.200   1.6072   0.22429   0.22174  -0.1836  0.0333  0.8247  -5.9006   0.0000   0.3009
  23.400   1.6056   0.22644   0.22391  -0.1858  0.0326  0.8251  -5.9244   0.0000   0.3016
  23.600   1.6045   0.22854   0.22603  -0.1880  0.0319  0.8256  -5.9506   0.0000   0.3023
  23.800   1.6043   0.23057   0.22810  -0.1902  0.0311  0.8261  -5.9813   0.0000   0.3028
  24.000   1.6040   0.23265   0.23022  -0.1924  0.0304  0.8266  -6.0105   0.0000   0.3034
  24.200   1.6037   0.23475   0.23235  -0.1948  0.0296  0.8271  -6.0390   0.0000   0.3041
  24.400   1.6029   0.23699   0.23459  -0.1973  0.0290  0.8277  -6.0626   0.0000   0.3049
  24.600   1.6031   0.23908   0.23672  -0.1997  0.0284  0.8283  -6.0919   0.0000   0.3056
  24.800   1.6042   0.24103   0.23871  -0.2020  0.0277  0.8289  -6.1277   0.0000   0.3061
  25.000   1.6052   0.24305   0.24077  -0.2044  0.0270  0.8296  -6.1612   0.0000   0.3067


